0 0.55390625 0.13671875 0.06796875 0.01953125
0 0.896875 0.14375 0.05234375 0.01796875
0 0.275 0.2484375 0.04140625 0.0171875
0 0.384375 0.33984375 0.0515625 0.02578125
0 0.13203125 0.41875 0.06328125 0.025
0 0.6359375 0.0328125 0.0421875 0.01796875
0 0.41796875 0.115625 0.05859375 0.02421875
0 0.096875 0.17109375 0.075 0.0234375
0 0.671875 0.509375 0.05390625 0.03359375
0 0.39921875 0.91875 0.05234375 0.0328125
0 0.4546875 0.84609375 0.05625 0.0234375
0 0.0859375 0.8390625 0.0828125 0.01875
0 0.4578125 0.746875 0.05234375 0.02109375
0 0.4296875 0.9765625 0.05390625 0.02421875
0 0.1515625 0.7640625 0.05625 0.03125
0 0.50546875 0.70703125 0.0484375 0.0296875
0 0.4265625 0.15 0.090625 0.0265625
0 0.16796875 0.5890625 0.0796875 0.02734375
0 0.390625 0.846875 0.075 0.02109375
0 0.0171875 0.35234375 0.03359375 0.02578125
0 0.66015625 0.68671875 0.04375 0.0328125
0 0.44609375 0.82734375 0.05390625 0.02421875
0 0.38203125 0.08046875 0.0609375 0.01796875
0 0.27421875 0.67734375 0.0515625 0.03125
0 0.390625 0.19921875 0.07421875 0.025
0 0.37421875 0.82421875 0.06015625 0.0265625
0 0.75546875 0.6734375 0.0453125 0.028125
0 0.81171875 0.23984375 0.06875 0.01640625
0 0.265625 0.14296875 0.04609375 0.025
0 0.45859375 0.63046875 0.03671875 0.0296875
0 0.884375 0.375 0.08125 0.021875
0 0.45859375 0.3921875 0.04140625 0.01953125
0 0.8703125 0.2296875 0.05625 0.02109375
0 0.28671875 0.46875 0.053125 0.0265625
0 0.8078125 0.58984375 0.04921875 0.0359375
0 0.19453125 0.06484375 0.0421875 0.0234375
0 0.675 0.78125 0.0625 0.025
0 0.946875 0.01171875 0.05625 0.0234375
0 0.378125 0.06484375 0.08359375 0.0171875
0 0.70390625 0.89765625 0.05546875 0.0171875
0 0.325 0.0234375 0.0625 0.0203125
0 0.0484375 0.353125 0.04609375 0.02421875
0 0.34375 0.403125 0.05 0.021875