0 0.5796875 0.0421875 0.040625 0.028125
0 0.609375 0.0921875 0.053125 0.03125
0 0.81796875 0.04140625 0.0296875 0.021875
0 0.75 0.0296875 0.034375 0.0171875
0 0.90625 0.0796875 0.040625 0.028125
0 0.8515625 0.13984375 0.040625 0.0234375
0 0.97109375 0.07734375 0.0203125 0.021875
0 0.36328125 0.13203125 0.06875 0.028125
0 0.24375 0.16171875 0.046875 0.021875
0 0.37578125 0.17421875 0.05 0.025
0 0.27578125 0.18125 0.05 0.025
0 0.1140625 0.1703125 0.06875 0.01875
0 0.08359375 0.3078125 0.0296875 0.028125
0 0.05703125 0.31640625 0.03125 0.021875
0 0.08515625 0.3390625 0.05 0.0203125
0 0.4921875 0.5203125 0.0453125 0.03125
0 0.17109375 0.5640625 0.025 0.028125
0 0.0734375 0.50859375 0.0375 0.03125
0 0.59296875 0.59140625 0.0375 0.0390625
0 0.74609375 0.49765625 0.034375 0.021875
0 0.7140625 0.6046875 0.0625 0.028125
0 0.94140625 0.4984375 0.04375 0.0265625
0 0.16015625 0.60546875 0.034375 0.025
0 0.353125 0.66796875 0.053125 0.025
0 0.35 0.7609375 0.065625 0.03125
0 0.61015625 0.765625 0.0453125 0.025
0 0.8234375 0.71796875 0.046875 0.025
0 0.6109375 0.8046875 0.046875 0.021875
0 0.85546875 0.8171875 0.05 0.0359375
0 0.93125 0.77890625 0.03125 0.015625
0 0.54375 0.88125 0.065625 0.040625
0 0.46171875 0.9 0.05 0.0203125