2 0.20625 0.0921875 0.06875 0.021875
2 0.140625 0.11953125 0.053125 0.025
2 0.1875 0.1125 0.034375 0.0171875
2 0.17890625 0.078125 0.05625 0.025
2 0.45078125 0.140625 0.065625 0.028125
2 0.66484375 0.0984375 0.065625 0.028125
2 0.703125 0.0875 0.071875 0.021875
2 0.8515625 0.03671875 0.065625 0.01875
2 0.78671875 0.14296875 0.0609375 0.040625
2 0.8703125 0.13984375 0.1 0.01875
2 0.6484375 0.2984375 0.053125 0.0234375
2 0.26171875 0.30390625 0.040625 0.025
2 0.03203125 0.31875 0.0640625 0.025
2 0.06640625 0.153125 0.059375 0.01875
2 0.0984375 0.17109375 0.04375 0.0234375
2 0.84453125 0.42109375 0.0875 0.0328125
2 0.76640625 0.42578125 0.05 0.03125
2 0.44921875 0.478125 0.05 0.0234375
2 0.5625 0.4515625 0.05625 0.025
2 0.12734375 0.42265625 0.0578125 0.021875
2 0.1140625 0.46640625 0.0328125 0.021875
2 0.21484375 0.553125 0.0359375 0.0375
2 0.1390625 0.64375 0.0640625 0.01875
2 0.31640625 0.665625 0.0671875 0.028125
2 0.37890625 0.61875 0.0515625 0.01875
2 0.734375 0.56328125 0.034375 0.0203125
2 0.6953125 0.60703125 0.046875 0.021875
2 0.8078125 0.65078125 0.05625 0.021875
2 0.853125 0.69375 0.0296875 0.0171875
2 0.353125 0.76015625 0.053125 0.025
2 0.41171875 0.7828125 0.071875 0.03125
2 0.046875 0.728125 0.05 0.025
2 0.1875 0.82421875 0.059375 0.03125
2 0.059375 0.84296875 0.0609375 0.025
2 0.6578125 0.44296875 0.0546875 0.0234375