2 0.10078125 0.35703125 0.025 0.090625
2 0.1125 0.53125 0.0265625 0.065625
2 0.14296875 0.67578125 0.034375 0.096875
2 0.0984375 0.71953125 0.0359375 0.065625
2 0.0390625 0.9109375 0.0359375 0.06875
2 0.0140625 0.84921875 0.0203125 0.06875
2 0.103125 0.909375 0.025 0.053125
2 0.26015625 0.64296875 0.03125 0.078125
2 0.2125 0.38125 0.025 0.059375
2 0.27734375 0.0890625 0.0234375 0.05
2 0.4625 0.5078125 0.053125 0.0625
2 0.5625 0.60390625 0.025 0.078125
2 0.6 0.53984375 0.0125 0.0359375
2 0.63828125 0.51875 0.028125 0.0390625
2 0.65625 0.61640625 0.025 0.0515625
2 0.5390625 0.84375 0.0375 0.0375
2 0.58671875 0.87890625 0.03125 0.025
2 0.71953125 0.89296875 0.021875 0.0859375
2 0.85234375 0.7046875 0.0328125 0.0578125
2 0.84453125 0.31953125 0.0234375 0.078125
2 0.85859375 0.10546875 0.021875 0.0765625
2 0.84609375 0.2015625 0.01875 0.040625
2 0.37890625 0.48984375 0.0375 0.09375