2 0.2859375 0.359375 0.0234375 0.0734375
2 0.12109375 0.34296875 0.0375 0.071875
2 0.0875 0.13671875 0.034375 0.05
2 0.178125 0.11640625 0.028125 0.0875
2 0.15390625 0.15703125 0.021875 0.078125
2 0.21875 0.30625 0.021875 0.0640625
2 0.12890625 0.5 0.028125 0.1
2 0.0953125 0.7140625 0.0140625 0.05625
2 0.11640625 0.8 0.025 0.065625
2 0.1203125 0.88359375 0.03125 0.06875
2 0.14453125 0.865625 0.028125 0.04375
2 0.20703125 0.75625 0.0296875 0.0625
2 0.42109375 0.8765625 0.0375 0.053125
2 0.40546875 0.7890625 0.025 0.0390625
2 0.4453125 0.7953125 0.0265625 0.04375
2 0.440625 0.571875 0.0265625 0.0875
2 0.37109375 0.33984375 0.025 0.071875
2 0.2546875 0.68828125 0.034375 0.08125
2 0.61953125 0.9515625 0.0421875 0.0640625
2 0.57734375 0.62421875 0.04375 0.0921875
2 0.603125 0.3859375 0.0390625 0.075
2 0.60078125 0.3 0.03125 0.0671875
2 0.8484375 0.44609375 0.021875 0.071875
2 0.8609375 0.5765625 0.0234375 0.04375
2 0.75234375 0.70703125 0.021875 0.040625
2 0.82421875 0.759375 0.028125 0.0609375
2 0.8046875 0.30859375 0.015625 0.071875
2 0.84296875 0.14765625 0.025 0.05
2 0.86015625 0.17421875 0.0203125 0.0671875
2 0.75078125 0.13359375 0.025 0.0515625
2 0.7046875 0.8515625 0.025 0.040625