0 0.93984375 0.6265625 0.021875 0.0625
0 0.92890625 0.96953125 0.025 0.0609375
0 0.9578125 0.7890625 0.025 0.0734375
0 0.8765625 0.8234375 0.0265625 0.0890625
0 0.89140625 0.79453125 0.028125 0.0625
0 0.8953125 0.903125 0.021875 0.0515625
0 0.8546875 0.89765625 0.015625 0.06875
0 0.8796875 0.5125 0.01875 0.06875
0 0.871875 0.1390625 0.0375 0.06875
0 0.85390625 0.2625 0.01875 0.0875
0 0.86171875 0.3375 0.0375 0.046875
0 0.79921875 0.20234375 0.01875 0.0703125
0 0.78515625 0.3796875 0.0296875 0.06875
0 0.70859375 0.3984375 0.0265625 0.04375
0 0.78671875 0.971875 0.040625 0.040625
0 0.67734375 0.05390625 0.021875 0.05
0 0.62109375 0.12578125 0.040625 0.046875
0 0.59921875 0.75234375 0.034375 0.046875
0 0.42578125 0.46171875 0.0375 0.04375
0 0.44140625 0.41796875 0.034375 0.053125
0 0.465625 0.475 0.028125 0.0734375
0 0.49765625 0.20703125 0.028125 0.05625
0 0.5015625 0.15 0.03125 0.046875
0 0.40703125 0.23828125 0.028125 0.0640625
0 0.3546875 0.1484375 0.025 0.04375
0 0.3859375 0.10859375 0.0296875 0.0515625
0 0.384375 0.7921875 0.034375 0.065625
0 0.4015625 0.8046875 0.021875 0.06875
0 0.4109375 0.609375 0.028125 0.0359375
0 0.3875 0.5265625 0.028125 0.0546875
0 0.3859375 0.96796875 0.0296875 0.0609375
0 0.4265625 0.97109375 0.025 0.05625
0 0.521875 0.9375 0.025 0.0609375
0 0.32265625 0.50703125 0.0203125 0.065625
0 0.2828125 0.2375 0.025 0.0875
0 0.35078125 0.33671875 0.040625 0.05
0 0.246875 0.478125 0.021875 0.05625
0 0.22734375 0.6890625 0.028125 0.0546875
0 0.225 0.840625 0.0265625 0.0640625
0 0.15078125 0.6875 0.0265625 0.0640625
0 0.090625 0.5453125 0.025 0.0703125
0 0.0375 0.45625 0.028125 0.0703125
0 0.04765625 0.52890625 0.025 0.0875
0 0.1734375 0.81015625 0.021875 0.0625
0 0.0484375 0.9734375 0.0296875 0.053125
0 0.32109375 0.06484375 0.0234375 0.040625
0 0.50390625 0.75 0.025 0.0453125
0 0.47109375 0.11171875 0.021875 0.04375