2 0.05625 0.18984375 0.025 0.090625
2 0.090625 0.41796875 0.028125 0.090625
2 0.15390625 0.8015625 0.01875 0.065625
2 0.14921875 0.759375 0.0125 0.078125
2 0.0828125 0.603125 0.0203125 0.0734375
2 0.0921875 0.62578125 0.0265625 0.053125
2 0.184375 0.22734375 0.034375 0.0484375
2 0.23203125 0.20859375 0.034375 0.0390625
2 0.14453125 0.3796875 0.028125 0.04375
2 0.11875 0.20078125 0.0234375 0.0484375
2 0.1515625 0.31328125 0.028125 0.065625
2 0.2078125 0.60390625 0.0140625 0.05625
2 0.1703125 0.6828125 0.0203125 0.040625
2 0.24921875 0.62421875 0.021875 0.0453125
2 0.24765625 0.2625 0.03125 0.05625
2 0.29453125 0.0609375 0.0375 0.0390625
2 0.290625 0.109375 0.0375 0.03125
2 0.34140625 0.12734375 0.028125 0.0359375
2 0.34921875 0.0484375 0.025 0.034375
2 0.421875 0.46796875 0.028125 0.046875
2 0.4328125 0.14921875 0.025 0.034375
2 0.5984375 0.29921875 0.028125 0.03125
2 0.58125 0.3421875 0.015625 0.040625
2 0.6 0.396875 0.034375 0.0609375
2 0.54453125 0.1671875 0.03125 0.03125
2 0.50859375 0.1515625 0.025 0.0375
2 0.740625 0.49609375 0.03125 0.0375
2 0.66015625 0.57265625 0.0265625 0.040625
2 0.85390625 0.82109375 0.025 0.053125
2 0.86640625 0.86328125 0.0203125 0.065625
2 0.87890625 0.81328125 0.015625 0.0515625
2 0.79921875 0.8265625 0.0203125 0.0546875
2 0.8234375 0.659375 0.021875 0.05625
2 0.809375 0.07890625 0.0140625 0.04375
2 0.74140625 0.059375 0.021875 0.046875
2 0.2296875 0.725 0.01875 0.0484375