0 0.03359375 0.0390625 0.0671875 0.021875
0 0.0328125 0.0109375 0.06484375 0.02109375
0 0.41640625 0.10390625 0.0703125 0.021875
0 0.10078125 0.140625 0.05 0.03359375
0 0.1984375 0.09921875 0.07578125 0.02265625
0 0.3140625 0.1359375 0.084375 0.02734375
0 0.48671875 0.07421875 0.09921875 0.0234375
0 0.61328125 0.071875 0.05 0.02734375
0 0.92265625 0.05390625 0.06484375 0.02265625
0 0.80078125 0.0140625 0.084375 0.0203125
0 0.8375 0.18046875 0.0578125 0.028125
0 0.88046875 0.13203125 0.09375 0.02265625
0 0.6078125 0.10625 0.07890625 0.01953125
0 0.0234375 0.1453125 0.046875 0.025
0 0.3859375 0.20703125 0.0625 0.021875
0 0.625 0.20703125 0.0609375 0.01640625
0 0.88984375 0.24765625 0.0578125 0.02890625
0 0.70390625 0.178125 0.0625 0.0265625
0 0.75078125 0.16640625 0.04453125 0.02734375
0 0.715625 0.2953125 0.05234375 0.03046875
0 0.04296875 0.37890625 0.06875 0.01875
0 0.19375 0.41015625 0.0640625 0.01875
0 0.05546875 0.47265625 0.06875 0.01953125
0 0.05703125 0.4625 0.05703125 0.0171875
0 0.63515625 0.709375 0.04140625 0.03515625
0 0.65859375 0.52421875 0.06484375 0.0140625
0 0.73125 0.48984375 0.06875 0.028125
0 0.771875 0.69140625 0.06875 0.02421875
0 0.10625 0.81953125 0.03671875 0.02421875
0 0.215625 0.77578125 0.05 0.02265625
0 0.56640625 0.7875 0.071875 0.0203125
0 0.06796875 0.73984375 0.071875 0.02109375
0 0.025 0.8546875 0.05 0.02265625
0 0.06796875 0.94609375 0.0765625 0.021875
0 0.39921875 0.9125 0.0625 0.0171875
0 0.2390625 0.81328125 0.0734375 0.02421875
0 0.103125 0.703125 0.046875 0.0296875
0 0.4046875 0.89609375 0.04453125 0.01953125
0 0.703125 0.8578125 0.06796875 0.02265625
0 0.57109375 0.92421875 0.0546875 0.02890625
0 0.8875 0.96171875 0.07734375 0.021875
0 0.8171875 0.071875 0.06953125 0.02421875