0 0.91484375 0.95625 0.028125 0.0875
0 0.91328125 0.409375 0.0265625 0.0734375
0 0.95703125 0.334375 0.025 0.059375
0 0.9875 0.334375 0.025 0.0734375
0 0.8421875 0.8078125 0.01875 0.0703125
0 0.81328125 0.9125 0.025 0.08125
0 0.64609375 0.77578125 0.015625 0.046875
0 0.71875 0.35625 0.025 0.0375
0 0.7609375 0.603125 0.021875 0.053125
0 0.7765625 0.54140625 0.0375 0.08125
0 0.49296875 0.1921875 0.021875 0.065625
0 0.60625 0.64375 0.03125 0.059375
0 0.534375 0.48203125 0.021875 0.0640625
0 0.509375 0.49609375 0.0390625 0.06875
0 0.3875 0.35 0.028125 0.059375
0 0.40625 0.42578125 0.028125 0.0796875
0 0.4328125 0.6765625 0.03125 0.071875
0 0.54921875 0.8125 0.0296875 0.0609375
0 0.5328125 0.57890625 0.028125 0.05625
0 0.47265625 0.8890625 0.0359375 0.0625
0 0.40390625 0.03046875 0.028125 0.0609375
0 0.328125 0.05859375 0.0234375 0.0703125
0 0.3171875 0.903125 0.028125 0.05
0 0.3609375 0.1046875 0.025 0.075
0 0.24765625 0.78984375 0.025 0.0515625
0 0.28125 0.69296875 0.028125 0.075
0 0.2515625 0.6921875 0.01875 0.075
0 0.26796875 0.61171875 0.025 0.04375
0 0.19453125 0.13046875 0.0234375 0.053125
0 0.2828125 0.2359375 0.03125 0.075
0 0.1921875 0.2953125 0.0234375 0.071875
0 0.0796875 0.6609375 0.028125 0.05625
0 0.16953125 0.21953125 0.021875 0.05625
0 0.1171875 0.5765625 0.021875 0.075
0 0.153125 0.640625 0.025 0.0625
0 0.29609375 0.32109375 0.021875 0.0453125
0 0.2546875 0.946875 0.025 0.0484375
0 0.04765625 0.11640625 0.025 0.0640625
0 0.89765625 0.8546875 0.0453125 0.06875
0 0.8921875 0.525 0.034375 0.065625
0 0.7390625 0.8953125 0.028125 0.0640625
0 0.08125 0.37109375 0.025 0.0765625
0 0.15625 0.04921875 0.03125 0.0421875
0 0.065625 0.04296875 0.021875 0.0859375
0 0.6296875 0.85390625 0.0234375 0.0421875
0 0.61953125 0.59140625 0.03125 0.0625
0 0.90390625 0.67109375 0.0296875 0.078125