0 0.890625 0.03203125 0.065625 0.0328125
0 0.590625 0.08359375 0.075 0.01875
0 0.8484375 0.12421875 0.0609375 0.028125
0 0.925 0.16875 0.065625 0.028125
0 0.94921875 0.15 0.05 0.0375
0 0.8875 0.2046875 0.06875 0.028125
0 0.8 0.209375 0.053125 0.025
0 0.14765625 0.06953125 0.059375 0.0203125
0 0.153125 0.03984375 0.05625 0.01875
0 0.10703125 0.01875 0.059375 0.01875
0 0.3671875 0.08984375 0.0625 0.021875
0 0.41640625 0.1453125 0.05625 0.021875
0 0.3 0.18984375 0.0734375 0.028125
0 0.47734375 0.28671875 0.0578125 0.0140625
0 0.36875 0.19375 0.065625 0.021875
0 0.88203125 0.29140625 0.06875 0.0171875
0 0.8015625 0.43046875 0.071875 0.03125
0 0.7484375 0.4875 0.05 0.015625
0 0.63515625 0.46015625 0.053125 0.015625
0 0.70546875 0.4625 0.046875 0.021875
0 0.1890625 0.53046875 0.0390625 0.028125
0 0.48046875 0.53125 0.05 0.0265625
0 0.8796875 0.58359375 0.0296875 0.028125
0 0.95234375 0.59765625 0.0390625 0.03125
0 0.71328125 0.66875 0.059375 0.0265625
0 0.55625 0.65078125 0.078125 0.0234375
0 0.4328125 0.66015625 0.0625 0.021875
0 0.51640625 0.7140625 0.065625 0.021875
0 0.703125 0.725 0.0578125 0.028125
0 0.67265625 0.7453125 0.0703125 0.0265625
0 0.10703125 0.66875 0.0375 0.03125
0 0.11015625 0.77578125 0.04375 0.025
0 0.11171875 0.75 0.071875 0.0296875
0 0.61015625 0.82109375 0.078125 0.0203125
0 0.67734375 0.82421875 0.0625 0.021875
0 0.66796875 0.79140625 0.0625 0.0171875
0 0.496875 0.82890625 0.065625 0.021875
0 0.328125 0.95390625 0.053125 0.025
0 0.45625 0.91640625 0.0359375 0.028125
0 0.53125 0.9234375 0.040625 0.03125
0 0.584375 0.915625 0.071875 0.025
0 0.58203125 0.59765625 0.0875 0.0234375