0 0.1328125 0.05078125 0.0796875 0.03125
0 0.4859375 0.0859375 0.084375 0.025
0 0.50390625 0.11796875 0.078125 0.021875
0 0.453125 0.13984375 0.059375 0.025
0 0.3734375 0.1671875 0.059375 0.0296875
0 0.15390625 0.13671875 0.06875 0.021875
0 0.25390625 0.125 0.0625 0.0328125
0 0.6921875 0.18046875 0.04375 0.034375
0 0.48046875 0.23125 0.0640625 0.0375
0 0.58515625 0.3171875 0.0515625 0.034375
0 0.72265625 0.371875 0.06875 0.0484375
0 0.3125 0.22109375 0.0859375 0.0375
0 0.7953125 0.07578125 0.05 0.0375
0 0.553125 0.0125 0.053125 0.025
0 0.34609375 0.32265625 0.06875 0.028125
0 0.340625 0.35546875 0.0796875 0.028125
0 0.11015625 0.50625 0.078125 0.01875
0 0.1109375 0.53828125 0.0859375 0.0203125
0 0.36015625 0.5265625 0.05 0.028125
0 0.403125 0.55703125 0.0515625 0.03125
0 0.65078125 0.59609375 0.0515625 0.03125
0 0.7953125 0.60703125 0.059375 0.025
0 0.8734375 0.6265625 0.059375 0.03125
0 0.72109375 0.640625 0.053125 0.028125
0 0.80859375 0.66875 0.03125 0.021875
0 0.48203125 0.63203125 0.0703125 0.025
0 0.390625 0.66875 0.0625 0.03125
0 0.48359375 0.671875 0.05625 0.025
0 0.5109375 0.59140625 0.0578125 0.034375
0 0.1484375 0.7203125 0.0625 0.03125
0 0.165625 0.66796875 0.071875 0.03125
0 0.146875 0.74921875 0.059375 0.0234375
0 0.15859375 0.77890625 0.0625 0.025
0 0.07421875 0.7734375 0.075 0.028125
0 0.24921875 0.8140625 0.06875 0.025
0 0.28203125 0.87734375 0.071875 0.025
0 0.27109375 0.85078125 0.0625 0.025
0 0.68125 0.84921875 0.06875 0.028125
0 0.71875 0.884375 0.04375 0.025
0 0.55859375 0.79296875 0.059375 0.028125
0 0.528125 0.76796875 0.04375 0.021875
0 0.671875 0.7546875 0.059375 0.025
0 0.82578125 0.765625 0.0359375 0.034375
0 0.77265625 0.25546875 0.065625 0.0234375