0 0.90078125 0.27890625 0.021875 0.053125
0 0.92578125 0.40078125 0.01875 0.046875
0 0.9171875 0.61171875 0.01875 0.06875
0 0.984375 0.76328125 0.021875 0.0609375
0 0.96953125 0.92109375 0.01875 0.053125
0 0.846875 0.775 0.01875 0.0546875
0 0.84375 0.94921875 0.01875 0.0484375
0 0.83203125 0.8390625 0.025 0.0625
0 0.671875 0.91171875 0.01875 0.0421875
0 0.8515625 0.5578125 0.021875 0.0515625
0 0.82109375 0.59609375 0.028125 0.040625
0 0.83828125 0.21640625 0.025 0.040625
0 0.690625 0.43671875 0.025 0.0515625
0 0.8078125 0.20390625 0.021875 0.05625
0 0.75390625 0.03984375 0.015625 0.05625
0 0.85234375 0.078125 0.028125 0.0421875
0 0.8875 0.0515625 0.015625 0.0484375
0 0.87421875 0.4859375 0.015625 0.04375
0 0.70546875 0.9671875 0.0203125 0.065625
0 0.6609375 0.25546875 0.0234375 0.075
0 0.33046875 0.6453125 0.0328125 0.040625
0 0.41484375 0.19609375 0.034375 0.053125
0 0.34375 0.11640625 0.0375 0.0546875
0 0.45390625 0.359375 0.0328125 0.05
0 0.5125 0.76796875 0.0234375 0.05
0 0.42421875 0.97578125 0.025 0.0484375
0 0.6046875 0.753125 0.028125 0.053125
0 0.27734375 0.70859375 0.025 0.046875
0 0.3375 0.86796875 0.0234375 0.053125
0 0.35703125 0.65546875 0.01875 0.0484375
0 0.30390625 0.015625 0.0375 0.03125
0 0.22421875 0.0203125 0.034375 0.040625
0 0.146875 0.13359375 0.0234375 0.0625
0 0.1859375 0.3140625 0.01875 0.05625
0 0.22734375 0.28203125 0.0234375 0.05625
0 0.13515625 0.20625 0.01875 0.0828125
0 0.15703125 0.3921875 0.021875 0.053125
0 0.1546875 0.42890625 0.021875 0.053125
0 0.178125 0.43671875 0.025 0.078125
0 0.10859375 0.16015625 0.03125 0.034375
0 0.0625 0.91953125 0.0265625 0.0625
0 0.06875 0.11015625 0.0328125 0.0609375
0 0.91484375 0.17734375 0.028125 0.078125
0 0.9484375 0.15546875 0.028125 0.05625
0 0.22109375 0.49609375 0.025 0.06875
0 0.7453125 0.84140625 0.01875 0.065625
0 0.10625 0.79921875 0.03125 0.065625
0 0.33359375 0.19765625 0.0296875 0.0484375
0 0.12421875 0.0703125 0.025 0.0625
0 0.06171875 0.025 0.021875 0.05
0 0.08359375 0.05546875 0.025 0.075
0 0.93828125 0.03828125 0.0234375 0.0765625