2 0.9578125 0.09765625 0.025 0.05
2 0.9640625 0.14453125 0.01875 0.04375
2 0.96171875 0.4609375 0.021875 0.075
2 0.8828125 0.83984375 0.015625 0.059375
2 0.865625 0.6109375 0.025 0.071875
2 0.8890625 0.36015625 0.021875 0.046875
2 0.8453125 0.05234375 0.015625 0.0546875
2 0.87109375 0.08515625 0.03125 0.040625
2 0.915625 0.3796875 0.015625 0.0546875
2 0.77421875 0.07578125 0.0328125 0.03125
2 0.7703125 0.1421875 0.0265625 0.04375
2 0.80234375 0.72890625 0.025 0.0546875
2 0.76484375 0.70703125 0.021875 0.046875
2 0.71328125 0.82734375 0.0375 0.0359375
2 0.73125 0.57421875 0.01875 0.059375
2 0.7046875 0.72890625 0.015625 0.065625
2 0.775 0.890625 0.021875 0.05
2 0.6359375 0.34140625 0.021875 0.0375
2 0.57578125 0.06796875 0.01875 0.0265625
2 0.37109375 0.16015625 0.028125 0.0203125
2 0.43828125 0.10546875 0.03125 0.0375
2 0.30625 0.18828125 0.021875 0.034375
2 0.3609375 0.534375 0.0125 0.05
2 0.375 0.49453125 0.01875 0.0625
2 0.3 0.0578125 0.025 0.040625
2 0.18828125 0.2765625 0.021875 0.0625
2 0.1671875 0.559375 0.021875 0.075
2 0.15625 0.67109375 0.0171875 0.046875
2 0.1359375 0.70078125 0.0328125 0.0390625
2 0.13984375 0.20859375 0.0125 0.0515625
2 0.21328125 0.0875 0.034375 0.0375
2 0.2328125 0.1015625 0.015625 0.0375
2 0.65546875 0.8609375 0.0171875 0.04375
2 0.85390625 0.4 0.0171875 0.05
2 0.8796875 0.2609375 0.025 0.03125
2 0.79296875 0.79609375 0.01875 0.05625
2 0.75234375 0.26328125 0.028125 0.0375