0 0.17578125 0.890625 0.040625 0.02734375
0 0.04921875 0.93203125 0.0390625 0.01953125
0 0.0515625 0.91328125 0.04375 0.0171875
0 0.33203125 0.86875 0.0421875 0.02578125
0 0.39375 0.85 0.046875 0.03828125
0 0.30859375 0.8421875 0.0453125 0.0203125
0 0.265625 0.81640625 0.0875 0.01875
0 0.23125 0.7578125 0.07265625 0.02109375
0 0.71328125 0.71015625 0.07265625 0.01484375
0 0.29765625 0.71015625 0.05703125 0.01484375
0 0.5484375 0.8515625 0.05078125 0.02265625
0 0.82578125 0.9015625 0.065625 0.02265625
0 0.43984375 0.784375 0.07734375 0.01640625
0 0.11640625 0.67265625 0.0484375 0.025
0 0.2375 0.66796875 0.05546875 0.021875
0 0.02421875 0.68828125 0.0484375 0.0359375
0 0.21171875 0.59140625 0.05234375 0.01875
0 0.91640625 0.64921875 0.0390625 0.0359375
0 0.27109375 0.53515625 0.040625 0.0296875
0 0.2171875 0.3390625 0.05703125 0.03984375
0 0.11015625 0.33359375 0.0703125 0.02734375
0 0.43828125 0.3109375 0.046875 0.02265625
0 0.0515625 0.24375 0.103125 0.0140625
0 0.8765625 0.26171875 0.07265625 0.034375
0 0.91796875 0.32265625 0.0390625 0.034375
0 0.928125 0.3578125 0.0421875 0.0296875
0 0.846875 0.165625 0.05859375 0.025
0 0.92734375 0.1625 0.040625 0.03046875
0 0.725 0.1671875 0.0875 0.03671875
0 0.6421875 0.17578125 0.05390625 0.02578125
0 0.52578125 0.15703125 0.05546875 0.02578125
0 0.72265625 0.0296875 0.065625 0.03125
0 0.21953125 0.07578125 0.1109375 0.0375
0 0.1640625 0.09765625 0.04375 0.0171875
0 0.04140625 0.15 0.05078125 0.021875
0 0.08515625 0.0625 0.065625 0.0328125
0 0.69609375 0.06640625 0.07734375 0.02265625
0 0.871875 0.040625 0.0609375 0.03203125
0 0.4796875 0.015625 0.096875 0.03125
0 0.76953125 0.396875 0.065625 0.04140625
0 0.7890625 0.50390625 0.05390625 0.04609375
0 0.51328125 0.65546875 0.04765625 0.040625
0 0.65625 0.84765625 0.103125 0.02734375
0 0.19140625 0.16171875 0.08359375 0.03046875