0 0.109375 0.01171875 0.04140625 0.02265625
0 0.10625 0.10859375 0.05546875 0.02265625
0 0.38828125 0.078125 0.053125 0.01875
0 0.39609375 0.05859375 0.0453125 0.0375
0 0.790625 0.05625 0.05859375 0.015625
0 0.8390625 0.046875 0.0625 0.0203125
0 0.7328125 0.0109375 0.078125 0.021875
0 0.28984375 0.14609375 0.0640625 0.0265625
0 0.7609375 0.1796875 0.0625 0.01875
0 0.621875 0.134375 0.0609375 0.01875
0 0.8265625 0.1453125 0.0609375 0.01796875
0 0.81875 0.10625 0.06640625 0.02890625
0 0.16953125 0.225 0.03046875 0.0296875
0 0.30078125 0.228125 0.04375 0.02421875
0 0.69140625 0.26796875 0.0640625 0.0265625
0 0.83359375 0.2375 0.06015625 0.025
0 0.9484375 0.18515625 0.0515625 0.021875
0 0.33671875 0.359375 0.06484375 0.0234375
0 0.58125 0.34921875 0.04140625 0.0265625
0 0.7734375 0.38125 0.07734375 0.01796875
0 0.49375 0.47734375 0.04375 0.02109375
0 0.6109375 0.475 0.046875 0.021875
0 0.74453125 0.44140625 0.06015625 0.02265625
0 0.85859375 0.45859375 0.05546875 0.01328125
0 0.83203125 0.42578125 0.07421875 0.02734375
0 0.02734375 0.5046875 0.0546875 0.021875
0 0.5921875 0.5765625 0.0625 0.01796875
0 0.80859375 0.53984375 0.07578125 0.0203125
0 0.1359375 0.6359375 0.0515625 0.0296875
0 0.15859375 0.62109375 0.04921875 0.03125
0 0.28984375 0.6859375 0.04765625 0.01875
0 0.37734375 0.6828125 0.0640625 0.01953125
0 0.49453125 0.7375 0.05546875 0.03203125
0 0.6203125 0.5953125 0.05859375 0.01875
0 0.7578125 0.61171875 0.03359375 0.01875
0 0.79375 0.61953125 0.03359375 0.0203125
0 0.8578125 0.50703125 0.06796875 0.0203125
0 0.09921875 0.778125 0.06796875 0.02265625
0 0.23203125 0.81328125 0.04921875 0.02109375
0 0.35625 0.8203125 0.07734375 0.01796875
0 0.4828125 0.80703125 0.0546875 0.01953125
0 0.65703125 0.765625 0.0359375 0.021875
0 0.646875 0.66953125 0.0359375 0.01796875
0 0.86484375 0.6921875 0.0453125 0.0203125
0 0.86875 0.73125 0.03203125 0.0234375
0 0.678125 0.8578125 0.0625 0.02734375
0 0.5890625 0.85234375 0.0640625 0.02421875
0 0.68671875 0.821875 0.053125 0.02109375
0 0.46796875 0.9109375 0.0609375 0.02890625
0 0.334375 0.87578125 0.0625 0.02265625
0 0.03515625 0.84296875 0.0546875 0.01953125
0 0.32578125 0.9640625 0.05546875 0.02890625
0 0.765625 0.94296875 0.071875 0.0234375
0 0.72265625 0.87734375 0.071875 0.021875