0 0.9609375 0.3296875 0.034375 0.0625
0 0.87109375 0.11953125 0.025 0.065625
0 0.8015625 0.22265625 0.03125 0.0875
0 0.7703125 0.4125 0.0265625 0.090625
0 0.70859375 0.51171875 0.03125 0.059375
0 0.75625 0.52421875 0.028125 0.0578125
0 0.68671875 0.72421875 0.03125 0.0578125
0 0.67890625 0.94453125 0.03125 0.0703125
0 0.7546875 0.07890625 0.0328125 0.065625
0 0.76171875 0.0265625 0.034375 0.0421875
0 0.6328125 0.12265625 0.025 0.0703125
0 0.59453125 0.53515625 0.028125 0.06875
0 0.60546875 0.4546875 0.028125 0.08125
0 0.46171875 0.775 0.03125 0.071875
0 0.4015625 0.49140625 0.01875 0.05625
0 0.40625 0.72265625 0.025 0.090625
0 0.34453125 0.6078125 0.025 0.05625
0 0.3859375 0.5203125 0.028125 0.059375
0 0.3953125 0.05703125 0.03125 0.0671875
0 0.2546875 0.103125 0.021875 0.0578125
0 0.22578125 0.05234375 0.021875 0.034375
0 0.30234375 0.44453125 0.01875 0.0375
0 0.16171875 0.13671875 0.028125 0.084375
0 0.1453125 0.17890625 0.021875 0.071875
0 0.1546875 0.64375 0.0421875 0.0625
0 0.12578125 0.2921875 0.0328125 0.065625
0 0.40078125 0.31328125 0.025 0.0734375
0 0.71953125 0.69296875 0.0171875 0.046875
0 0.75390625 0.5984375 0.021875 0.0625
0 0.5109375 0.5015625 0.028125 0.053125
0 0.93125 0.19140625 0.034375 0.065625
0 0.9484375 0.40234375 0.025 0.05
0 0.90078125 0.19375 0.021875 0.06875