0 0.87734375 0.73828125 0.028125 0.0625
0 0.9328125 0.553125 0.0265625 0.075
0 0.98125 0.49921875 0.028125 0.0734375
0 0.9265625 0.409375 0.0375 0.0640625
0 0.9640625 0.19140625 0.0296875 0.0875
0 0.88515625 0.11328125 0.028125 0.05
0 0.87421875 0.23984375 0.03125 0.06875
0 0.81953125 0.3265625 0.01875 0.0453125
0 0.78359375 0.1671875 0.01875 0.075
0 0.79375 0.02578125 0.01875 0.0484375
0 0.83828125 0.46640625 0.028125 0.040625
0 0.82578125 0.77265625 0.028125 0.04375
0 0.78984375 0.82109375 0.025 0.0609375
0 0.7578125 0.81640625 0.021875 0.0546875
0 0.76328125 0.74375 0.015625 0.0828125
0 0.7984375 0.97734375 0.021875 0.04375
0 0.7578125 0.3203125 0.0265625 0.0625
0 0.709375 0.07109375 0.0171875 0.0671875
0 0.64609375 0.3625 0.0171875 0.071875
0 0.66796875 0.67109375 0.028125 0.0765625
0 0.671875 0.72109375 0.025 0.053125
0 0.615625 0.80546875 0.0390625 0.06875
0 0.66328125 0.9109375 0.025 0.0421875
0 0.5703125 0.77734375 0.03125 0.0625
0 0.54765625 0.73671875 0.01875 0.046875
0 0.43203125 0.56953125 0.028125 0.06875
0 0.31015625 0.4078125 0.025 0.034375
0 0.31328125 0.0609375 0.025 0.071875
0 0.24921875 0.09375 0.03125 0.0359375
0 0.2984375 0.7125 0.04375 0.06875
0 0.33359375 0.8484375 0.021875 0.0578125
0 0.353125 0.80078125 0.021875 0.053125
0 0.1625 0.18671875 0.0296875 0.0625
0 0.1796875 0.23828125 0.025 0.0609375
0 0.153125 0.3171875 0.028125 0.04375
0 0.203125 0.47109375 0.025 0.059375
0 0.18671875 0.72265625 0.03125 0.0875
0 0.125 0.4046875 0.028125 0.0578125
0 0.075 0.51796875 0.015625 0.071875
0 0.08359375 0.16796875 0.01875 0.0890625
0 0.071875 0.1328125 0.0171875 0.08125
0 0.053125 0.1046875 0.0265625 0.084375
0 0.02734375 0.15546875 0.025 0.071875
0 0.02421875 0.34375 0.028125 0.06875