2 0.8265625 0.20078125 0.025 0.0640625
2 0.85703125 0.25703125 0.01875 0.0625
2 0.84453125 0.590625 0.028125 0.06875
2 0.753125 0.390625 0.021875 0.053125
2 0.80390625 0.43984375 0.01875 0.0625
2 0.74375 0.465625 0.0234375 0.0625
2 0.7109375 0.10625 0.025 0.0609375
2 0.75234375 0.0296875 0.0265625 0.053125
2 0.80078125 0.65390625 0.021875 0.04375
2 0.78046875 0.78046875 0.0203125 0.05625
2 0.7640625 0.90859375 0.0265625 0.0671875
2 0.65546875 0.87265625 0.0234375 0.053125
2 0.6359375 0.7984375 0.0265625 0.0515625
2 0.55078125 0.6609375 0.028125 0.078125
2 0.459375 0.8625 0.028125 0.065625
2 0.47265625 0.92734375 0.028125 0.05
2 0.40859375 0.934375 0.034375 0.0484375
2 0.2765625 0.91875 0.040625 0.05
2 0.253125 0.896875 0.025 0.05625
2 0.31015625 0.4953125 0.0359375 0.05
2 0.38828125 0.46875 0.034375 0.053125
2 0.39140625 0.26015625 0.0296875 0.0703125
2 0.18359375 0.4109375 0.028125 0.0890625
2 0.1765625 0.54765625 0.028125 0.071875
2 0.16640625 0.6078125 0.021875 0.06875
2 0.1765625 0.7859375 0.025 0.0859375
2 0.18046875 0.7 0.025 0.0625
2 0.07578125 0.91171875 0.0390625 0.090625
2 0.1234375 0.93046875 0.034375 0.04375
2 0.1296875 0.7 0.01875 0.0296875
2 0.1125 0.69609375 0.0140625 0.046875
2 0.12734375 0.67109375 0.0140625 0.028125
2 0.1015625 0.475 0.015625 0.053125
2 0.1421875 0.31484375 0.015625 0.05
2 0.153125 0.2015625 0.01875 0.05625
2 0.10234375 0.0234375 0.025 0.0234375