0 0.58359375 0.35234375 0.025 0.071875
0 0.53671875 0.22265625 0.021875 0.0828125
0 0.51953125 0.14921875 0.025 0.0734375
0 0.4859375 0.25625 0.034375 0.0625
0 0.8 0.646875 0.0390625 0.078125
0 0.7203125 0.5171875 0.04375 0.059375
0 0.8765625 0.11640625 0.0265625 0.065625
0 0.9453125 0.590625 0.034375 0.0546875
0 0.9734375 0.65703125 0.028125 0.078125
0 0.89921875 0.77734375 0.0265625 0.04375
0 0.70390625 0.9375 0.0359375 0.053125
0 0.6875 0.88515625 0.021875 0.0578125
0 0.65390625 0.98046875 0.0234375 0.0390625
0 0.51796875 0.86953125 0.0265625 0.040625
0 0.54453125 0.4625 0.0140625 0.0546875
0 0.51640625 0.3953125 0.021875 0.0609375
0 0.4609375 0.871875 0.04375 0.090625
0 0.4140625 0.609375 0.025 0.059375
0 0.3625 0.56640625 0.0203125 0.04375
0 0.375 0.62890625 0.034375 0.0515625
0 0.31640625 0.528125 0.0375 0.040625
0 0.31328125 0.36875 0.0265625 0.059375
0 0.33984375 0.40078125 0.01875 0.040625
0 0.3484375 0.165625 0.028125 0.046875
0 0.26015625 0.2484375 0.01875 0.0484375
0 0.290625 0.2546875 0.025 0.0625
0 0.25234375 0.3546875 0.028125 0.05
0 0.20859375 0.40859375 0.0296875 0.05
0 0.17890625 0.47265625 0.01875 0.05625
0 0.19765625 0.2890625 0.0265625 0.059375
0 0.1609375 0.67421875 0.025 0.04375