0 0.7 0.03828125 0.078125 0.021875
0 0.5984375 0.034375 0.0875 0.028125
0 0.7625 0.05078125 0.0765625 0.015625
0 0.91953125 0.05859375 0.034375 0.0375
0 0.84453125 0.13125 0.0546875 0.015625
0 0.94921875 0.11484375 0.059375 0.0203125
0 0.65859375 0.16171875 0.06875 0.015625
0 0.67734375 0.15234375 0.0296875 0.0265625
0 0.43359375 0.1359375 0.059375 0.009375
0 0.025 0.034375 0.05 0.028125
0 0.20546875 0.10703125 0.0703125 0.01875
0 0.04453125 0.140625 0.05 0.025
0 0.259375 0.1546875 0.05 0.0234375
0 0.37734375 0.15859375 0.06875 0.0265625
0 0.065625 0.184375 0.0578125 0.01875
0 0.11953125 0.165625 0.06875 0.0234375
0 0.2109375 0.21484375 0.053125 0.0234375
0 0.36015625 0.23984375 0.0625 0.028125
0 0.353125 0.22109375 0.065625 0.015625
0 0.68203125 0.23671875 0.04375 0.028125
0 0.35546875 0.321875 0.0421875 0.0234375
0 0.35703125 0.29609375 0.05625 0.03125
0 0.209375 0.340625 0.034375 0.0296875
0 0.15 0.3375 0.0625 0.021875
0 0.0671875 0.3046875 0.0625 0.021875
0 0.0390625 0.21953125 0.0375 0.0203125
0 0.63359375 0.35234375 0.05 0.0265625
0 0.2703125 0.453125 0.05 0.0171875
0 0.23046875 0.428125 0.0640625 0.021875
0 0.4 0.571875 0.06875 0.0203125
0 0.5828125 0.6953125 0.0375 0.03125
0 0.8125 0.74453125 0.065625 0.0234375
0 0.390625 0.73359375 0.053125 0.021875
0 0.29296875 0.70234375 0.05625 0.025
0 0.909375 0.77734375 0.025 0.03125
0 0.93828125 0.66640625 0.0484375 0.0375
0 0.93984375 0.7203125 0.0375 0.03125
0 0.853125 0.85703125 0.0703125 0.0265625
0 0.6203125 0.846875 0.071875 0.021875
0 0.41640625 0.8828125 0.0703125 0.021875
0 0.5546875 0.89765625 0.078125 0.021875
0 0.6328125 0.9765625 0.0640625 0.025
0 0.40859375 0.98046875 0.053125 0.025
0 0.84453125 0.95546875 0.0828125 0.01875
0 0.59453125 0.8265625 0.08125 0.0171875
0 0.78984375 0.9234375 0.084375 0.025