0 0.16328125 0.02734375 0.0234375 0.0546875
0 0.11484375 0.8609375 0.01875 0.046875
0 0.1234375 0.6 0.01875 0.06875
0 0.07890625 0.2578125 0.01875 0.053125
0 0.2859375 0.35234375 0.0171875 0.040625
0 0.32421875 0.6078125 0.025 0.0515625
0 0.26484375 0.96640625 0.025 0.0625
0 0.0375 0.178125 0.028125 0.0421875
0 0.1234375 0.865625 0.025 0.059375
0 0.21171875 0.94375 0.0234375 0.075
0 0.62109375 0.54453125 0.034375 0.053125
0 0.72265625 0.1375 0.025 0.046875
0 0.775 0.2671875 0.0234375 0.053125
0 0.80546875 0.775 0.0328125 0.0515625
0 0.88984375 0.58671875 0.0234375 0.05625
0 0.88203125 0.85234375 0.01875 0.0828125
0 0.75390625 0.52734375 0.021875 0.053125
0 0.890625 0.4 0.025 0.078125
0 0.85390625 0.91328125 0.03125 0.05625
0 0.2140625 0.028125 0.028125 0.05625
0 0.7796875 0.55078125 0.0296875 0.0484375
0 0.86484375 0.82734375 0.025 0.0765625
0 0.096875 0.57734375 0.0265625 0.090625
0 0.371875 0.11640625 0.028125 0.0796875
0 0.85078125 0.4734375 0.021875 0.075
0 0.36796875 0.9828125 0.025 0.034375
0 0.9609375 0.77421875 0.0265625 0.071875
0 0.74609375 0.978125 0.0328125 0.04375
0 0.8171875 0.625 0.025 0.053125
0 0.14375 0.9265625 0.01875 0.0609375
0 0.67109375 0.78046875 0.03125 0.0515625
0 0.11640625 0.30625 0.03125 0.040625
0 0.16484375 0.65078125 0.025 0.075
0 0.13203125 0.91171875 0.015625 0.059375
0 0.81640625 0.27265625 0.034375 0.0734375
0 0.6671875 0.16484375 0.028125 0.0453125
0 0.68515625 0.0328125 0.028125 0.0390625
0 0.03203125 0.54453125 0.015625 0.06875
0 0.0765625 0.725 0.025 0.046875
0 0.43046875 0.17265625 0.0296875 0.0375