0 0.8703125 0.0375 0.0171875 0.075
0 0.828125 0.0671875 0.040625 0.0609375
0 0.9328125 0.90234375 0.028125 0.08125
0 0.8078125 0.41796875 0.0296875 0.05625
0 0.82734375 0.4375 0.01875 0.075
0 0.8 0.46171875 0.01875 0.0375
0 0.85703125 0.690625 0.0234375 0.0640625
0 0.871875 0.7546875 0.025 0.05625
0 0.82421875 0.7796875 0.021875 0.0515625
0 0.765625 0.775 0.025 0.05
0 0.7734375 0.7921875 0.0234375 0.0453125
0 0.7609375 0.690625 0.0203125 0.059375
0 0.77578125 0.9125 0.025 0.0375
0 0.7734375 0.9625 0.0234375 0.046875
0 0.703125 0.9703125 0.021875 0.059375
0 0.6296875 0.56875 0.021875 0.065625
0 0.5875 0.871875 0.01875 0.04375
0 0.6453125 0.14453125 0.028125 0.05
0 0.5265625 0.4359375 0.03125 0.0375
0 0.49375 0.05859375 0.021875 0.0625
0 0.49453125 0.25078125 0.0171875 0.065625
0 0.45234375 0.15 0.028125 0.034375
0 0.459375 0.1734375 0.021875 0.053125
0 0.3875 0.4109375 0.015625 0.0484375
0 0.41015625 0.40703125 0.0265625 0.05
0 0.4453125 0.69921875 0.028125 0.053125
0 0.47734375 0.79140625 0.01875 0.071875
0 0.31796875 0.34765625 0.01875 0.065625
0 0.3 0.21171875 0.021875 0.053125
0 0.221875 0.578125 0.0203125 0.053125
0 0.21171875 0.49765625 0.0265625 0.06875
0 0.21171875 0.084375 0.015625 0.053125
0 0.23203125 0.109375 0.021875 0.0546875
0 0.24453125 0.11875 0.015625 0.05625
0 0.2265625 0.03828125 0.0203125 0.0625
0 0.16640625 0.5203125 0.021875 0.046875
0 0.15546875 0.58828125 0.015625 0.05
0 0.15703125 0.40390625 0.0265625 0.053125
0 0.16484375 0.428125 0.021875 0.0625
0 0.159375 0.23125 0.021875 0.0546875
0 0.10546875 0.0125 0.03125 0.025
0 0.19296875 0.240625 0.021875 0.05625
0 0.18046875 0.721875 0.0234375 0.0625
0 0.19375 0.6078125 0.021875 0.065625
0 0.0296875 0.359375 0.0234375 0.059375
0 0.07890625 0.87890625 0.0296875 0.0609375
0 0.065625 0.89609375 0.03125 0.05