0 0.43046875 0.13671875 0.046875 0.021875
0 0.334375 0.1921875 0.0625 0.028125
0 0.1765625 0.16015625 0.04375 0.01875
0 0.1453125 0.19609375 0.0625 0.028125
0 0.234375 0.13359375 0.05625 0.028125
0 0.2296875 0.121875 0.040625 0.0171875
0 0.0859375 0.23359375 0.046875 0.01875
0 0.25859375 0.33671875 0.046875 0.028125
0 0.18046875 0.396875 0.05 0.0265625
0 0.7609375 0.14609375 0.05625 0.0171875
0 0.84375 0.1875 0.084375 0.0234375
0 0.83359375 0.14296875 0.034375 0.01875
0 0.64609375 0.4734375 0.04375 0.01875
0 0.78359375 0.4859375 0.053125 0.015625
0 0.7453125 0.50234375 0.0390625 0.0203125
0 0.9484375 0.50390625 0.0375 0.015625
0 0.41875 0.48046875 0.040625 0.0171875
0 0.22578125 0.5125 0.0390625 0.03125
0 0.07734375 0.503125 0.05 0.021875
0 0.309375 0.5703125 0.046875 0.021875
0 0.5671875 0.59375 0.03125 0.021875
0 0.5921875 0.57265625 0.05 0.0203125
0 0.5125 0.6046875 0.0375 0.021875
0 0.71640625 0.59765625 0.04375 0.015625
0 0.6984375 0.58203125 0.0375 0.01875
0 0.61796875 0.75703125 0.040625 0.01875
0 0.809375 0.784375 0.034375 0.015625
0 0.9453125 0.71796875 0.040625 0.01875
0 0.46328125 0.771875 0.05625 0.01875
0 0.38359375 0.78046875 0.0375 0.0171875
0 0.32421875 0.8671875 0.0453125 0.01875
0 0.32578125 0.91015625 0.040625 0.01875
0 0.87734375 0.865625 0.03125 0.015625
0 0.803125 0.8390625 0.0421875 0.015625
0 0.89765625 0.8109375 0.06875 0.015625
0 0.421875 0.825 0.040625 0.0125
0 0.36328125 0.82890625 0.028125 0.0125