2 0.18671875 0.04921875 0.0796875 0.0203125
2 0.4890625 0.10625 0.059375 0.02265625
2 0.74375 0.1109375 0.08671875 0.0171875
2 0.746875 0.09609375 0.059375 0.01640625
2 0.43515625 0.1546875 0.0546875 0.0265625
2 0.15859375 0.17578125 0.040625 0.028125
2 0.16640625 0.09140625 0.06015625 0.02109375
2 0.0671875 0.23828125 0.05546875 0.01875
2 0.06796875 0.38203125 0.04609375 0.03515625
2 0.2234375 0.340625 0.0484375 0.0453125
2 0.3859375 0.41875 0.04765625 0.03828125
2 0.15859375 0.49765625 0.03515625 0.02578125
2 0.4671875 0.6125 0.03671875 0.040625
2 0.3890625 0.59140625 0.03203125 0.0265625
2 0.09140625 0.58828125 0.0453125 0.0296875
2 0.1453125 0.71640625 0.04609375 0.03125
2 0.14296875 0.77578125 0.04375 0.021875
2 0.27890625 0.84765625 0.06640625 0.021875
2 0.4078125 0.8296875 0.05546875 0.02421875
2 0.46484375 0.8015625 0.071875 0.02265625
2 0.728125 0.8359375 0.059375 0.02265625
2 0.38359375 0.7578125 0.0734375 0.02421875
2 0.271875 0.70703125 0.0453125 0.02421875
2 0.203125 0.77578125 0.04375 0.03203125
2 0.5328125 0.4640625 0.0484375 0.02109375
2 0.9234375 0.15 0.0484375 0.02265625
2 0.9375 0.0484375 0.078125 0.02109375
2 0.22890625 0.10625 0.04609375 0.028125
2 0.26484375 0.0875 0.059375 0.02421875