0 0.05703125 0.67890625 0.028125 0.0875
0 0.11640625 0.5234375 0.0265625 0.0734375
0 0.03203125 0.24296875 0.025 0.059375
0 0.09140625 0.196875 0.03125 0.0625
0 0.14296875 0.2515625 0.025 0.0734375
0 0.1375 0.771875 0.01875 0.0703125
0 0.18671875 0.9125 0.025 0.08125
0 0.325 0.8359375 0.015625 0.046875
0 0.31484375 0.94609375 0.025 0.0375
0 0.34296875 0.928125 0.021875 0.053125
0 0.53515625 0.5328125 0.0375 0.08125
0 0.490625 0.1921875 0.021875 0.065625
0 0.5 0.24609375 0.03125 0.059375
0 0.49140625 0.046875 0.021875 0.0640625
0 0.60234375 0.47890625 0.0390625 0.06875
0 0.58828125 0.38515625 0.028125 0.059375
0 0.60703125 0.2640625 0.028125 0.0796875
0 0.55625 0.85 0.03125 0.071875
0 0.603125 0.78984375 0.0296875 0.0609375
0 0.6453125 0.7125 0.028125 0.05625
0 0.6828125 0.47578125 0.0359375 0.0625
0 0.64921875 0.06171875 0.028125 0.0609375
0 0.715625 0.33359375 0.0234375 0.0703125
0 0.66953125 0.90234375 0.028125 0.05
0 0.734375 0.83984375 0.025 0.075
0 0.75234375 0.78984375 0.025 0.0515625
0 0.71875 0.69296875 0.028125 0.075
0 0.7484375 0.6921875 0.01875 0.075
0 0.7703125 0.4625 0.025 0.04375
0 0.85 0.08203125 0.0234375 0.053125
0 0.83984375 0.23671875 0.03125 0.075
0 0.80859375 0.3078125 0.0234375 0.071875
0 0.92109375 0.46484375 0.028125 0.05625
0 0.8875 0.04375 0.021875 0.05625
0 0.8828125 0.5765625 0.021875 0.075
0 0.91484375 0.94140625 0.025 0.0625
0 0.83828125 0.85859375 0.021875 0.0453125
0 0.85546875 0.92890625 0.025 0.05
0 0.96796875 0.42890625 0.025 0.0640625