0 0.7328125 0.5859375 0.0296875 0.075
0 0.88671875 0.4875 0.040625 0.0640625
0 0.87734375 0.59609375 0.04375 0.05625
0 0.859375 0.30078125 0.03125 0.1046875
0 0.8828125 0.16640625 0.021875 0.075
0 0.86015625 0.04609375 0.0203125 0.034375
0 0.8046875 0.16796875 0.025 0.0859375
0 0.784375 0.28203125 0.034375 0.075
0 0.71484375 0.23984375 0.0375 0.084375
0 0.625 0.2484375 0.03125 0.071875
0 0.60859375 0.703125 0.0421875 0.05625
0 0.6296875 0.4140625 0.0453125 0.090625
0 0.715625 0.4734375 0.0453125 0.09375
0 0.68984375 0.33203125 0.05 0.0859375
0 0.6390625 0.92890625 0.0265625 0.0796875
0 0.43359375 0.7125 0.03125 0.08125
0 0.3921875 0.68046875 0.0359375 0.0875
0 0.47421875 0.31953125 0.040625 0.0796875
0 0.46640625 0.8109375 0.028125 0.053125
0 0.34765625 0.79765625 0.028125 0.0859375
0 0.32890625 0.628125 0.0296875 0.1046875
0 0.22421875 0.46171875 0.025 0.115625
0 0.2671875 0.47265625 0.03125 0.090625
0 0.17890625 0.7171875 0.034375 0.075
0 0.12734375 0.33515625 0.028125 0.1375
0 0.06953125 0.334375 0.03125 0.078125
0 0.1109375 0.0515625 0.034375 0.071875
0 0.13828125 0.54296875 0.034375 0.1
0 0.1609375 0.353125 0.0296875 0.075
0 0.4828125 0.43125 0.034375 0.065625