0 0.92734375 0.2015625 0.025 0.05
0 0.89296875 0.51015625 0.015625 0.0375
0 0.86015625 0.19296875 0.025 0.046875
0 0.8265625 0.30859375 0.01875 0.046875
0 0.79453125 0.2078125 0.0328125 0.0484375
0 0.78203125 0.3203125 0.0203125 0.0453125
0 0.6734375 0.4765625 0.0265625 0.046875
0 0.79453125 0.4890625 0.0328125 0.04375
0 0.7953125 0.54375 0.0328125 0.04375
0 0.76484375 0.89765625 0.0390625 0.025
0 0.7921875 0.9015625 0.03125 0.0421875
0 0.83671875 0.63046875 0.034375 0.040625
0 0.8515625 0.54375 0.034375 0.06875
0 0.85859375 0.0671875 0.0203125 0.05
0 0.83046875 0.11640625 0.034375 0.0703125
0 0.61484375 0.83046875 0.028125 0.05
0 0.44453125 0.75390625 0.028125 0.05625
0 0.4640625 0.78515625 0.034375 0.034375
0 0.46171875 0.5140625 0.0171875 0.053125
0 0.48671875 0.59140625 0.0171875 0.0375
0 0.42734375 0.34453125 0.0265625 0.0625
0 0.453125 0.340625 0.015625 0.05
0 0.51015625 0.26796875 0.01875 0.071875
0 0.48046875 0.2859375 0.0328125 0.04375
0 0.50625 0.0828125 0.021875 0.0890625
0 0.29765625 0.23828125 0.028125 0.040625
0 0.325 0.2484375 0.021875 0.0296875
0 0.3796875 0.4234375 0.025 0.028125
0 0.3765625 0.47421875 0.03125 0.059375
0 0.24296875 0.5234375 0.03125 0.040625
0 0.21953125 0.340625 0.028125 0.075
0 0.18359375 0.6125 0.0234375 0.0609375
0 0.13515625 0.28671875 0.028125 0.05625
0 0.10703125 0.39453125 0.025 0.084375
0 0.190625 0.11953125 0.028125 0.0375
0 0.23828125 0.75234375 0.0375 0.0375