0 0.95625 0.06875 0.0796875 0.0234375
0 0.97265625 0.1328125 0.0546875 0.0375
0 0.925 0.13125 0.06171875 0.028125
0 0.75703125 0.14140625 0.06015625 0.02578125
0 0.425 0.04453125 0.0921875 0.0390625
0 0.28359375 0.0171875 0.09140625 0.0265625
0 0.06875 0.0359375 0.0796875 0.01796875
0 0.38125 0.11484375 0.05859375 0.0265625
0 0.21328125 0.1265625 0.07109375 0.02109375
0 0.19921875 0.08515625 0.059375 0.0296875
0 0.11484375 0.13515625 0.0859375 0.0265625
0 0.0703125 0.1828125 0.09765625 0.0296875
0 0.3734375 0.22890625 0.06171875 0.0328125
0 0.33203125 0.19921875 0.04140625 0.02890625
0 0.5796875 0.26328125 0.0671875 0.0359375
0 0.89765625 0.290625 0.0453125 0.0171875
0 0.70234375 0.3421875 0.07421875 0.02265625
0 0.1890625 0.2765625 0.06953125 0.04453125
0 0.36015625 0.34921875 0.06796875 0.0453125
0 0.6484375 0.4875 0.0828125 0.0359375
0 0.2265625 0.63359375 0.046875 0.03671875
0 0.15078125 0.59375 0.08046875 0.02109375
0 0.390625 0.5765625 0.0640625 0.025
0 0.3 0.5734375 0.05 0.0359375
0 0.84453125 0.578125 0.0546875 0.02890625
0 0.7578125 0.67734375 0.05625 0.03671875
0 0.5765625 0.675 0.0765625 0.025
0 0.02890625 0.6953125 0.0578125 0.01875
0 0.15546875 0.6875 0.0578125 0.02109375
0 0.53125 0.78203125 0.078125 0.02578125
0 0.68671875 0.73984375 0.0453125 0.02265625
0 0.409375 0.7765625 0.0484375 0.0234375
0 0.74375 0.7375 0.0421875 0.02421875
0 0.79296875 0.83828125 0.05859375 0.025
0 0.91953125 0.890625 0.06171875 0.0265625
0 0.65625 0.9703125 0.05078125 0.02734375
0 0.6890625 0.80546875 0.075 0.01796875
0 0.03671875 0.859375 0.0734375 0.01953125
0 0.265625 0.86875 0.06796875 0.01796875
0 0.3015625 0.8765625 0.08828125 0.01953125
0 0.21875 0.78359375 0.0609375 0.02734375
0 0.25 0.82109375 0.0375 0.02265625
0 0.16875 0.8296875 0.05546875 0.0171875
0 0.10546875 0.84609375 0.103125 0.01953125
0 0.22890625 0.9421875 0.07578125 0.03125
0 0.11875 0.9515625 0.07890625 0.0296875
0 0.325 0.90625 0.06796875 0.0265625
0 0.53125 0.965625 0.0546875 0.0265625
0 0.365625 0.6359375 0.0453125 0.0265625
0 0.25390625 0.68671875 0.07265625 0.02421875