2 0.08828125 0.0328125 0.05703125 0.0375
2 0.10859375 0.01640625 0.06796875 0.03203125
2 0.39765625 0.09296875 0.09453125 0.01953125
2 0.64296875 0.084375 0.0453125 0.02578125
2 0.7171875 0.09140625 0.05546875 0.02578125
2 0.84921875 0.12109375 0.0734375 0.0265625
2 0.13359375 0.1140625 0.071875 0.03046875
2 0.6125 0.2203125 0.04140625 0.0328125
2 0.72109375 0.1859375 0.06640625 0.0203125
2 0.825 0.23359375 0.046875 0.03515625
2 0.9484375 0.22421875 0.05859375 0.02421875
2 0.62109375 0.30078125 0.05859375 0.01640625
2 0.76171875 0.30625 0.0515625 0.02109375
2 0.01484375 0.2765625 0.02890625 0.03515625
2 0.07890625 0.2796875 0.0359375 0.0265625
2 0.11796875 0.3078125 0.04140625 0.03203125
2 0.13671875 0.3171875 0.02890625 0.03828125
2 0.5234375 0.37578125 0.0359375 0.0359375
2 0.44140625 0.4515625 0.06953125 0.02265625
2 0.05546875 0.534375 0.0359375 0.040625
2 0.46953125 0.61328125 0.05546875 0.028125
2 0.26171875 0.684375 0.040625 0.028125
2 0.41171875 0.73359375 0.05390625 0.025
2 0.4875 0.76484375 0.05546875 0.02421875
2 0.621875 0.7578125 0.075 0.02734375
2 0.734375 0.75703125 0.05 0.03203125
2 0.3453125 0.86640625 0.04296875 0.01953125
2 0.28984375 0.8171875 0.05390625 0.0171875
2 0.8984375 0.83046875 0.04140625 0.02265625
2 0.87734375 0.82109375 0.0390625 0.021875