2 0.3234375 0.08828125 0.021875 0.05625
2 0.26640625 0.34296875 0.03125 0.0421875
2 0.1671875 0.125 0.025 0.05625
2 0.159375 0.484375 0.015625 0.05625
2 0.16953125 0.60546875 0.0140625 0.0375
2 0.190625 0.62109375 0.01875 0.0515625
2 0.26328125 0.471875 0.021875 0.0484375
2 0.30078125 0.759375 0.028125 0.0640625
2 0.19921875 0.8765625 0.028125 0.046875
2 0.34921875 0.83671875 0.01875 0.053125
2 0.49140625 0.91875 0.021875 0.05
2 0.465625 0.60078125 0.021875 0.040625
2 0.4328125 0.684375 0.021875 0.0328125
2 0.59765625 0.3890625 0.015625 0.05625
2 0.6046875 0.5 0.01875 0.0515625
2 0.765625 0.8484375 0.0234375 0.028125
2 0.72578125 0.9359375 0.0125 0.028125
2 0.91875 0.92265625 0.0234375 0.046875
2 0.878125 0.59765625 0.01875 0.071875
2 0.83671875 0.596875 0.015625 0.0375
2 0.85703125 0.7484375 0.009375 0.0375
2 0.8359375 0.33125 0.025 0.046875
2 0.81015625 0.33125 0.01875 0.0640625
2 0.82421875 0.115625 0.034375 0.0578125
2 0.89140625 0.2375 0.0265625 0.075
2 0.85078125 0.0609375 0.01875 0.05625
2 0.63671875 0.590625 0.03125 0.05
2 0.70234375 0.45703125 0.021875 0.0625
2 0.7234375 0.5234375 0.01875 0.065625
2 0.38515625 0.16953125 0.025 0.040625
2 0.38515625 0.32890625 0.025 0.04375
2 0.35859375 0.3328125 0.0265625 0.0453125