0 0.534375 0.0703125 0.04609375 0.0203125
0 0.70234375 0.1015625 0.04453125 0.02421875
0 0.48125 0.121875 0.04609375 0.0265625
0 0.5484375 0.134375 0.08515625 0.02421875
0 0.6109375 0.16484375 0.040625 0.0296875
0 0.421875 0.14140625 0.08359375 0.02578125
0 0.246875 0.1390625 0.12265625 0.03125
0 0.296875 0.22109375 0.14375 0.03828125
0 0.38359375 0.25390625 0.10234375 0.0546875
0 0.5328125 0.26015625 0.06328125 0.0421875
0 0.82421875 0.29609375 0.0890625 0.04921875
0 0.48515625 0.446875 0.04921875 0.03125
0 0.3671875 0.47734375 0.071875 0.025
0 0.2453125 0.6171875 0.05625 0.046875
0 0.309375 0.6296875 0.05078125 0.03125
0 0.33203125 0.6796875 0.0359375 0.02578125
0 0.27734375 0.71875 0.08515625 0.02421875
0 0.51640625 0.70546875 0.04765625 0.03515625
0 0.60703125 0.753125 0.07890625 0.04765625
0 0.7296875 0.68515625 0.11640625 0.0390625
0 0.74609375 0.55234375 0.04296875 0.02890625
0 0.53828125 0.86328125 0.07890625 0.03359375
0 0.63359375 0.85 0.0375 0.02890625
0 0.5125 0.803125 0.0515625 0.0390625
0 0.35546875 0.84609375 0.053125 0.0203125
0 0.1078125 0.85390625 0.06328125 0.01953125
0 0.225 0.7984375 0.06640625 0.03359375
0 0.94453125 0.61953125 0.0390625 0.03125
0 0.78359375 0.41953125 0.06953125 0.02578125