0 0.09765625 0.7234375 0.021875 0.0703125
0 0.1109375 0.9078125 0.0203125 0.0375
0 0.1484375 0.86953125 0.015625 0.0375
0 0.16796875 0.83828125 0.015625 0.0484375
0 0.19140625 0.9421875 0.021875 0.034375
0 0.17734375 0.94921875 0.015625 0.04375
0 0.090625 0.475 0.028125 0.040625
0 0.13125 0.47421875 0.0140625 0.05625
0 0.1375 0.56796875 0.0125 0.034375
0 0.01796875 0.48125 0.021875 0.0578125
0 0.06796875 0.43125 0.015625 0.05625
0 0.10078125 0.284375 0.0171875 0.0453125
0 0.1171875 0.0953125 0.021875 0.040625
0 0.1671875 0.2921875 0.01875 0.034375
0 0.209375 0.5046875 0.021875 0.0328125
0 0.25546875 0.78984375 0.01875 0.046875
0 0.20625 0.8109375 0.015625 0.03125
0 0.178125 0.7984375 0.015625 0.0296875
0 0.11640625 0.8140625 0.015625 0.046875
0 0.3421875 0.78671875 0.0296875 0.053125
0 0.375 0.5703125 0.015625 0.0375
0 0.30078125 0.096875 0.015625 0.034375
0 0.0921875 0.20546875 0.025 0.0359375
0 0.3984375 0.1671875 0.015625 0.0359375
0 0.40625 0.18671875 0.015625 0.046875
0 0.49375 0.734375 0.0125 0.053125
0 0.5046875 0.71171875 0.015625 0.05
0 0.5640625 0.66015625 0.025 0.040625
0 0.56640625 0.415625 0.01875 0.0453125
0 0.6515625 0.83125 0.015625 0.046875
0 0.60234375 0.7640625 0.01875 0.03125
0 0.625 0.66015625 0.01875 0.0328125
0 0.7328125 0.5625 0.015625 0.04375
0 0.7671875 0.6046875 0.015625 0.0515625
0 0.78046875 0.6515625 0.0140625 0.028125
0 0.82265625 0.84921875 0.01875 0.040625
0 0.79609375 0.91171875 0.015625 0.025
0 0.825 0.6609375 0.01875 0.0375
0 0.83046875 0.58671875 0.015625 0.040625
0 0.8234375 0.4703125 0.01875 0.05
0 0.84296875 0.40390625 0.01875 0.05
0 0.91640625 0.83359375 0.0203125 0.0390625
0 0.8671875 0.76796875 0.01875 0.0453125
0 0.1359375 0.1796875 0.0125 0.0375
0 0.17265625 0.0625 0.01875 0.0375
0 0.63125 0.17421875 0.0171875 0.0375
0 0.75078125 0.11640625 0.0234375 0.028125
0 0.43984375 0.5296875 0.021875 0.05
0 0.415625 0.30859375 0.01875 0.053125
0 0.45625 0.2734375 0.0203125 0.05
0 0.9609375 0.29296875 0.0375 0.05625