0 0.95 0.77421875 0.025 0.053125
0 0.9328125 0.92890625 0.0296875 0.053125
0 0.90546875 0.8953125 0.021875 0.05625
0 0.84609375 0.678125 0.01875 0.084375
0 0.884375 0.603125 0.01875 0.096875
0 0.91015625 0.6609375 0.021875 0.08125
0 0.971875 0.22734375 0.025 0.065625
0 0.75625 0.3984375 0.0140625 0.071875
0 0.75 0.45234375 0.021875 0.065625
0 0.734375 0.3375 0.021875 0.059375
0 0.846875 0.2390625 0.03125 0.0765625
0 0.5515625 0.7921875 0.0359375 0.034375
0 0.52578125 0.52109375 0.01875 0.090625
0 0.53203125 0.23671875 0.021875 0.084375
0 0.5 0.75390625 0.01875 0.053125
0 0.4 0.92109375 0.040625 0.0625
0 0.32109375 0.96875 0.040625 0.028125
0 0.33203125 0.759375 0.0296875 0.0390625
0 0.3375 0.73515625 0.021875 0.0703125
0 0.27421875 0.69375 0.025 0.04375
0 0.4296875 0.32265625 0.0171875 0.059375
0 0.3453125 0.2046875 0.03125 0.0453125
0 0.203125 0.30234375 0.0328125 0.08125
0 0.215625 0.2140625 0.0265625 0.04375
0 0.16484375 0.65625 0.0296875 0.0578125
0 0.19453125 0.63515625 0.0265625 0.0765625
0 0.18046875 0.9515625 0.03125 0.05625
0 0.0875 0.89140625 0.025 0.0625
0 0.0953125 0.4953125 0.025 0.05625
0 0.09609375 0.29140625 0.021875 0.05625
0 0.05 0.846875 0.025 0.071875
0 0.2625 0.18828125 0.0328125 0.05
0 0.353125 0.04765625 0.0375 0.05
0 0.26953125 0.940625 0.028125 0.0578125
0 0.184375 0.70390625 0.025 0.0546875