0 0.1078125 0.09921875 0.0578125 0.028125
0 0.78359375 0.13671875 0.059375 0.03125
0 0.5671875 0.22265625 0.084375 0.034375
0 0.61171875 0.29921875 0.05625 0.025
0 0.90625 0.20703125 0.046875 0.021875
0 0.975 0.23671875 0.040625 0.025
0 0.959375 0.31875 0.0578125 0.025
0 0.34765625 0.3015625 0.0515625 0.025
0 0.51015625 0.28671875 0.0484375 0.021875
0 0.37109375 0.2625 0.053125 0.0203125
0 0.10234375 0.28359375 0.071875 0.021875
0 0.1796875 0.3140625 0.0609375 0.021875
0 0.73671875 0.41015625 0.046875 0.0265625
0 0.54453125 0.53828125 0.059375 0.025
0 0.33046875 0.51015625 0.05 0.028125
0 0.34609375 0.5859375 0.0484375 0.021875
0 0.346875 0.5640625 0.05625 0.0234375
0 0.4546875 0.665625 0.071875 0.0265625
0 0.55234375 0.640625 0.084375 0.0390625
0 0.54921875 0.73203125 0.075 0.0328125
0 0.8046875 0.7171875 0.075 0.028125
0 0.853125 0.74765625 0.06875 0.03125
0 0.803125 0.784375 0.05 0.01875
0 0.85 0.7875 0.046875 0.01875
0 0.94921875 0.73984375 0.0390625 0.0265625
0 0.9078125 0.753125 0.025 0.01875
0 0.84375 0.8328125 0.065625 0.0171875
0 0.67890625 0.8578125 0.0453125 0.0203125
0 0.584375 0.834375 0.046875 0.021875
0 0.64765625 0.83046875 0.0453125 0.0203125
0 0.89765625 0.8859375 0.05625 0.01875
0 0.91796875 0.91640625 0.0421875 0.01875
0 0.378125 0.89921875 0.059375 0.025
0 0.459375 0.3765625 0.08125 0.025
0 0.45625 0.55 0.0546875 0.04375
0 0.678125 0.5984375 0.078125 0.021875
0 0.94765625 0.5984375 0.053125 0.025