2 0.14609375 0.11171875 0.028125 0.046875
2 0.19453125 0.3265625 0.025 0.040625
2 0.25 0.12109375 0.0265625 0.0375
2 0.24921875 0.03046875 0.025 0.0390625
2 0.2109375 0.02265625 0.0234375 0.03125
2 0.3046875 0.17265625 0.03125 0.046875
2 0.29453125 0.38984375 0.021875 0.0546875
2 0.33671875 0.503125 0.0234375 0.0734375
2 0.2859375 0.55390625 0.0109375 0.0484375
2 0.24765625 0.56328125 0.0203125 0.0390625
2 0.2046875 0.5953125 0.015625 0.04375
2 0.23984375 0.62890625 0.0171875 0.034375
2 0.28828125 0.72890625 0.0203125 0.06875
2 0.17421875 0.6171875 0.021875 0.03125
2 0.15703125 0.5328125 0.0140625 0.0390625
2 0.14375 0.49453125 0.0234375 0.040625
2 0.1265625 0.67421875 0.015625 0.0390625
2 0.24765625 0.90625 0.0234375 0.0296875
2 0.3265625 0.90546875 0.028125 0.05
2 0.390625 0.82109375 0.01875 0.040625
2 0.3921875 0.78203125 0.0203125 0.0375
2 0.40859375 0.7484375 0.028125 0.0421875
2 0.440625 0.7265625 0.021875 0.0390625
2 0.39296875 0.61015625 0.0265625 0.0625
2 0.47421875 0.8625 0.021875 0.0375
2 0.5796875 0.921875 0.025 0.0375
2 0.628125 0.92421875 0.01875 0.03125
2 0.5734375 0.78046875 0.015625 0.0796875
2 0.6109375 0.7265625 0.015625 0.040625
2 0.47734375 0.75625 0.0203125 0.05625
2 0.80703125 0.8953125 0.0203125 0.0453125
2 0.81875 0.7609375 0.0171875 0.04375
2 0.79453125 0.5921875 0.01875 0.03125
2 0.8671875 0.825 0.021875 0.0328125
2 0.84765625 0.86953125 0.025 0.05625
2 0.8890625 0.68203125 0.015625 0.0671875
2 0.878125 0.79296875 0.00625 0.0296875
2 0.8625 0.77421875 0.0140625 0.03125
2 0.83046875 0.59921875 0.01875 0.05625
2 0.88203125 0.47421875 0.0234375 0.0328125
2 0.9 0.4015625 0.01875 0.0375
2 0.91015625 0.3125 0.0203125 0.040625
2 0.871875 0.27734375 0.021875 0.040625
2 0.82265625 0.10859375 0.025 0.034375
2 0.8421875 0.028125 0.01875 0.0375
2 0.8640625 0.07109375 0.01875 0.0328125
2 0.903125 0.025 0.015625 0.04375
2 0.790625 0.06875 0.028125 0.0375
2 0.796875 0.13671875 0.01875 0.06875
2 0.86484375 0.56171875 0.025 0.040625
2 0.85546875 0.5109375 0.015625 0.04375
2 0.834375 0.46171875 0.01875 0.053125
2 0.353125 0.028125 0.0171875 0.0453125