0 0.05625 0.14375 0.0171875 0.0546875
0 0.0734375 0.08515625 0.01875 0.0546875
0 0.09609375 0.48359375 0.0140625 0.065625
0 0.10390625 0.090625 0.01875 0.065625
0 0.1375 0.1359375 0.01875 0.071875
0 0.17421875 0.39296875 0.0234375 0.071875
0 0.17265625 0.6453125 0.0328125 0.0390625
0 0.1328125 0.77421875 0.0125 0.065625
0 0.21796875 0.29453125 0.025 0.04375
0 0.26953125 0.2640625 0.021875 0.04375
0 0.20859375 0.0203125 0.028125 0.034375
0 0.24453125 0.090625 0.03125 0.04375
0 0.2046875 0.91640625 0.021875 0.0328125
0 0.3015625 0.94375 0.0171875 0.009375
0 0.20390625 0.57890625 0.0171875 0.053125
0 0.29140625 0.49375 0.015625 0.0640625
0 0.35234375 0.6765625 0.0203125 0.053125
0 0.35390625 0.3453125 0.01875 0.0625
0 0.3984375 0.91328125 0.0171875 0.059375
0 0.42578125 0.178125 0.01875 0.075
0 0.46484375 0.30625 0.028125 0.040625
0 0.55546875 0.6984375 0.0265625 0.053125
0 0.5421875 0.134375 0.01875 0.08125
0 0.56640625 0.3859375 0.0171875 0.05
0 0.5921875 0.57265625 0.01875 0.05625
0 0.64296875 0.57734375 0.021875 0.053125
0 0.63828125 0.66796875 0.0203125 0.05625
0 0.6234375 0.60234375 0.0125 0.05625
0 0.62734375 0.14921875 0.025 0.05
0 0.6234375 0.07890625 0.03125 0.05
0 0.7703125 0.21875 0.0234375 0.05625
0 0.7640625 0.071875 0.021875 0.075
0 0.84296875 0.390625 0.03125 0.059375
0 0.85625 0.65390625 0.021875 0.071875
0 0.91796875 0.69765625 0.025 0.065625
0 0.81484375 0.2359375 0.025 0.0328125
0 0.725 0.2359375 0.01875 0.059375
0 0.925 0.25234375 0.0171875 0.071875
0 0.5859375 0.26796875 0.025 0.040625