0 0.06875 0.078125 0.034375 0.08125
0 0.1015625 0.1828125 0.0359375 0.078125
0 0.09765625 0.28359375 0.03125 0.08125
0 0.15078125 0.2390625 0.0453125 0.096875
0 0.18984375 0.14296875 0.040625 0.0734375
0 0.009375 0.65390625 0.01875 0.0625
0 0.01171875 0.73671875 0.0234375 0.0609375
0 0.05859375 0.73203125 0.028125 0.0859375
0 0.09921875 0.58515625 0.025 0.0578125
0 0.1203125 0.5375 0.021875 0.0875
0 0.140625 0.96953125 0.0375 0.059375
0 0.215625 0.503125 0.040625 0.06875
0 0.2640625 0.5953125 0.034375 0.078125
0 0.2515625 0.146875 0.0296875 0.0875
0 0.31640625 0.02890625 0.025 0.0578125
0 0.35234375 0.184375 0.03125 0.065625
0 0.3671875 0.21953125 0.03125 0.0734375
0 0.49375 0.8171875 0.028125 0.059375
0 0.46796875 0.465625 0.040625 0.0625
0 0.4328125 0.4140625 0.028125 0.075
0 0.4734375 0.39921875 0.025 0.0625
0 0.53671875 0.253125 0.021875 0.071875
0 0.5140625 0.1234375 0.028125 0.065625
0 0.56953125 0.06953125 0.028125 0.040625
0 0.565625 0.3234375 0.0234375 0.0578125
0 0.61328125 0.49140625 0.034375 0.071875
0 0.5609375 0.63671875 0.025 0.0390625
0 0.6 0.97890625 0.03125 0.040625
0 0.7375 0.42890625 0.0375 0.0515625
0 0.6984375 0.190625 0.028125 0.0640625
0 0.7484375 0.25234375 0.0265625 0.059375
0 0.7859375 0.7375 0.0328125 0.0671875
0 0.778125 0.671875 0.028125 0.046875
0 0.82265625 0.77578125 0.025 0.0765625
0 0.85078125 0.74453125 0.021875 0.0640625
0 0.82578125 0.43046875 0.01875 0.046875
0 0.82890625 0.4796875 0.028125 0.040625
0 0.8515625 0.38828125 0.0203125 0.053125
0 0.83359375 0.3671875 0.03125 0.05
0 0.80234375 0.16171875 0.021875 0.0484375
0 0.91328125 0.328125 0.028125 0.10625
0 0.92265625 0.634375 0.0375 0.05625
0 0.90234375 0.63984375 0.025 0.0625
0 0.8515625 0.56171875 0.025 0.059375
0 0.9359375 0.79765625 0.021875 0.05
0 0.8609375 0.98125 0.025 0.0375
0 0.953125 0.9703125 0.028125 0.05625