0 0.7515625 0.05703125 0.08125 0.021875
0 0.63203125 0.0546875 0.053125 0.021875
0 0.6578125 0.125 0.0625 0.0296875
0 0.6265625 0.0890625 0.059375 0.015625
0 0.15078125 0.0953125 0.08125 0.0171875
0 0.328125 0.13125 0.0609375 0.015625
0 0.06640625 0.13984375 0.0640625 0.01875
0 0.040625 0.1296875 0.0703125 0.01875
0 0.46640625 0.009375 0.075 0.01875
0 0.815625 0.2078125 0.0765625 0.028125
0 0.775 0.2015625 0.0609375 0.025
0 0.69921875 0.2328125 0.046875 0.0265625
0 0.528125 0.1828125 0.065625 0.021875
0 0.69765625 0.16953125 0.053125 0.021875
0 0.2796875 0.24765625 0.0578125 0.0234375
0 0.28046875 0.2140625 0.075 0.015625
0 0.0796875 0.23203125 0.040625 0.028125
0 0.640625 0.35234375 0.046875 0.034375
0 0.7109375 0.3671875 0.04375 0.028125
0 0.9484375 0.3828125 0.0375 0.040625
0 0.91640625 0.44375 0.06875 0.028125
0 0.24609375 0.4203125 0.075 0.025
0 0.27890625 0.4515625 0.0484375 0.0171875
0 0.17421875 0.31796875 0.053125 0.01875
0 0.04609375 0.33046875 0.0375 0.021875
0 0.953125 0.5 0.0859375 0.021875
0 0.95234375 0.58203125 0.05625 0.028125
0 0.40234375 0.57265625 0.071875 0.015625
0 0.57265625 0.68828125 0.05 0.0296875
0 0.94375 0.74765625 0.046875 0.0296875
0 0.37890625 0.84921875 0.05 0.0234375
0 0.24765625 0.71171875 0.0375 0.01875
0 0.078125 0.7578125 0.0375 0.03125
0 0.51015625 0.778125 0.059375 0.01875
0 0.84375 0.81484375 0.04375 0.01875
0 0.9703125 0.840625 0.0421875 0.028125
0 0.8578125 0.8953125 0.046875 0.028125
0 0.32734375 0.98359375 0.075 0.0234375