2 0.03046875 0.13984375 0.028125 0.065625
2 0.0890625 0.61484375 0.03125 0.0671875
2 0.0921875 0.66875 0.03125 0.0578125
2 0.12890625 0.7484375 0.01875 0.0671875
2 0.13125 0.09140625 0.0359375 0.0625
2 0.1328125 0.0640625 0.0375 0.03125
2 0.09453125 0.1265625 0.0375 0.0578125
2 0.24921875 0.725 0.01875 0.025
2 0.20390625 0.52890625 0.0375 0.046875
2 0.30625 0.615625 0.025 0.059375
2 0.33984375 0.77734375 0.021875 0.109375
2 0.20390625 0.1546875 0.028125 0.05625
2 0.23671875 0.02421875 0.04375 0.034375
2 0.3703125 0.5328125 0.0203125 0.021875
2 0.3890625 0.68203125 0.01875 0.0625
2 0.57421875 0.5609375 0.0234375 0.046875
2 0.50625 0.7453125 0.0234375 0.0375
2 0.69609375 0.76640625 0.0375 0.0515625
2 0.69921875 0.31484375 0.021875 0.059375
2 0.6859375 0.07421875 0.028125 0.03125
2 0.57421875 0.13203125 0.0359375 0.0328125
2 0.565625 0.16171875 0.03125 0.0359375
2 0.771875 0.4953125 0.021875 0.0390625
2 0.84140625 0.821875 0.0171875 0.0375
2 0.8515625 0.8765625 0.028125 0.046875
2 0.80234375 0.33203125 0.021875 0.053125
2 0.8375 0.98359375 0.0125 0.03125
2 0.74609375 0.4359375 0.015625 0.0375
2 0.6515625 0.26328125 0.0234375 0.05
2 0.9375 0.07109375 0.0359375 0.0625