0 0.3203125 0.01484375 0.075 0.01640625
0 0.37734375 0.03359375 0.06640625 0.02265625
0 0.3921875 0.0703125 0.0453125 0.028125
0 0.2625 0.096875 0.06484375 0.02265625
0 0.61328125 0.09609375 0.0859375 0.01953125
0 0.9109375 0.10703125 0.07734375 0.0265625
0 0.35703125 0.13203125 0.07265625 0.0171875
0 0.0765625 0.11171875 0.0453125 0.0171875
0 0.3578125 0.29609375 0.046875 0.0296875
0 0.6109375 0.23671875 0.0640625 0.015625
0 0.60703125 0.15234375 0.06640625 0.015625
0 0.94140625 0.19765625 0.06484375 0.021875
0 0.95234375 0.2859375 0.06171875 0.0265625
0 0.80859375 0.35703125 0.05390625 0.02109375
0 0.63828125 0.4046875 0.03828125 0.028125
0 0.59921875 0.390625 0.05546875 0.03046875
0 0.17421875 0.52578125 0.0390625 0.03515625
0 0.43984375 0.50546875 0.04921875 0.0234375
0 0.3546875 0.58671875 0.07734375 0.02890625
0 0.034375 0.5953125 0.04140625 0.02421875
0 0.0828125 0.634375 0.04765625 0.03125
0 0.340625 0.64765625 0.0453125 0.02890625
0 0.89609375 0.59453125 0.04765625 0.0359375
0 0.2796875 0.68359375 0.06484375 0.02109375
0 0.22265625 0.709375 0.05546875 0.025
0 0.28046875 0.8125 0.046875 0.03046875
0 0.1734375 0.77265625 0.05625 0.0265625
0 0.2921875 0.79375 0.05 0.021875
0 0.196875 0.82421875 0.05 0.0171875
0 0.08515625 0.83828125 0.05546875 0.0296875
0 0.28203125 0.86328125 0.0703125 0.02578125
0 0.8921875 0.69609375 0.06875 0.02734375
0 0.634375 0.93671875 0.08125 0.0265625
0 0.46484375 0.95 0.0703125 0.03125
0 0.725 0.9046875 0.0640625 0.02421875
0 0.96796875 0.66796875 0.034375 0.01875
0 0.85234375 0.4640625 0.04453125 0.02578125
0 0.59140625 0.84453125 0.075 0.01875
0 0.36328125 0.81328125 0.05546875 0.0234375
0 0.42890625 0.91484375 0.0734375 0.0171875