0 0.22421875 0.76875 0.01875 0.0484375
0 0.20078125 0.71875 0.015625 0.04375
0 0.14453125 0.65625 0.0203125 0.053125
0 0.2125 0.30078125 0.015625 0.0484375
0 0.12421875 0.16328125 0.021875 0.034375
0 0.0375 0.05078125 0.01875 0.071875
0 0.28515625 0.3859375 0.01875 0.0375
0 0.3203125 0.35 0.028125 0.0390625
0 0.31328125 0.13046875 0.0296875 0.03125
0 0.33359375 0.075 0.0375 0.0375
0 0.3453125 0.64296875 0.0234375 0.05625
0 0.45703125 0.97578125 0.0359375 0.0359375
0 0.55078125 0.8578125 0.0234375 0.04375
0 0.59140625 0.62578125 0.0234375 0.0515625
0 0.5796875 0.60625 0.01875 0.046875
0 0.56796875 0.2359375 0.021875 0.04375
0 0.49296875 0.2296875 0.03125 0.0375
0 0.46796875 0.06796875 0.01875 0.059375
0 0.57109375 0.4453125 0.0265625 0.0375
0 0.67421875 0.4171875 0.028125 0.046875
0 0.696875 0.32734375 0.028125 0.034375
0 0.67890625 0.26640625 0.0234375 0.0515625
0 0.65078125 0.2078125 0.0171875 0.0515625
0 0.70703125 0.671875 0.021875 0.0625
0 0.78984375 0.6453125 0.025 0.059375
0 0.76796875 0.78125 0.015625 0.0375
0 0.7328125 0.85625 0.021875 0.0578125
0 0.80859375 0.75546875 0.025 0.040625
0 0.87578125 0.6546875 0.01875 0.05625
0 0.9328125 0.2546875 0.01875 0.053125
0 0.928125 0.31875 0.015625 0.053125
0 0.91796875 0.659375 0.0234375 0.0515625
0 0.8671875 0.31484375 0.0203125 0.0578125
0 0.8609375 0.2609375 0.03125 0.034375
0 0.790625 0.3984375 0.01875 0.065625
0 0.74765625 0.31640625 0.01875 0.046875
0 0.7390625 0.2328125 0.0203125 0.05
0 0.71875 0.14765625 0.01875 0.0625
0 0.7375 0.465625 0.015625 0.05625
0 0.65625 0.65234375 0.01875 0.0578125