0 0.96484375 0.22890625 0.025 0.08125
0 0.9640625 0.56953125 0.025 0.0765625
0 0.990625 0.68046875 0.01875 0.08125
0 0.94375 0.92578125 0.021875 0.05625
0 0.87265625 0.5171875 0.0203125 0.0609375
0 0.85 0.66015625 0.01875 0.05
0 0.84765625 0.80078125 0.0234375 0.0546875
0 0.86171875 0.89375 0.015625 0.06875
0 0.8109375 0.3578125 0.0203125 0.0625
0 0.83671875 0.35 0.028125 0.065625
0 0.7671875 0.3046875 0.025 0.04375
0 0.75703125 0.08984375 0.021875 0.05
0 0.76953125 0.75859375 0.034375 0.0453125
0 0.75546875 0.584375 0.025 0.05625
0 0.64921875 0.3390625 0.03125 0.05
0 0.6265625 0.4171875 0.028125 0.059375
0 0.6078125 0.7609375 0.01875 0.0625
0 0.52734375 0.8203125 0.0203125 0.0265625
0 0.54140625 0.8984375 0.01875 0.053125
0 0.45703125 0.41796875 0.0234375 0.08125
0 0.3578125 0.26015625 0.01875 0.05
0 0.3765625 0.10234375 0.021875 0.0515625
0 0.26875 0.6140625 0.028125 0.0390625
0 0.24453125 0.37265625 0.028125 0.046875
0 0.3015625 0.47578125 0.021875 0.0625
0 0.1921875 0.64921875 0.015625 0.053125
0 0.19765625 0.49609375 0.021875 0.0546875
0 0.14765625 0.37109375 0.021875 0.0796875
0 0.1703125 0.34609375 0.01875 0.0484375
0 0.14453125 0.21875 0.0375 0.05
0 0.0671875 0.12265625 0.015625 0.084375
0 0.04609375 0.4078125 0.03125 0.046875
0 0.16484375 0.7453125 0.025 0.053125
0 0.2265625 0.6953125 0.015625 0.059375
0 0.40625 0.5671875 0.021875 0.03125
0 0.11171875 0.521875 0.0234375 0.040625
0 0.53828125 0.5875 0.015625 0.05625
0 0.8375 0.0109375 0.025 0.021875
0 0.890625 0.86015625 0.01875 0.040625