0 0.790625 0.03203125 0.06796875 0.02109375
0 0.75859375 0.071875 0.07578125 0.0203125
0 0.04453125 0.14140625 0.0578125 0.02578125
0 0.10390625 0.103125 0.0625 0.02109375
0 0.35859375 0.090625 0.09453125 0.01953125
0 0.5609375 0.184375 0.0765625 0.021875
0 0.58515625 0.146875 0.0625 0.02890625
0 0.6890625 0.2 0.0484375 0.0265625
0 0.21328125 0.20625 0.0484375 0.02734375
0 0.03359375 0.04609375 0.0671875 0.02734375
0 0.059375 0.29765625 0.07890625 0.02265625
0 0.2671875 0.41875 0.0703125 0.0265625
0 0.19140625 0.465625 0.04453125 0.03671875
0 0.31875 0.46875 0.075 0.0296875
0 0.8375 0.5296875 0.0640625 0.0328125
0 0.54921875 0.54765625 0.07890625 0.0328125
0 0.3890625 0.59609375 0.0703125 0.021875
0 0.046875 0.60078125 0.0375 0.03515625
0 0.12421875 0.60390625 0.0390625 0.0375
0 0.315625 0.6765625 0.071875 0.03125
0 0.440625 0.6609375 0.07890625 0.02734375
0 0.52734375 0.621875 0.06015625 0.0265625
0 0.6078125 0.6453125 0.04609375 0.03515625
0 0.28515625 0.72890625 0.0625 0.03125
0 0.33125 0.75078125 0.05234375 0.028125
0 0.3046875 0.8046875 0.08984375 0.03125
0 0.35 0.8109375 0.05390625 0.03125
0 0.41484375 0.82265625 0.04375 0.02734375
0 0.58984375 0.8546875 0.07265625 0.01875
0 0.6703125 0.83125 0.07421875 0.0203125
0 0.47578125 0.91015625 0.0296875 0.03203125
0 0.559375 0.91484375 0.03046875 0.03125
0 0.88828125 0.75546875 0.0390625 0.034375
0 0.5515625 0.76640625 0.0484375 0.02734375
0 0.92890625 0.49140625 0.05390625 0.02109375
0 0.40390625 0.46015625 0.0640625 0.0203125
0 0.9015625 0.23984375 0.0453125 0.01796875
0 0.6734375 0.09296875 0.06796875 0.0203125
0 0.7421875 0.96171875 0.06328125 0.0234375
0 0.9171875 0.93203125 0.07421875 0.02265625