0 0.26875 0.95234375 0.0390625 0.0265625
0 0.725 0.9671875 0.059375 0.01875
0 0.75390625 0.81875 0.05 0.025
0 0.94140625 0.8515625 0.05625 0.021875
0 0.565625 0.81484375 0.0328125 0.0265625
0 0.86328125 0.78828125 0.0515625 0.028125
0 0.80703125 0.7734375 0.04375 0.021875
0 0.31875 0.74453125 0.053125 0.01875
0 0.60078125 0.678125 0.059375 0.03125
0 0.2734375 0.69921875 0.0625 0.028125
0 0.2859375 0.67578125 0.0859375 0.021875
0 0.21171875 0.4734375 0.04375 0.028125
0 0.27109375 0.44765625 0.084375 0.015625
0 0.625 0.3546875 0.071875 0.03125
0 0.3578125 0.384375 0.04375 0.028125
0 0.63671875 0.2640625 0.05625 0.015625
0 0.67734375 0.23515625 0.0328125 0.021875
0 0.6703125 0.2046875 0.071875 0.015625
0 0.64609375 0.21953125 0.040625 0.0265625
0 0.77890625 0.11171875 0.071875 0.015625
0 0.97109375 0.1125 0.0578125 0.0203125
0 0.9734375 0.1515625 0.0359375 0.0203125
0 0.90625 0.18671875 0.059375 0.0203125
0 0.32265625 0.125 0.0734375 0.025
0 0.3234375 0.1078125 0.075 0.021875
0 0.134375 0.075 0.0875 0.015625
0 0.0890625 0.29140625 0.0359375 0.0265625
0 0.0609375 0.284375 0.059375 0.0234375
0 0.446875 0.1421875 0.0640625 0.021875
0 0.30546875 0.2125 0.05625 0.021875
0 0.5625 0.13203125 0.059375 0.01875
0 0.675 0.0171875 0.0703125 0.01875
0 0.56015625 0.0078125 0.0515625 0.015625
0 0.3 0.02109375 0.0765625 0.021875
0 0.24921875 0.16953125 0.05 0.025