0 0.953125 0.071875 0.034375 0.0203125
0 0.67890625 0.0390625 0.0578125 0.0265625
0 0.3015625 0.0640625 0.053125 0.03125
0 0.0765625 0.08828125 0.04609375 0.02109375
0 0.03046875 0.134375 0.04453125 0.03359375
0 0.10625 0.13828125 0.0515625 0.01328125
0 0.3359375 0.16328125 0.06796875 0.03359375
0 0.50234375 0.23046875 0.06796875 0.02734375
0 0.5421875 0.30390625 0.0734375 0.03515625
0 0.709375 0.1875 0.05390625 0.0265625
0 0.125 0.40625 0.046875 0.03515625
0 0.0890625 0.5203125 0.0484375 0.0328125
0 0.86875 0.50546875 0.053125 0.028125
0 0.79375 0.5703125 0.0546875 0.0328125
0 0.415625 0.65703125 0.10546875 0.0328125
0 0.29765625 0.73515625 0.0515625 0.02734375
0 0.57734375 0.79140625 0.0328125 0.02109375
0 0.2875 0.7734375 0.06953125 0.01171875
0 0.10078125 0.76015625 0.0328125 0.0125
0 0.1359375 0.75 0.05078125 0.01796875
0 0.57578125 0.44375 0.0578125 0.0421875
0 0.35234375 0.54609375 0.065625 0.0203125
0 0.26015625 0.5 0.02890625 0.01875
0 0.475 0.30625 0.0359375 0.03046875