0 0.4953125 0.1328125 0.06875 0.01875
0 0.271875 0.08828125 0.053125 0.01875
0 0.26171875 0.3421875 0.040625 0.0171875
0 0.60078125 0.33984375 0.0515625 0.025
0 0.95 0.34453125 0.0625 0.025
0 0.11640625 0.0421875 0.0421875 0.01875
0 0.6125 0.140625 0.059375 0.025
0 0.9390625 0.1890625 0.075 0.0234375
0 0.5546875 0.59453125 0.053125 0.034375
0 0.75703125 0.89453125 0.053125 0.0328125
0 0.70546875 0.8703125 0.05625 0.0234375
0 0.55390625 0.8796875 0.0828125 0.01875
0 0.5421875 0.746875 0.053125 0.021875
0 0.67578125 0.96328125 0.053125 0.025
0 0.91796875 0.77734375 0.05625 0.03125
0 0.2421875 0.715625 0.0484375 0.0296875
0 0.39609375 0.1609375 0.065625 0.01875
0 0.08203125 0.4046875 0.059375 0.0203125
0 0.28515625 0.85703125 0.075 0.021875
0 0.9828125 0.371875 0.034375 0.025
0 0.68359375 0.62421875 0.04375 0.0328125
0 0.5375 0.81484375 0.053125 0.025
0 0.8359375 0.15859375 0.0609375 0.01875
0 0.7328125 0.66796875 0.0515625 0.03125
0 0.60234375 0.17890625 0.075 0.025
0 0.3015625 0.884375 0.059375 0.0265625
0 0.21640625 0.65546875 0.0453125 0.028125
0 0.07890625 0.11171875 0.06875 0.015625
0 0.29609375 0.1109375 0.046875 0.025
0 0.34453125 0.5375 0.0375 0.0296875
0 0.1890625 0.25703125 0.08125 0.021875
0 0.021875 0.15859375 0.04375 0.0203125
0 0.0625 0.1796875 0.05625 0.021875
0 0.590625 0.4546875 0.053125 0.0265625
0 0.47421875 0.5046875 0.05 0.0359375
0 0.82109375 0.93828125 0.0546875 0.028125
0 0.8796875 0.078125 0.065625 0.021875
0 0.8015625 0.0546875 0.0421875 0.0234375
0 0.73828125 0.840625 0.0625 0.025
0 0.0515625 0.0265625 0.05625 0.025
0 0.83125 0.04765625 0.084375 0.0171875
0 0.7328125 0.9140625 0.05625 0.0171875
0 0.61953125 0.01484375 0.0625 0.0203125
0 0.94609375 0.36171875 0.046875 0.025
0 0.821875 0.43046875 0.05 0.021875
0 0.6921875 0.678125 0.0375 0.03125
0 0.8703125 0.7109375 0.040625 0.025
0 0.93671875 0.74296875 0.05625 0.028125