0 0.24140625 0.025 0.06015625 0.02578125
0 0.56953125 0.07265625 0.0703125 0.0203125
0 0.16875 0.1484375 0.04609375 0.028125
0 0.21796875 0.1421875 0.04921875 0.02421875
0 0.2375 0.10390625 0.0671875 0.01875
0 0.434375 0.14375 0.08359375 0.0234375
0 0.51171875 0.1234375 0.08203125 0.0234375
0 0.659375 0.18984375 0.0640625 0.028125
0 0.2203125 0.3 0.0390625 0.021875
0 0.29921875 0.271875 0.0625 0.01796875
0 0.56171875 0.24609375 0.05078125 0.0296875
0 0.8640625 0.29765625 0.05546875 0.021875
0 0.9546875 0.30078125 0.0453125 0.01953125
0 0.81796875 0.3703125 0.04765625 0.01953125
0 0.10078125 0.465625 0.06484375 0.021875
0 0.04453125 0.4546875 0.04765625 0.03046875
0 0.3671875 0.55625 0.046875 0.02265625
0 0.44921875 0.47734375 0.05234375 0.02265625
0 0.75625 0.48515625 0.06484375 0.02578125
0 0.734375 0.5484375 0.04453125 0.021875
0 0.84765625 0.5375 0.03671875 0.02265625
0 0.19609375 0.61953125 0.04765625 0.02734375
0 0.44921875 0.68828125 0.04453125 0.02734375
0 0.409375 0.68046875 0.05546875 0.02578125
0 0.59921875 0.6609375 0.06015625 0.02265625
0 0.634375 0.6578125 0.0515625 0.025
0 0.90078125 0.66171875 0.05703125 0.021875
0 0.86640625 0.625 0.053125 0.0375
0 0.91640625 0.5765625 0.046875 0.021875
0 0.16875 0.740625 0.04296875 0.03984375
0 0.19921875 0.77265625 0.05234375 0.03828125
0 0.090625 0.7203125 0.028125 0.02578125
0 0.26171875 0.65546875 0.059375 0.0234375
0 0.50078125 0.79140625 0.04765625 0.0265625
0 0.896875 0.71484375 0.04296875 0.028125
0 0.0578125 0.81328125 0.0640625 0.021875
0 0.2703125 0.82578125 0.0625 0.0234375
0 0.50859375 0.8515625 0.0546875 0.0296875
0 0.50859375 0.9125 0.0390625 0.02265625
0 0.6328125 0.8859375 0.0796875 0.021875
0 0.9234375 0.959375 0.04921875 0.02109375
0 0.03125 0.93828125 0.0578125 0.01953125
0 0.5796875 0.95546875 0.071875 0.0203125
0 0.77109375 0.846875 0.04140625 0.028125