0 0.39296875 0.0765625 0.0828125 0.01796875
0 0.4671875 0.01328125 0.06171875 0.01484375
0 0.7296875 0.01484375 0.07578125 0.025
0 0.9125 0.0296875 0.0640625 0.01953125
0 0.86640625 0.06953125 0.03359375 0.025
0 0.94375 0.1328125 0.07421875 0.025
0 0.6390625 0.14140625 0.06328125 0.0203125
0 0.60625 0.1140625 0.05859375 0.025
0 0.71484375 0.13125 0.06328125 0.02421875
0 0.38046875 0.12578125 0.06171875 0.01484375
0 0.546875 0.159375 0.06015625 0.0171875
0 0.0265625 0.11484375 0.053125 0.01953125
0 0.27265625 0.15546875 0.0484375 0.02109375
0 0.19296875 0.22734375 0.053125 0.0265625
0 0.30546875 0.221875 0.04140625 0.01875
0 0.3953125 0.2734375 0.05078125 0.025
0 0.846875 0.22421875 0.0625 0.02734375
0 0.89609375 0.284375 0.04375 0.02890625
0 0.578125 0.35234375 0.0390625 0.0359375
0 0.43125 0.34609375 0.046875 0.021875
0 0.33671875 0.35078125 0.05703125 0.028125
0 0.73125 0.37109375 0.0421875 0.0171875
0 0.12109375 0.53515625 0.0625 0.01953125
0 0.3796875 0.61796875 0.053125 0.01875
0 0.4796875 0.6515625 0.03515625 0.02421875
0 0.36796875 0.678125 0.03984375 0.01953125
0 0.5171875 0.68359375 0.0390625 0.02265625
0 0.2296875 0.69296875 0.04453125 0.02109375
0 0.0796875 0.7140625 0.06015625 0.01875
0 0.63359375 0.63046875 0.04140625 0.03125
0 0.7546875 0.63671875 0.05546875 0.0203125
0 0.22109375 0.78359375 0.06484375 0.01171875
0 0.22265625 0.76796875 0.05078125 0.0234375
0 0.26484375 0.8109375 0.06015625 0.0140625
0 0.57890625 0.7578125 0.05 0.0171875
0 0.48984375 0.74609375 0.0625 0.015625
0 0.80703125 0.7859375 0.0421875 0.02578125
0 0.91953125 0.79609375 0.053125 0.02421875
0 0.796875 0.86484375 0.0671875 0.0296875
0 0.9140625 0.84375 0.0546875 0.0265625
0 0.6015625 0.88828125 0.06640625 0.0171875
0 0.73359375 0.8421875 0.07109375 0.01953125
0 0.08828125 0.86640625 0.06171875 0.01796875
0 0.16328125 0.88125 0.053125 0.0203125
0 0.165625 0.8234375 0.090625 0.02421875
0 0.10234375 0.8953125 0.08359375 0.0171875
0 0.6734375 0.90078125 0.07109375 0.01875
0 0.78828125 0.621875 0.0453125 0.0296875
0 0.78046875 0.75859375 0.04453125 0.0328125
0 0.8 0.45859375 0.06171875 0.015625
0 0.03515625 0.4890625 0.0703125 0.02421875
0 0.27109375 0.55703125 0.04765625 0.025
0 0.97890625 0.0578125 0.0421875 0.01875