0 0.9703125 0.75546875 0.021875 0.0625
0 0.971875 0.65703125 0.0234375 0.053125
0 0.88359375 0.54453125 0.028125 0.040625
0 0.909375 0.84453125 0.021875 0.04375
0 0.8671875 0.90078125 0.028125 0.0390625
0 0.83046875 0.90859375 0.025 0.034375
0 0.77890625 0.509375 0.0375 0.075
0 0.65 0.3328125 0.03125 0.06875
0 0.58203125 0.06484375 0.0265625 0.084375
0 0.87578125 0.14609375 0.0359375 0.053125
0 0.496875 0.775 0.028125 0.040625
0 0.634375 0.76796875 0.028125 0.0421875
0 0.49296875 0.26796875 0.0296875 0.10625
0 0.3953125 0.53203125 0.025 0.04375
0 0.390625 0.5765625 0.021875 0.0375
0 0.26796875 0.1484375 0.01875 0.04375
0 0.303125 0.08046875 0.0296875 0.0625
0 0.42109375 0.09453125 0.025 0.0625
0 0.2515625 0.4578125 0.0265625 0.071875
0 0.18046875 0.30546875 0.028125 0.08125
0 0.15625 0.3703125 0.028125 0.05
0 0.0890625 0.609375 0.028125 0.0421875
0 0.2359375 0.31875 0.03125 0.071875
0 0.75703125 0.77265625 0.034375 0.06875
0 0.8515625 0.6875 0.025 0.0734375
0 0.80078125 0.61171875 0.04375 0.08125
0 0.175 0.0859375 0.025 0.0703125
0 0.18828125 0.5375 0.0234375 0.053125
0 0.12421875 0.559375 0.0203125 0.046875