0 0.946875 0.88828125 0.028125 0.0703125
0 0.91796875 0.946875 0.025 0.05625
0 0.90703125 0.76640625 0.028125 0.0625
0 0.86953125 0.3109375 0.028125 0.0578125
0 0.9140625 0.17109375 0.015625 0.065625
0 0.8203125 0.0625 0.034375 0.05625
0 0.825 0.35390625 0.021875 0.0453125
0 0.746875 0.67890625 0.025 0.05625
0 0.74375 0.8453125 0.028125 0.05625
0 0.83125 0.8875 0.021875 0.0578125
0 0.7390625 0.5078125 0.034375 0.0640625
0 0.70546875 0.51796875 0.025 0.0703125
0 0.65703125 0.75390625 0.025 0.059375
0 0.63125 0.68828125 0.034375 0.053125
0 0.6390625 0.37890625 0.028125 0.0890625
0 0.6265625 0.02890625 0.021875 0.0578125
0 0.55 0.07109375 0.03125 0.06875
0 0.49140625 0.41015625 0.0296875 0.059375
0 0.475 0.7015625 0.0296875 0.08125
0 0.57421875 0.89609375 0.0203125 0.0640625
0 0.41796875 0.6078125 0.0375 0.0625
0 0.38203125 0.81640625 0.028125 0.0625
0 0.3984375 0.3859375 0.025 0.0671875
0 0.3421875 0.43046875 0.0234375 0.0640625
0 0.25625 0.2 0.025 0.04375
0 0.2671875 0.2546875 0.021875 0.034375
0 0.32734375 0.071875 0.021875 0.053125
0 0.38984375 0.07265625 0.025 0.0765625
0 0.2234375 0.5203125 0.03125 0.0546875
0 0.21484375 0.36171875 0.015625 0.06875
0 0.16953125 0.2015625 0.0203125 0.0796875
0 0.11875 0.18359375 0.021875 0.05
0 0.13046875 0.4859375 0.021875 0.05
0 0.1609375 0.5 0.028125 0.0515625
0 0.14296875 0.6671875 0.0265625 0.0703125
0 0.1078125 0.4546875 0.021875 0.0609375