0 0.66875 0.00625 0.0625 0.0125
0 0.81640625 0.00625 0.0453125 0.0125
0 0.8828125 0.06484375 0.05625 0.02578125
0 0.90703125 0.10625 0.04375 0.021875
0 0.60234375 0.121875 0.071875 0.02109375
0 0.56171875 0.134375 0.065625 0.01796875
0 0.3109375 0.16484375 0.06953125 0.02421875
0 0.21328125 0.15234375 0.05 0.0265625
0 0.16484375 0.0171875 0.06640625 0.0171875
0 0.4484375 0.18515625 0.0546875 0.0265625
0 0.29453125 0.23203125 0.0890625 0.02578125
0 0.05625 0.23125 0.0453125 0.01484375
0 0.72890625 0.24609375 0.0625 0.02578125
0 0.965625 0.22890625 0.06875 0.02578125
0 0.75 0.3765625 0.0796875 0.04140625
0 0.4421875 0.3734375 0.059375 0.0296875
0 0.32578125 0.3421875 0.07109375 0.03125
0 0.728125 0.46875 0.09296875 0.02265625
0 0.56640625 0.46171875 0.0359375 0.02265625
0 0.5734375 0.56171875 0.07890625 0.03203125
0 0.46953125 0.5296875 0.0546875 0.0296875
0 0.1609375 0.6203125 0.05078125 0.015625
0 0.23671875 0.64609375 0.06640625 0.02734375
0 0.0390625 0.6109375 0.04453125 0.03046875
0 0.9453125 0.653125 0.05 0.03125
0 0.971875 0.69765625 0.0359375 0.02421875
0 0.94765625 0.715625 0.0578125 0.0265625
0 0.39296875 0.75234375 0.05625 0.0296875
0 0.728125 0.765625 0.053125 0.0265625
0 0.46640625 0.7765625 0.06171875 0.0203125
0 0.425 0.86015625 0.06484375 0.03046875
0 0.19453125 0.84609375 0.05625 0.02734375
0 0.50703125 0.89921875 0.071875 0.02421875
0 0.5546875 0.91640625 0.08125 0.02734375