0 0.88828125 0.053125 0.0703125 0.028125
0 0.946875 0.08203125 0.05703125 0.02578125
0 0.76640625 0.09296875 0.06171875 0.02734375
0 0.3109375 0.13046875 0.0578125 0.02734375
0 0.17109375 0.0859375 0.06484375 0.01640625
0 0.0625 0.1796875 0.05546875 0.03359375
0 0.35390625 0.175 0.0453125 0.02265625
0 0.67890625 0.253125 0.05703125 0.025
0 0.8453125 0.25625 0.05546875 0.02734375
0 0.8875 0.16875 0.0578125 0.02265625
0 0.5078125 0.2609375 0.0640625 0.03359375
0 0.51796875 0.29453125 0.0703125 0.02421875
0 0.75390625 0.34296875 0.05859375 0.025
0 0.68828125 0.36875 0.05234375 0.03359375
0 0.37890625 0.3609375 0.0890625 0.02734375
0 0.02890625 0.3734375 0.0578125 0.02109375
0 0.07109375 0.45 0.06796875 0.03203125
0 0.41015625 0.50859375 0.06015625 0.0296875
0 0.7015625 0.525 0.08125 0.0296875
0 0.89609375 0.42578125 0.0640625 0.0203125
0 0.6078125 0.58203125 0.06171875 0.0375
0 0.81640625 0.61796875 0.06328125 0.028125
0 0.3859375 0.6015625 0.0671875 0.025
0 0.43046875 0.6578125 0.0640625 0.0234375
0 0.2 0.74375 0.04296875 0.02578125
0 0.2546875 0.7328125 0.034375 0.02265625
0 0.071875 0.67265625 0.05390625 0.02109375
0 0.07265625 0.61015625 0.0765625 0.02421875
0 0.5203125 0.7765625 0.0546875 0.03125
0 0.36171875 0.78515625 0.06796875 0.015625
0 0.2015625 0.83046875 0.0796875 0.0203125
0 0.18359375 0.88125 0.05078125 0.02109375
0 0.4859375 0.86953125 0.04921875 0.02265625
0 0.5 0.8390625 0.0515625 0.02734375
0 0.6671875 0.85703125 0.06953125 0.0265625
0 0.4546875 0.8921875 0.0609375 0.02109375