0 0.96953125 0.81171875 0.03125 0.109375
0 0.9109375 0.36953125 0.0234375 0.0625
0 0.77421875 0.51640625 0.0328125 0.065625
0 0.93828125 0.09921875 0.040625 0.078125
0 0.88046875 0.80703125 0.025 0.0546875
0 0.79609375 0.940625 0.025 0.05625
0 0.8234375 0.94921875 0.015625 0.05
0 0.88828125 0.4734375 0.0234375 0.0625
0 0.87265625 0.54609375 0.021875 0.025
0 0.7390625 0.95703125 0.028125 0.046875
0 0.640625 0.74765625 0.0140625 0.065625
0 0.6609375 0.79609375 0.028125 0.084375
0 0.50234375 0.8625 0.028125 0.05625
0 0.64765625 0.24921875 0.025 0.059375
0 0.70078125 0.2078125 0.021875 0.0671875
0 0.5640625 0.10078125 0.028125 0.05625
0 0.46484375 0.196875 0.03125 0.053125
0 0.47890625 0.25546875 0.03125 0.040625
0 0.5 0.26328125 0.0171875 0.071875
0 0.34609375 0.428125 0.021875 0.053125
0 0.37265625 0.49609375 0.025 0.0484375
0 0.4234375 0.91796875 0.03125 0.0375
0 0.30703125 0.25546875 0.021875 0.065625
0 0.32109375 0.040625 0.028125 0.0640625
0 0.1375 0.290625 0.03125 0.065625
0 0.2109375 0.75859375 0.046875 0.04375
0 0.1796875 0.37890625 0.021875 0.059375
0 0.1953125 0.21640625 0.0203125 0.04375
0 0.0359375 0.40390625 0.0265625 0.078125
0 0.09296875 0.2671875 0.028125 0.0609375
0 0.82109375 0.5703125 0.0375 0.090625