0 0.6125 0.14140625 0.06796875 0.01953125
0 0.67578125 0.08828125 0.05234375 0.01796875
0 0.25625 0.25625 0.04140625 0.0171875
0 0.39921875 0.32734375 0.0515625 0.02578125
0 0.04921875 0.26875 0.06328125 0.025
0 0.5890625 0.0125 0.0421875 0.01796875
0 0.26171875 0.12578125 0.05859375 0.02421875
0 0.05078125 0.165625 0.075 0.0234375
0 0.55859375 0.6296875 0.05390625 0.03359375
0 0.3015625 0.89765625 0.05234375 0.0328125
0 0.3984375 0.85625 0.05625 0.0234375
0 0.11171875 0.8875 0.0828125 0.01875
0 0.4359375 0.7578125 0.05234375 0.02109375
0 0.3609375 0.93671875 0.078125 0.02421875
0 0.028125 0.79296875 0.05625 0.03125
0 0.6828125 0.78828125 0.0484375 0.0296875
0 0.2796875 0.83046875 0.07578125 0.02421875
0 0.42109375 0.14921875 0.090625 0.0265625
0 0.93125 0.3828125 0.0796875 0.02734375
0 0.66484375 0.8484375 0.075 0.02109375
0 0.0171875 0.36796875 0.03359375 0.02578125
0 0.05703125 0.94765625 0.071875 0.0265625
0 0.928125 0.690625 0.04375 0.0328125
0 0.40390625 0.8703125 0.05390625 0.02421875
0 0.17109375 0.1125 0.0609375 0.01796875
0 0.27421875 0.67734375 0.0515625 0.03125
0 0.2359375 0.1390625 0.07421875 0.025
0 0.753125 0.8328125 0.0734375 0.03359375
0 0.68828125 0.71328125 0.0453125 0.028125
0 0.87734375 0.09453125 0.06875 0.01640625
0 0.6296875 0.11015625 0.04609375 0.025
0 0.84140625 0.49609375 0.03671875 0.0296875
0 0.675 0.24375 0.08125 0.021875
0 0.8859375 0.27734375 0.04140625 0.01953125
0 0.965625 0.29140625 0.05625 0.02109375
0 0.18984375 0.484375 0.053125 0.0265625
0 0.90390625 0.52265625 0.04921875 0.0359375
0 0.7578125 0.94296875 0.07421875 0.02109375
0 0.2078125 0.9484375 0.04921875 0.03046875
0 0.2234375 0.940625 0.0546875 0.028125
0 0.2578125 0.021875 0.06640625 0.021875
0 0.07421875 0.1 0.0421875 0.0234375
0 0.3703125 0.8109375 0.0625 0.025
0 0.80546875 0.0265625 0.05703125 0.02421875
0 0.21484375 0.00859375 0.08359375 0.0171875
0 0.4265625 0.8890625 0.05546875 0.0171875