0 0.0859375 0.78984375 0.0484375 0.0703125
0 0.10703125 0.63125 0.025 0.059375
0 0.0859375 0.5796875 0.0265625 0.0515625
0 0.121875 0.59765625 0.03125 0.053125
0 0.10703125 0.51875 0.025 0.05
0 0.134375 0.553125 0.0375 0.053125
0 0.0890625 0.2640625 0.021875 0.084375
0 0.06875 0.1875 0.028125 0.0578125
0 0.115625 0.17265625 0.028125 0.0625
0 0.146875 0.05 0.0234375 0.053125
0 0.15390625 0.1296875 0.0265625 0.05
0 0.20546875 0.31875 0.0265625 0.065625
0 0.1328125 0.35234375 0.0328125 0.04375
0 0.178125 0.55859375 0.0234375 0.0703125
0 0.178125 0.80625 0.03125 0.0671875
0 0.1796875 0.70078125 0.03125 0.0421875
0 0.11171875 0.96953125 0.0234375 0.059375
0 0.21484375 0.70390625 0.021875 0.05625
0 0.24453125 0.65703125 0.025 0.0625
0 0.35390625 0.4015625 0.03125 0.059375
0 0.3703125 0.1515625 0.0375 0.05
0 0.33359375 0.021875 0.021875 0.034375
0 0.3234375 0.8109375 0.028125 0.0609375
0 0.390625 0.9296875 0.025 0.0625
0 0.49609375 0.7859375 0.03125 0.0640625
0 0.61953125 0.63515625 0.0375 0.06875
0 0.428125 0.17109375 0.03125 0.0625
0 0.478125 0.0734375 0.025 0.0703125
0 0.48671875 0.17421875 0.0234375 0.053125
0 0.56171875 0.20703125 0.028125 0.09375
0 0.56484375 0.8625 0.0234375 0.0640625
0 0.65390625 0.9609375 0.0390625 0.078125
0 0.67890625 0.27890625 0.021875 0.05625
0 0.7625 0.14921875 0.025 0.046875
0 0.696875 0.5953125 0.025 0.0421875
0 0.71875 0.83828125 0.034375 0.0671875
0 0.8265625 0.1984375 0.028125 0.08125
0 0.80703125 0.1984375 0.0265625 0.084375
0 0.8515625 0.034375 0.025 0.06875
0 0.8765625 0.0640625 0.025 0.04375
0 0.96171875 0.12734375 0.0359375 0.065625
0 0.89140625 0.02578125 0.028125 0.05
0 0.90390625 0.42578125 0.034375 0.0546875
0 0.884375 0.59609375 0.0234375 0.059375
0 0.96171875 0.60859375 0.0234375 0.065625
0 0.92421875 0.634375 0.025 0.0625
0 0.95390625 0.64375 0.034375 0.065625
0 0.93984375 0.9046875 0.025 0.075
0 0.79921875 0.8296875 0.0265625 0.05625
0 0.7609375 0.6515625 0.0203125 0.04375