2 0.2921875 0.0453125 0.06640625 0.03828125
2 0.13984375 0.08359375 0.0578125 0.0265625
2 0.48359375 0.09296875 0.05546875 0.025
2 0.6359375 0.13515625 0.0625 0.01796875
2 0.825 0.090625 0.05703125 0.0203125
2 0.9265625 0.1265625 0.08515625 0.0171875
2 0.9109375 0.1078125 0.08046875 0.02578125
2 0.28515625 0.15703125 0.0578125 0.01875
2 0.4953125 0.1875 0.0546875 0.01328125
2 0.38671875 0.17578125 0.05 0.02265625
2 0.2109375 0.246875 0.06015625 0.03671875
2 0.0875 0.196875 0.028125 0.04296875
2 0.05 0.15625 0.028125 0.02890625
2 0.14765625 0.32109375 0.0375 0.028125
2 0.1546875 0.365625 0.046875 0.02890625
2 0.1921875 0.39375 0.03671875 0.0328125
2 0.46171875 0.46796875 0.06015625 0.01953125
2 0.78125 0.45546875 0.06640625 0.0171875
2 0.69375 0.4328125 0.0546875 0.03203125
2 0.8609375 0.44140625 0.0671875 0.02109375
2 0.07421875 0.48046875 0.0484375 0.03046875
2 0.0421875 0.5109375 0.0484375 0.02578125
2 0.40234375 0.58828125 0.04609375 0.03125
2 0.14296875 0.659375 0.05234375 0.0203125
2 0.04921875 0.7328125 0.05078125 0.02109375
2 0.071875 0.74296875 0.03984375 0.028125
2 0.14609375 0.71796875 0.03671875 0.03203125
2 0.36171875 0.80546875 0.0546875 0.0265625
2 0.6203125 0.77890625 0.05703125 0.021875
2 0.73046875 0.7546875 0.046875 0.0171875
2 0.0765625 0.78671875 0.0390625 0.03125
2 0.17734375 0.1984375 0.0421875 0.0234375