2 0.61484375 0.1171875 0.0515625 0.03359375
2 0.57734375 0.15625 0.13125 0.03125
2 0.52578125 0.23828125 0.04921875 0.0421875
2 0.7015625 0.196875 0.06640625 0.03125
2 0.70625 0.225 0.05703125 0.0328125
2 0.93203125 0.2921875 0.04609375 0.04609375
2 0.878125 0.35234375 0.0328125 0.02265625
2 0.48125 0.04140625 0.07265625 0.02578125
2 0.43203125 0.121875 0.04765625 0.01796875
2 0.1375 0.0171875 0.065625 0.03359375
2 0.42109375 0.11171875 0.046875 0.01953125
2 0.065625 0.03984375 0.05390625 0.03046875
2 0.1390625 0.17734375 0.065625 0.0328125
2 0.24609375 0.11796875 0.05859375 0.0234375
2 0.071875 0.21328125 0.0671875 0.0421875
2 0.15078125 0.35 0.0515625 0.03828125
2 0.2375 0.3421875 0.04375 0.03515625
2 0.29296875 0.396875 0.06875 0.05
2 0.5703125 0.35703125 0.0609375 0.028125
2 0.4859375 0.38515625 0.08671875 0.03046875
2 0.47109375 0.29765625 0.078125 0.02734375
2 0.40859375 0.3171875 0.05078125 0.03203125
2 0.0828125 0.5171875 0.06015625 0.0359375
2 0.11328125 0.7109375 0.07265625 0.04140625
2 0.11015625 0.8171875 0.07421875 0.0265625
2 0.11328125 0.809375 0.04921875 0.01953125
2 0.075 0.91484375 0.059375 0.0359375
2 0.37890625 0.81640625 0.08515625 0.01640625
2 0.7296875 0.809375 0.0765625 0.0140625
2 0.41015625 0.65546875 0.1265625 0.0375
2 0.41328125 0.6109375 0.08515625 0.03203125
2 0.55390625 0.64296875 0.05703125 0.040625