2 0.0546875 0.97109375 0.0375 0.05625
2 0.03828125 0.8640625 0.034375 0.0734375
2 0.08359375 0.74296875 0.034375 0.0625
2 0.08984375 0.63046875 0.03125 0.0625
2 0.15859375 0.378125 0.028125 0.090625
2 0.2390625 0.41328125 0.0328125 0.0578125
2 0.21015625 0.2296875 0.034375 0.06875
2 0.07890625 0.1125 0.025 0.065625
2 0.18046875 0.49453125 0.025 0.046875
2 0.1734375 0.90625 0.046875 0.0640625
2 0.4921875 0.8546875 0.025 0.05625
2 0.43203125 0.94609375 0.015625 0.05625
2 0.42734375 0.64296875 0.03125 0.071875
2 0.37109375 0.49296875 0.034375 0.065625
2 0.31640625 0.3453125 0.028125 0.0453125
2 0.47109375 0.440625 0.046875 0.08125
2 0.62578125 0.890625 0.025 0.0421875
2 0.640625 0.465625 0.04375 0.059375
2 0.68828125 0.42109375 0.0328125 0.071875
2 0.78125 0.19453125 0.04375 0.0546875
2 0.8671875 0.18359375 0.05 0.071875
2 0.890625 0.0421875 0.021875 0.04375
2 0.87265625 0.8359375 0.034375 0.078125
2 0.81015625 0.3984375 0.046875 0.09375