0 0.0890625 0.54296875 0.021875 0.065625
0 0.12109375 0.4359375 0.0171875 0.090625
0 0.09296875 0.434375 0.021875 0.05625
0 0.071875 0.34296875 0.01875 0.0890625
0 0.12734375 0.17734375 0.01875 0.0625
0 0.14140625 0.57109375 0.0234375 0.0859375
0 0.14296875 0.91328125 0.025 0.065625
0 0.165625 0.86015625 0.021875 0.05
0 0.20625 0.834375 0.0234375 0.05
0 0.23125 0.73359375 0.01875 0.0734375
0 0.1625 0.48671875 0.021875 0.084375
0 0.1609375 0.39453125 0.021875 0.08125
0 0.16953125 0.10078125 0.01875 0.065625
0 0.25546875 0.46796875 0.028125 0.0859375
0 0.27734375 0.43671875 0.0234375 0.065625
0 0.26875 0.65078125 0.025 0.04375
0 0.23515625 0.15703125 0.01875 0.04375
0 0.228125 0.1109375 0.021875 0.053125
0 0.265625 0.14765625 0.021875 0.03125
0 0.4390625 0.45078125 0.028125 0.0390625
0 0.4046875 0.1703125 0.025 0.0375
0 0.340625 0.02265625 0.01875 0.0453125
0 0.5671875 0.3140625 0.034375 0.0515625
0 0.628125 0.60546875 0.025 0.071875
0 0.6265625 0.76484375 0.025 0.053125
0 0.7109375 0.70078125 0.028125 0.040625
0 0.69140625 0.71796875 0.021875 0.0625
0 0.69609375 0.56484375 0.0234375 0.046875
0 0.67109375 0.47265625 0.03125 0.0578125
0 0.7734375 0.7625 0.034375 0.053125
0 0.8421875 0.57734375 0.0265625 0.03125
0 0.8578125 0.80625 0.0234375 0.0328125
0 0.8453125 0.8484375 0.03125 0.05625
0 0.81796875 0.9234375 0.0234375 0.0515625
0 0.84765625 0.3796875 0.0265625 0.053125
0 0.83125 0.31171875 0.03125 0.0390625
0 0.9078125 0.69921875 0.0125 0.0765625
0 0.88046875 0.3109375 0.021875 0.078125
0 0.86875 0.31015625 0.0171875 0.0625
0 0.8125 0.41875 0.028125 0.053125