0 0.96640625 0.8 0.01875 0.05625
0 0.92734375 0.9734375 0.0203125 0.053125
0 0.8984375 0.878125 0.021875 0.05625
0 0.77734375 0.76640625 0.025 0.05
0 0.97734375 0.56484375 0.01875 0.0609375
0 0.89609375 0.6359375 0.01875 0.0734375
0 0.8796875 0.68046875 0.0203125 0.05
0 0.8875 0.4609375 0.021875 0.053125
0 0.84609375 0.36328125 0.015625 0.053125
0 0.81484375 0.40234375 0.025 0.059375
0 0.8265625 0.57734375 0.025 0.05
0 0.78828125 0.80546875 0.015625 0.0609375
0 0.79375 0.98203125 0.034375 0.034375
0 0.94296875 0.3390625 0.028125 0.05
0 0.96171875 0.28984375 0.0203125 0.06875
0 0.93828125 0.22421875 0.021875 0.059375
0 0.94296875 0.06953125 0.0234375 0.0671875
0 0.72265625 0.25390625 0.021875 0.05
0 0.69453125 0.34765625 0.025 0.0625
0 0.88125 0.19765625 0.01875 0.0515625
0 0.784375 0.0734375 0.021875 0.0515625
0 0.821875 0.075 0.0203125 0.0546875
0 0.59765625 0.2296875 0.0234375 0.046875
0 0.553125 0.1640625 0.025 0.0390625
0 0.509375 0.23046875 0.03125 0.0421875
0 0.5015625 0.12734375 0.025 0.040625
0 0.5046875 0.73203125 0.025 0.05625
0 0.4953125 0.70546875 0.021875 0.0578125
0 0.425 0.65859375 0.01875 0.0421875
0 0.48671875 0.5484375 0.0265625 0.040625
0 0.4625 0.27734375 0.025 0.034375
0 0.41484375 0.125 0.021875 0.028125
0 0.36953125 0.096875 0.021875 0.053125
0 0.29296875 0.26640625 0.03125 0.0375
0 0.20390625 0.32265625 0.0265625 0.028125
0 0.2328125 0.38046875 0.0203125 0.053125
0 0.221875 0.20625 0.025 0.0328125
0 0.18515625 0.25234375 0.025 0.053125
0 0.1546875 0.265625 0.01875 0.0609375
0 0.1171875 0.20546875 0.0203125 0.053125
0 0.178125 0.1578125 0.01875 0.0625
0 0.07890625 0.16640625 0.025 0.053125
0 0.0984375 0.3828125 0.025 0.034375
0 0.09765625 0.4703125 0.0234375 0.0546875
0 0.13515625 0.653125 0.021875 0.0546875
0 0.19921875 0.6203125 0.0171875 0.05
0 0.059375 0.86796875 0.025 0.0625
0 0.0234375 0.79453125 0.028125 0.0515625
0 0.1109375 0.975 0.0234375 0.05
0 0.33828125 0.85625 0.01875 0.04375
0 0.35859375 0.67890625 0.025 0.0609375
0 0.33046875 0.7765625 0.025 0.034375
0 0.49921875 0.2828125 0.021875 0.0375
0 0.5875 0.84453125 0.021875 0.053125
0 0.64609375 0.86171875 0.0234375 0.05625
0 0.0265625 0.040625 0.03125 0.065625
0 0.0609375 0.57890625 0.025 0.071875