0 0.01015625 0.70859375 0.0203125 0.0625
0 0.0578125 0.596875 0.025 0.034375
0 0.025 0.56953125 0.0125 0.0640625
0 0.08984375 0.65859375 0.0203125 0.0375
0 0.115625 0.91328125 0.01875 0.0625
0 0.0875 0.41953125 0.028125 0.05625
0 0.08828125 0.37265625 0.0265625 0.06875
0 0.11640625 0.06875 0.01875 0.084375
0 0.1765625 0.0671875 0.025 0.06875
0 0.1609375 0.340625 0.01875 0.084375
0 0.246875 0.359375 0.0296875 0.053125
0 0.30390625 0.63828125 0.0375 0.05
0 0.3453125 0.19296875 0.0296875 0.0546875
0 0.51171875 0.59140625 0.025 0.08125
0 0.53515625 0.8359375 0.0375 0.040625
0 0.4765625 0.134375 0.0328125 0.0375
0 0.4296875 0.3546875 0.028125 0.0484375
0 0.4546875 0.4125 0.025 0.06875
0 0.5765625 0.6859375 0.034375 0.0640625
0 0.6359375 0.92734375 0.034375 0.06875
0 0.5953125 0.96875 0.0265625 0.0625
0 0.66875 0.7578125 0.0265625 0.053125
0 0.76796875 0.85859375 0.025 0.065625
0 0.65234375 0.28984375 0.0234375 0.06875
0 0.60078125 0.109375 0.0390625 0.0375
0 0.828125 0.87421875 0.015625 0.0875
0 0.8234375 0.84375 0.0234375 0.053125
0 0.8421875 0.38125 0.01875 0.05
0 0.81953125 0.4546875 0.021875 0.053125
0 0.81953125 0.31328125 0.0265625 0.06875
0 0.89921875 0.425 0.028125 0.05
0 0.95390625 0.56328125 0.0328125 0.0578125
0 0.94453125 0.9328125 0.03125 0.08125
0 0.928125 0.871875 0.01875 0.0828125
0 0.92890625 0.91796875 0.034375 0.0828125
0 0.9328125 0.37734375 0.025 0.0625
0 0.8015625 0.52578125 0.01875 0.053125
0 0.70546875 0.14140625 0.028125 0.0640625
0 0.71328125 0.0578125 0.0375 0.0375
0 0.66015625 0.03984375 0.028125 0.046875