0 0.97265625 0.16328125 0.0546875 0.0234375
0 0.27109375 0.11328125 0.046875 0.01875
0 0.5703125 0.11484375 0.06875 0.01875
0 0.78984375 0.0625 0.053125 0.01875
0 0.74921875 0.2671875 0.040625 0.0171875
0 0.4203125 0.3203125 0.0515625 0.025
0 0.03125 0.2515625 0.0625 0.025
0 0.91640625 0.0375 0.0421875 0.028125
0 0.30234375 0.10390625 0.059375 0.025
0 0.1046875 0.21171875 0.075 0.0234375
0 0.0203125 0.57265625 0.040625 0.0328125
0 0.4203125 0.62421875 0.053125 0.034375
0 0.7453125 0.50078125 0.05 0.0234375
0 0.8625 0.72265625 0.046875 0.025
0 0.7328125 0.775 0.053125 0.0234375
0 0.25625 0.81484375 0.053125 0.0328125
0 0.35859375 0.77578125 0.040625 0.034375
0 0.39609375 0.8765625 0.05625 0.0234375
0 0.14765625 0.88203125 0.0828125 0.01875
0 0.50546875 0.76484375 0.053125 0.021875
0 0.6453125 0.8328125 0.078125 0.025
0 0.07890625 0.87421875 0.05625 0.03125
0 0.971875 0.19453125 0.05625 0.0265625
0 0.41015625 0.775 0.0484375 0.0296875
0 0.1796875 0.9640625 0.05 0.021875
0 0.1515625 0.88203125 0.075 0.025
0 0.4765625 0.07578125 0.090625 0.0265625
0 0.84765625 0.35 0.0796875 0.028125
0 0.65859375 0.865625 0.075 0.021875
0 0.0171875 0.36796875 0.034375 0.025
0 0.225 0.95546875 0.071875 0.0265625
0 0.03203125 0.7453125 0.04375 0.0328125
0 0.375 0.8171875 0.053125 0.025
0 0.03046875 0.18828125 0.0609375 0.01875
0 0.175 0.66484375 0.0515625 0.03125
0 0.73671875 0.12421875 0.040625 0.03125
0 0.5046875 0.165625 0.075 0.025
0 0.30625 0.1375 0.078125 0.021875
0 0.03828125 0.13984375 0.059375 0.015625
0 0.64296875 0.8109375 0.0734375 0.034375
0 0.35703125 0.9625 0.06875 0.028125
0 0.928125 0.67109375 0.0453125 0.028125
0 0.89921875 0.53046875 0.0390625 0.028125
0 0.23046875 0.01796875 0.06875 0.015625
0 0.1 0.0703125 0.046875 0.025
0 0.0609375 0.93046875 0.059375 0.0296875