0 0.89921875 0.71015625 0.021875 0.053125
0 0.9125 0.56015625 0.01875 0.046875
0 0.9328125 0.6796875 0.01875 0.06875
0 0.88984375 0.96953125 0.021875 0.0609375
0 0.953125 0.84453125 0.01875 0.053125
0 0.7453125 0.84375 0.01875 0.0546875
0 0.6515625 0.85 0.01875 0.040625
0 0.71015625 0.73203125 0.021875 0.0515625
0 0.7578125 0.41796875 0.0171875 0.040625
0 0.89609375 0.42578125 0.025 0.040625
0 0.6796875 0.4203125 0.025 0.0515625
0 0.77890625 0.0546875 0.021875 0.05625
0 0.7484375 0.03125 0.025 0.0625
0 0.9203125 0.275 0.028125 0.0421875
0 0.88515625 0.0296875 0.025 0.059375
0 0.9 0.02421875 0.015625 0.0484375
0 0.734375 0.1484375 0.0234375 0.075
0 0.38828125 0.5515625 0.0328125 0.040625
0 0.37890625 0.30234375 0.034375 0.053125
0 0.38984375 0.02734375 0.025 0.0546875
0 0.45546875 0.80078125 0.0234375 0.05
0 0.4515625 0.97578125 0.025 0.0484375
0 0.271875 0.94140625 0.025 0.046875
0 0.27734375 0.68984375 0.0234375 0.053125
0 0.46171875 0.13984375 0.01875 0.0484375
0 0.2078125 0.109375 0.0375 0.03125
0 0.21953125 0.23515625 0.034375 0.040625
0 0.19609375 0.39765625 0.0234375 0.05625
0 0.1453125 0.3546875 0.01875 0.0828125
0 0.246875 0.5453125 0.021875 0.053125
0 0.17421875 0.50546875 0.025 0.078125
0 0.121875 0.103125 0.03125 0.05625
0 0.8640625 0.675 0.028125 0.05625
0 0.26875 0.4640625 0.025 0.06875
0 0.23984375 0.41015625 0.0296875 0.0484375
0 0.0671875 0.1609375 0.021875 0.05
0 0.10234375 0.15234375 0.025 0.075
0 0.93125 0.04140625 0.01875 0.08125
0 0.95078125 0.58828125 0.0265625 0.090625
0 0.76953125 0.7125 0.028125 0.0796875
0 0.1671875 0.43671875 0.021875 0.075
0 0.26171875 0.3421875 0.028125 0.05625
0 0.63203125 0.0171875 0.025 0.034375
0 0.3421875 0.109375 0.0265625 0.071875
0 0.2640625 0.26171875 0.0328125 0.04375
0 0.190625 0.12265625 0.025 0.053125
0 0.803125 0.10390625 0.01875 0.0609375
0 0.31015625 0.08125 0.03125 0.0515625
0 0.78515625 0.878125 0.01875 0.04375
0 0.86953125 0.85625 0.03125 0.040625
0 0.80625 0.78828125 0.025 0.0515625
0 0.8640625 0.55078125 0.025 0.075
0 0.8515625 0.05703125 0.021875 0.078125
0 0.78515625 0.39609375 0.015625 0.05
0 0.77578125 0.41953125 0.015625 0.059375
0 0.21484375 0.771875 0.034375 0.0734375