0 0.790625 0.05703125 0.08671875 0.0234375
0 0.37421875 0.16875 0.0609375 0.01953125
0 0.06953125 0.2015625 0.04375 0.034375
0 0.6109375 0.2171875 0.09140625 0.0234375
0 0.671875 0.2078125 0.0734375 0.02265625
0 0.95859375 0.11171875 0.0625 0.02421875
0 0.76328125 0.12734375 0.08828125 0.01796875
0 0.9140625 0.2296875 0.0609375 0.02421875
0 0.934375 0.2140625 0.05078125 0.0171875
0 0.97578125 0.2890625 0.04765625 0.0203125
0 0.6375 0.365625 0.0640625 0.03125
0 0.4046875 0.49296875 0.0703125 0.0296875
0 0.421875 0.475 0.05703125 0.0296875
0 0.25078125 0.51015625 0.065625 0.02265625
0 0.06328125 0.51015625 0.0703125 0.02109375
0 0.32421875 0.17734375 0.0609375 0.0203125
0 0.66015625 0.5265625 0.03125 0.0265625
0 0.69296875 0.5734375 0.0625 0.01875
0 0.43359375 0.60625 0.0546875 0.01796875
0 0.4078125 0.5875 0.03671875 0.02734375
0 0.19453125 0.5640625 0.0546875 0.0234375
0 0.77578125 0.52109375 0.06796875 0.0171875
0 0.921875 0.45703125 0.04453125 0.028125
0 0.85625 0.40859375 0.04765625 0.0234375
0 0.5703125 0.76796875 0.0625 0.021875
0 0.409375 0.69375 0.04609375 0.0203125
0 0.590625 0.8078125 0.0515625 0.02578125
0 0.63984375 0.83984375 0.06171875 0.02265625
0 0.53984375 0.83125 0.05390625 0.01953125
0 0.49921875 0.846875 0.0703125 0.021875
0 0.33515625 0.809375 0.05546875 0.01953125
0 0.32734375 0.84375 0.07578125 0.01953125
0 0.20625 0.8296875 0.06171875 0.021875
0 0.0484375 0.8828125 0.0484375 0.02109375
0 0.19453125 0.765625 0.05625 0.021875
0 0.26171875 0.71875 0.05234375 0.03125
0 0.03984375 0.68828125 0.0515625 0.02265625
0 0.2375 0.4265625 0.053125 0.01875
0 0.528125 0.78984375 0.0484375 0.01640625
0 0.471875 0.778125 0.046875 0.02578125