0 0.0203125 0.084375 0.040625 0.028125
0 0.2609375 0.125 0.05 0.021875
0 0.2046875 0.16640625 0.040625 0.021875
0 0.296875 0.1515625 0.0375 0.025
0 0.27578125 0.2484375 0.021875 0.03125
0 0.509375 0.1625 0.04375 0.025
0 0.51171875 0.19140625 0.05625 0.0265625
0 0.10859375 0.21171875 0.034375 0.025
0 0.12734375 0.2640625 0.046875 0.021875
0 0.1421875 0.234375 0.053125 0.015625
0 0.046875 0.2859375 0.04375 0.025
0 0.89921875 0.1421875 0.06875 0.0171875
0 0.9140625 0.10859375 0.05 0.01875
0 0.8984375 0.309375 0.04375 0.021875
0 0.475 0.37890625 0.034375 0.03125
0 0.1140625 0.41328125 0.0671875 0.021875
0 0.575 0.48359375 0.0453125 0.025
0 0.46328125 0.4953125 0.034375 0.0265625
0 0.6046875 0.584375 0.053125 0.03125
0 0.31328125 0.559375 0.021875 0.01875
0 0.2578125 0.5640625 0.046875 0.0234375
0 0.75625 0.49453125 0.046875 0.01875
0 0.9578125 0.50546875 0.034375 0.021875
0 0.875 0.53046875 0.059375 0.01875
0 0.0609375 0.4140625 0.0328125 0.015625
0 0.70703125 0.671875 0.05 0.01875
0 0.409375 0.784375 0.0375 0.0296875
0 0.53671875 0.784375 0.0359375 0.01875
0 0.48828125 0.81875 0.0375 0.021875
0 0.43515625 0.8421875 0.053125 0.0171875
0 0.6265625 0.84140625 0.03125 0.015625
0 0.72265625 0.84921875 0.034375 0.021875
0 0.8390625 0.80078125 0.0296875 0.015625
0 0.7953125 0.821875 0.0453125 0.0203125
0 0.934375 0.79453125 0.040625 0.015625
0 0.946875 0.74375 0.06875 0.0234375
0 0.81484375 0.6625 0.040625 0.01875