0 0.29140625 0.01015625 0.06171875 0.0203125
0 0.403125 0.0578125 0.034375 0.025
0 0.43046875 0.025 0.0640625 0.01328125
0 0.34140625 0.08984375 0.03828125 0.0203125
0 0.08671875 0.115625 0.06171875 0.01953125
0 0.58046875 0.0875 0.05625 0.02734375
0 0.62734375 0.08828125 0.06875 0.0265625
0 0.93125 0.11640625 0.084375 0.01953125
0 0.9328125 0.1765625 0.06875 0.02578125
0 0.659375 0.1609375 0.084375 0.01953125
0 0.640625 0.246875 0.05234375 0.0296875
0 0.36171875 0.30390625 0.05078125 0.0375
0 0.80703125 0.3453125 0.0546875 0.0296875
0 0.40859375 0.51171875 0.08203125 0.02421875
0 0.1640625 0.53515625 0.03984375 0.03671875
0 0.865625 0.4765625 0.03671875 0.0328125
0 0.6453125 0.4296875 0.0484375 0.028125
0 0.5875 0.4546875 0.06796875 0.025
0 0.3140625 0.5765625 0.0640625 0.034375
0 0.07265625 0.6359375 0.06875 0.03359375
0 0.03125 0.5953125 0.0625 0.0265625
0 0.2421875 0.66875 0.05234375 0.0265625
0 0.14140625 0.76796875 0.06484375 0.02578125
0 0.71015625 0.65234375 0.06796875 0.0234375
0 0.890625 0.60078125 0.03828125 0.0390625
0 0.12578125 0.828125 0.08828125 0.01484375
0 0.15625 0.8234375 0.05234375 0.0234375
0 0.61875 0.8421875 0.05078125 0.01953125
0 0.5453125 0.81953125 0.05390625 0.02109375
0 0.68671875 0.81953125 0.06796875 0.0265625
0 0.575 0.89921875 0.05078125 0.02734375
0 0.43671875 0.95390625 0.0578125 0.0328125
0 0.0671875 0.94453125 0.08046875 0.03203125
0 0.128125 0.928125 0.0828125 0.01875
0 0.08203125 0.92890625 0.0828125 0.03515625
0 0.62265625 0.9328125 0.06171875 0.02578125
0 0.47421875 0.8015625 0.05390625 0.01796875
0 0.85859375 0.70546875 0.0640625 0.02734375
0 0.9421875 0.71328125 0.03671875 0.03671875
0 0.96015625 0.66015625 0.04765625 0.02890625