0 0.221875 0.046875 0.0625 0.034375
0 0.15625 0.12890625 0.065625 0.025
0 0.1671875 0.196875 0.0875 0.03125
0 0.41640625 0.25234375 0.090625 0.0265625
0 0.51171875 0.29140625 0.059375 0.03125
0 0.58984375 0.2453125 0.0578125 0.028125
0 0.72421875 0.31328125 0.0578125 0.03125
0 0.9328125 0.3015625 0.0703125 0.03125
0 0.08359375 0.28046875 0.065625 0.0328125
0 0.0265625 0.23828125 0.0421875 0.034375
0 0.12265625 0.3671875 0.0703125 0.025
0 0.58203125 0.446875 0.06875 0.028125
0 0.48046875 0.375 0.08125 0.028125
0 0.775 0.53828125 0.071875 0.03125
0 0.49453125 0.5578125 0.05625 0.01875
0 0.6765625 0.59140625 0.090625 0.025
0 0.5765625 0.65546875 0.05625 0.025
0 0.5046875 0.62734375 0.059375 0.028125
0 0.05703125 0.6046875 0.0671875 0.03125
0 0.1234375 0.73359375 0.0578125 0.021875
0 0.065625 0.7703125 0.034375 0.021875
0 0.08671875 0.7890625 0.0375 0.01875
0 0.13671875 0.83828125 0.084375 0.028125
0 0.2203125 0.834375 0.071875 0.021875
0 0.65390625 0.840625 0.0625 0.0421875
0 0.36875 0.89296875 0.065625 0.0328125
0 0.31328125 0.59921875 0.0734375 0.025
0 0.6875 0.26796875 0.046875 0.0171875
0 0.6046875 0.27890625 0.0625 0.021875