2 0.33046875 0.0890625 0.040625 0.03125
2 0.38046875 0.090625 0.071875 0.0171875
2 0.75625 0.14375 0.065625 0.01875
2 0.86796875 0.15 0.078125 0.0125
2 0.07421875 0.05859375 0.059375 0.025
2 0.25546875 0.0984375 0.0390625 0.0125
2 0.35625 0.12890625 0.065625 0.01875
2 0.4875 0.19296875 0.0453125 0.03125
2 0.68046875 0.234375 0.065625 0.021875
2 0.075 0.18046875 0.0359375 0.0234375
2 0.4390625 0.315625 0.059375 0.0234375
2 0.3890625 0.21484375 0.040625 0.0171875
2 0.63515625 0.3109375 0.05 0.025
2 0.67265625 0.33515625 0.034375 0.025
2 0.50625 0.36953125 0.05625 0.03125
2 0.73359375 0.31875 0.046875 0.01875
2 0.78203125 0.3875 0.046875 0.021875
2 0.065625 0.3625 0.0375 0.03125
2 0.07734375 0.34140625 0.025 0.03125
2 0.10390625 0.525 0.034375 0.0328125
2 0.28984375 0.6078125 0.059375 0.025
2 0.12578125 0.67578125 0.0265625 0.03125
2 0.090625 0.56796875 0.03125 0.028125
2 0.6796875 0.70078125 0.04375 0.0296875
2 0.61953125 0.70234375 0.0609375 0.028125
2 0.38828125 0.759375 0.0640625 0.015625
2 0.19296875 0.83125 0.040625 0.0265625
2 0.5109375 0.8359375 0.059375 0.0171875
2 0.559375 0.84296875 0.059375 0.01875
2 0.73046875 0.80859375 0.05 0.01875
2 0.88828125 0.82890625 0.05625 0.021875
2 0.1984375 0.86875 0.0640625 0.01875
2 0.08828125 0.93203125 0.0734375 0.0296875
2 0.84765625 0.4921875 0.046875 0.0203125