0 0.97734375 0.046875 0.0234375 0.053125
0 0.978125 0.2234375 0.021875 0.06875
0 0.93046875 0.45234375 0.03125 0.034375
0 0.8859375 0.10234375 0.025 0.0625
0 0.85859375 0.18203125 0.0296875 0.03125
0 0.85390625 0.12421875 0.0125 0.05
0 0.82265625 0.45625 0.0203125 0.05625
0 0.840625 0.64765625 0.015625 0.078125
0 0.8640625 0.70078125 0.0171875 0.0140625
0 0.85078125 0.77890625 0.015625 0.0546875
0 0.8828125 0.653125 0.021875 0.053125
0 0.875 0.83515625 0.034375 0.0375
0 0.94609375 0.7203125 0.034375 0.0375
0 0.76875 0.5015625 0.028125 0.046875
0 0.6265625 0.3359375 0.028125 0.0515625
0 0.67265625 0.0234375 0.0234375 0.046875
0 0.57734375 0.03359375 0.0265625 0.0671875
0 0.4546875 0.22109375 0.0359375 0.046875
0 0.4796875 0.0421875 0.0359375 0.04375
0 0.43671875 0.115625 0.01875 0.0484375
0 0.49609375 0.26171875 0.025 0.05
0 0.4578125 0.35859375 0.03125 0.065625
0 0.3765625 0.515625 0.0234375 0.071875
0 0.38515625 0.50234375 0.025 0.0421875
0 0.28125 0.0875 0.01875 0.0671875
0 0.22890625 0.05390625 0.01875 0.040625
0 0.1984375 0.125 0.0296875 0.05625
0 0.2421875 0.2234375 0.021875 0.0625
0 0.21875 0.2234375 0.0171875 0.05
0 0.24375 0.42890625 0.025 0.0578125
0 0.5984375 0.79453125 0.028125 0.0546875
0 0.4953125 0.77890625 0.025 0.0625
0 0.78828125 0.6390625 0.01875 0.0625
0 0.325 0.92578125 0.0265625 0.034375
0 0.321875 0.8484375 0.0375 0.0671875
0 0.13828125 0.81171875 0.01875 0.0515625
0 0.12421875 0.53984375 0.025 0.084375
0 0.075 0.3765625 0.0140625 0.08125
0 0.03984375 0.4640625 0.021875 0.065625
0 0.05234375 0.03984375 0.028125 0.0796875
0 0.171875 0.221875 0.01875 0.053125
0 0.18515625 0.43203125 0.0203125 0.0640625
0 0.184375 0.725 0.025 0.059375
0 0.18125 0.528125 0.0125 0.0625
0 0.159375 0.546875 0.0234375 0.0609375