2 0.8828125 0.61484375 0.034375 0.0515625
2 0.84375 0.57734375 0.03125 0.13125
2 0.76171875 0.52578125 0.0421875 0.05
2 0.803125 0.7015625 0.03125 0.065625
2 0.775 0.70625 0.0328125 0.05625
2 0.7078125 0.93203125 0.046875 0.046875
2 0.64765625 0.878125 0.021875 0.0328125
2 0.95859375 0.48125 0.025 0.071875
2 0.878125 0.43203125 0.01875 0.046875
2 0.9828125 0.1375 0.034375 0.065625
2 0.88828125 0.42109375 0.01875 0.046875
2 0.96015625 0.065625 0.03125 0.053125
2 0.82265625 0.1390625 0.0328125 0.065625
2 0.88203125 0.24609375 0.0234375 0.059375
2 0.78671875 0.071875 0.0421875 0.0671875
2 0.65 0.15078125 0.0375 0.0515625
2 0.6578125 0.2375 0.034375 0.04375
2 0.603125 0.29296875 0.05 0.06875
2 0.64296875 0.5703125 0.028125 0.0609375
2 0.61484375 0.4859375 0.03125 0.0875
2 0.70234375 0.47109375 0.028125 0.078125
2 0.6828125 0.40859375 0.03125 0.05
2 0.4828125 0.0828125 0.0359375 0.059375
2 0.2890625 0.11328125 0.040625 0.071875
2 0.1828125 0.11015625 0.0265625 0.075
2 0.190625 0.11328125 0.01875 0.05
2 0.08515625 0.075 0.0359375 0.059375
2 0.18359375 0.37890625 0.015625 0.084375
2 0.190625 0.7296875 0.0140625 0.0765625
2 0.34453125 0.41015625 0.0375 0.1265625
2 0.3890625 0.41328125 0.03125 0.084375
2 0.35703125 0.55390625 0.040625 0.05625