2 0.0859375 0.71171875 0.021875 0.053125
2 0.065625 0.88203125 0.0234375 0.0625
2 0.05859375 0.8515625 0.021875 0.053125
2 0.10703125 0.44140625 0.025 0.0625
2 0.0859375 0.14296875 0.0203125 0.071875
2 0.10859375 0.325 0.0203125 0.05625
2 0.146875 0.6984375 0.01875 0.075
2 0.11484375 0.61875 0.0125 0.0734375
2 0.14140625 0.56875 0.021875 0.084375
2 0.21484375 0.27109375 0.021875 0.08125
2 0.2140625 0.134375 0.01875 0.0609375
2 0.13828125 0.93203125 0.028125 0.05
2 0.24765625 0.946875 0.0328125 0.0296875
2 0.27890625 0.8984375 0.03125 0.03125
2 0.246875 0.87734375 0.03125 0.0375
2 0.221875 0.78203125 0.025 0.0390625
2 0.25703125 0.36640625 0.0203125 0.065625
2 0.27578125 0.28125 0.01875 0.059375
2 0.30234375 0.3625 0.0265625 0.0546875
2 0.33125 0.86484375 0.0328125 0.034375
2 0.3734375 0.47109375 0.0234375 0.034375
2 0.465625 0.753125 0.0234375 0.046875
2 0.49375 0.8953125 0.021875 0.053125
2 0.54765625 0.87265625 0.0296875 0.034375
2 0.6078125 0.696875 0.0234375 0.0203125
2 0.6390625 0.959375 0.03125 0.03125
2 0.65546875 0.62734375 0.021875 0.046875
2 0.7765625 0.53046875 0.0203125 0.05625
2 0.75625 0.5171875 0.01875 0.071875
2 0.7265625 0.765625 0.034375 0.05625
2 0.7671875 0.815625 0.0125 0.0609375
2 0.72734375 0.9171875 0.025 0.0421875
2 0.859375 0.565625 0.01875 0.053125
2 0.84765625 0.4921875 0.0234375 0.059375
2 0.85703125 0.209375 0.0234375 0.040625
2 0.86953125 0.8140625 0.0203125 0.0609375
2 0.8046875 0.8671875 0.028125 0.04375
2 0.81484375 0.08203125 0.028125 0.034375