0 0.31015625 0.02109375 0.05859375 0.0203125
0 0.115625 0.12109375 0.07265625 0.021875
0 0.284375 0.1125 0.07109375 0.0203125
0 0.11953125 0.225 0.06171875 0.028125
0 0.10703125 0.2890625 0.0375 0.02578125
0 0.73515625 0.128125 0.0671875 0.02578125
0 0.73125 0.0921875 0.059375 0.01796875
0 0.8203125 0.11640625 0.053125 0.021875
0 0.7046875 0.18203125 0.0484375 0.03359375
0 0.58515625 0.18671875 0.05234375 0.025
0 0.396875 0.1453125 0.0546875 0.0171875
0 0.53984375 0.13828125 0.07109375 0.02890625
0 0.5296875 0.1140625 0.0578125 0.02265625
0 0.49375 0.23046875 0.06875 0.02421875
0 0.740625 0.22109375 0.06875 0.02109375
0 0.9328125 0.20625 0.0765625 0.01875
0 0.84375 0.29765625 0.0671875 0.02421875
0 0.75546875 0.37578125 0.04375 0.0390625
0 0.41953125 0.42734375 0.03984375 0.0328125
0 0.0578125 0.46953125 0.0515625 0.02265625
0 0.27734375 0.5390625 0.06796875 0.021875
0 0.62109375 0.63671875 0.04375 0.03046875
0 0.4875 0.4734375 0.071875 0.02109375
0 0.76953125 0.4890625 0.04453125 0.02421875
0 0.24375 0.675 0.0625 0.0328125
0 0.46171875 0.7171875 0.05859375 0.01796875
0 0.38046875 0.70078125 0.04453125 0.021875
0 0.14375 0.7640625 0.03203125 0.0328125
0 0.23203125 0.79140625 0.0578125 0.0203125
0 0.45078125 0.865625 0.0546875 0.0203125
0 0.0921875 0.7875 0.08046875 0.0203125
0 0.0421875 0.79453125 0.08359375 0.0203125
0 0.25078125 0.8890625 0.05234375 0.02734375
0 0.16875 0.94296875 0.06953125 0.01328125
0 0.29609375 0.93125 0.06953125 0.0375
0 0.67109375 0.803125 0.0640625 0.02421875
0 0.42265625 0.7546875 0.06484375 0.02734375
0 0.9625 0.22109375 0.0484375 0.01875
0 0.91953125 0.278125 0.0765625 0.0234375
0 0.45 0.8109375 0.06328125 0.0203125
0 0.2578125 0.92109375 0.06171875 0.0265625