0 0.9640625 0.25859375 0.071875 0.03125
0 0.90546875 0.22578125 0.065625 0.0171875
0 0.58046875 0.3296875 0.0734375 0.0359375
0 0.140625 0.32578125 0.0765625 0.0375
0 0.44609375 0.15078125 0.0890625 0.0375
0 0.05703125 0.19140625 0.065625 0.0375
0 0.72578125 0.10546875 0.05 0.03125
0 0.66953125 0.11328125 0.0625 0.03125
0 0.9609375 0.07578125 0.059375 0.025
0 0.84375 0.015625 0.09375 0.03125
0 0.225 0.05546875 0.0859375 0.01875
0 0.61796875 0.61953125 0.0703125 0.03125
0 0.83671875 0.6703125 0.078125 0.025
0 0.69453125 0.775 0.0765625 0.03125
0 0.6015625 0.878125 0.0890625 0.03125
0 0.84296875 0.87734375 0.0625 0.03125
0 0.95234375 0.9296875 0.0515625 0.028125
0 0.33046875 0.8296875 0.04375 0.0203125
0 0.30859375 0.85390625 0.0390625 0.0359375
0 0.915625 0.74921875 0.046875 0.0265625
0 0.87890625 0.26484375 0.0515625 0.01875
0 0.98046875 0.375 0.0390625 0.0296875
0 0.32109375 0.10234375 0.071875 0.0234375
0 0.50546875 0.07109375 0.0578125 0.025