2 0.94140625 0.66328125 0.04375 0.0796875
2 0.90859375 0.5546875 0.040625 0.0703125
2 0.85234375 0.59296875 0.0265625 0.1375
2 0.81015625 0.30390625 0.04375 0.1359375
2 0.81015625 0.42890625 0.03125 0.06875
2 0.7875 0.5046875 0.0234375 0.05625
2 0.74921875 0.225 0.0375 0.08125
2 0.91328125 0.29453125 0.034375 0.065625
2 0.90546875 0.03359375 0.04375 0.0671875
2 0.934375 0.90078125 0.04375 0.09375
2 0.8890625 0.88828125 0.021875 0.0609375
2 0.78828125 0.95234375 0.0375 0.0296875
2 0.73125 0.89609375 0.046875 0.0453125
2 0.61015625 0.7796875 0.04375 0.0578125
2 0.59140625 0.70703125 0.028125 0.08125
2 0.63984375 0.56015625 0.03125 0.0546875
2 0.609375 0.49609375 0.034375 0.05
2 0.840625 0.96640625 0.040625 0.04375
2 0.58515625 0.9546875 0.0375 0.034375
2 0.57109375 0.8578125 0.0375 0.0515625
2 0.528125 0.89765625 0.034375 0.05625
2 0.48125 0.84765625 0.05 0.040625
2 0.215625 0.64296875 0.0359375 0.0609375
2 0.1703125 0.590625 0.025 0.0546875
2 0.19375 0.22734375 0.025 0.0453125
2 0.2765625 0.8875 0.021875 0.0859375
2 0.3625 0.91875 0.028125 0.059375