0 0.7515625 0.17265625 0.06796875 0.01953125
0 0.42578125 0.0140625 0.05234375 0.01796875
0 0.44453125 0.23203125 0.04140625 0.0171875
0 0.34765625 0.35078125 0.0515625 0.02578125
0 0.634375 0.04921875 0.0421875 0.01796875
0 0.35078125 0.15625 0.05859375 0.02421875
0 0.05078125 0.165625 0.075 0.0234375
0 0.2328125 0.9265625 0.05234375 0.02265625
0 0.4859375 0.85234375 0.05625 0.0234375
0 0.0296875 0.8875 0.059375 0.01875
0 0.51953125 0.78359375 0.05234375 0.02109375
0 0.31484375 0.9203125 0.05390625 0.02421875
0 0.35546875 0.7765625 0.05625 0.03125
0 0.08828125 0.12734375 0.090625 0.0265625
0 0.68125 0.68671875 0.04375 0.0328125
0 0.60625 0.896875 0.05390625 0.02421875
0 0.44609375 0.12265625 0.0609375 0.01796875
0 0.27421875 0.67734375 0.0515625 0.03125
0 0.35625 0.228125 0.07421875 0.025
0 0.6421875 0.97578125 0.06015625 0.0265625
0 0.7515625 0.65703125 0.0453125 0.028125
0 0.83828125 0.17265625 0.06875 0.01640625
0 0.7734375 0.19375 0.04609375 0.025
0 0.95859375 0.30390625 0.0828125 0.0234375
0 0.58203125 0.23203125 0.04140625 0.01953125
0 0.69609375 0.24140625 0.05625 0.02109375
0 0.9046875 0.47734375 0.04921875 0.0359375
0 0.359375 0.96328125 0.0546875 0.028125
0 0.23046875 0.08046875 0.06640625 0.021875
0 0.128125 0.10078125 0.0421875 0.0234375
0 0.28359375 0.82890625 0.0625 0.025
0 0.8125 0.13125 0.05703125 0.02421875
0 0.4515625 0.89296875 0.05546875 0.0171875
0 0.14609375 0.03359375 0.0625 0.0203125
0 0.41953125 0.4234375 0.05 0.021875
0 0.0109375 0.2390625 0.021875 0.0203125
0 0.6625 0.49296875 0.05078125 0.028125
0 0.8703125 0.54375 0.03671875 0.02890625
0 0.30703125 0.56953125 0.04921875 0.02578125
0 0.38125 0.59140625 0.046875 0.01640625
0 0.55 0.66796875 0.06796875 0.0234375
0 0.109375 0.71640625 0.053125 0.02109375
0 0.06796875 0.75859375 0.05078125 0.0203125
0 0.30078125 0.76484375 0.05078125 0.03203125
0 0.0625 0.62890625 0.05234375 0.02890625