0 0.3875 0.10703125 0.0546875 0.01796875
0 0.278125 0.13125 0.05078125 0.0234375
0 0.0953125 0.14375 0.03828125 0.028125
0 0.1203125 0.0984375 0.08203125 0.0234375
0 0.2046875 0.01328125 0.07734375 0.02578125
0 0.86796875 0.04140625 0.06171875 0.0234375
0 0.81484375 0.01015625 0.07578125 0.0171875
0 0.6125 0.0734375 0.034375 0.03125
0 0.6484375 0.10703125 0.05703125 0.015625
0 0.55234375 0.0609375 0.06328125 0.015625
0 0.740625 0.07734375 0.0546875 0.0171875
0 0.83046875 0.1734375 0.04296875 0.02734375
0 0.7625 0.16015625 0.03828125 0.028125
0 0.70078125 0.1734375 0.065625 0.01640625
0 0.621875 0.1375 0.05546875 0.01640625
0 0.553125 0.18828125 0.065625 0.0140625
0 0.3484375 0.19765625 0.0453125 0.02109375
0 0.85078125 0.240625 0.06328125 0.01953125
0 0.85625 0.2078125 0.06484375 0.0171875
0 0.825 0.13828125 0.04921875 0.0140625
0 0.9375 0.24140625 0.053125 0.02734375
0 0.0578125 0.384375 0.07265625 0.01875
0 0.1421875 0.4015625 0.065625 0.0171875
0 0.07265625 0.428125 0.03203125 0.034375
0 0.0578125 0.46953125 0.0546875 0.01953125
0 0.63203125 0.51953125 0.06953125 0.01484375
0 0.7359375 0.48828125 0.0625 0.0203125
0 0.6265625 0.7 0.0421875 0.03828125
0 0.65703125 0.61875 0.0578125 0.02734375
0 0.11328125 0.8015625 0.0421875 0.03984375
0 0.27734375 0.8109375 0.06796875 0.0203125
0 0.5203125 0.78125 0.065625 0.02265625
0 0.20078125 0.7796875 0.06015625 0.02578125
0 0.18203125 0.74609375 0.04296875 0.0390625
0 0.11171875 0.64453125 0.0703125 0.02421875
0 0.11484375 0.75234375 0.06328125 0.01796875
0 0.4390625 0.88828125 0.046875 0.02265625
0 0.03671875 0.85703125 0.0734375 0.02109375
0 0.06484375 0.89375 0.0953125 0.0328125
0 0.38125 0.9203125 0.0921875 0.0171875
0 0.03671875 0.94296875 0.0734375 0.01796875
0 0.89609375 0.96015625 0.07265625 0.02578125
0 0.80859375 0.69140625 0.06484375 0.01953125
0 0.68203125 0.68359375 0.04921875 0.0171875
0 0.84765625 0.65625 0.07578125 0.0140625
0 0.72265625 0.30703125 0.03671875 0.03515625
0 0.87578125 0.34609375 0.05703125 0.02890625