0 0.96328125 0.69375 0.04375 0.128125
0 0.9265625 0.590625 0.028125 0.0828125
0 0.92421875 0.21328125 0.0328125 0.084375
0 0.9734375 0.15625 0.0234375 0.065625
0 0.8859375 0.1921875 0.034375 0.071875
0 0.88203125 0.27734375 0.028125 0.046875
0 0.85078125 0.49140625 0.05 0.065625
0 0.85234375 0.30859375 0.034375 0.090625
0 0.85078125 0.1578125 0.0375 0.090625
0 0.83828125 0.7859375 0.03125 0.0703125
0 0.88125 0.63671875 0.0203125 0.109375
0 0.76953125 0.803125 0.034375 0.115625
0 0.73515625 0.759375 0.0375 0.071875
0 0.73359375 0.59921875 0.0390625 0.0484375
0 0.72890625 0.4203125 0.0578125 0.075
0 0.725 0.35703125 0.0421875 0.08125
0 0.65390625 0.346875 0.05 0.1046875
0 0.675 0.02578125 0.040625 0.05
0 0.48046875 0.49296875 0.025 0.06875
0 0.425 0.13125 0.0328125 0.053125
0 0.41953125 0.39453125 0.01875 0.078125
0 0.4453125 0.38984375 0.01875 0.065625
0 0.48046875 0.80625 0.0375 0.0546875
0 0.3484375 0.74453125 0.028125 0.05
0 0.3328125 0.878125 0.0375 0.059375
0 0.35703125 0.4078125 0.0484375 0.05625
0 0.37265625 0.2484375 0.0203125 0.0984375
0 0.32265625 0.3609375 0.025 0.090625
0 0.3296875 0.05859375 0.021875 0.040625
0 0.275 0.2390625 0.021875 0.0671875
0 0.2875 0.18125 0.0234375 0.05
0 0.21015625 0.43515625 0.034375 0.078125
0 0.2578125 0.3265625 0.021875 0.053125
0 0.20234375 0.840625 0.03125 0.05
0 0.16953125 0.503125 0.025 0.05
0 0.125 0.27421875 0.028125 0.084375
0 0.0890625 0.190625 0.034375 0.11875
0 0.11796875 0.16171875 0.028125 0.078125
0 0.16953125 0.09375 0.025 0.078125
0 0.134375 0.32890625 0.025 0.08125
0 0.03046875 0.21328125 0.040625 0.0890625
0 0.08515625 0.77109375 0.028125 0.0640625