2 0.38515625 0.803125 0.0296875 0.0453125
2 0.3125 0.83515625 0.0265625 0.05625
2 0.271875 0.80859375 0.025 0.040625
2 0.22265625 0.6953125 0.0234375 0.040625
2 0.34453125 0.534375 0.028125 0.05625
2 0.33984375 0.65390625 0.028125 0.046875
2 0.25859375 0.47109375 0.028125 0.0375
2 0.1421875 0.6609375 0.021875 0.08125
2 0.16015625 0.409375 0.025 0.075
2 0.17109375 0.428125 0.021875 0.0625
2 0.18359375 0.43203125 0.0203125 0.078125
2 0.1875 0.55078125 0.021875 0.0703125
2 0.2015625 0.53125 0.0140625 0.065625
2 0.45 0.21796875 0.025 0.040625
2 0.21171875 0.88203125 0.021875 0.078125
2 0.359375 0.9421875 0.01875 0.0375
2 0.465625 0.94453125 0.021875 0.0359375
2 0.49765625 0.98046875 0.034375 0.0296875
2 0.64609375 0.92734375 0.0359375 0.034375
2 0.69140625 0.9734375 0.021875 0.03125
2 0.7078125 0.96640625 0.03125 0.0546875
2 0.7359375 0.07578125 0.0203125 0.05
2 0.78125 0.0484375 0.03125 0.0484375
2 0.9109375 0.059375 0.0171875 0.046875
2 0.89921875 0.0296875 0.0296875 0.05625
2 0.82890625 0.1703125 0.04375 0.040625
2 0.83359375 0.1578125 0.03125 0.06875
2 0.81171875 0.31328125 0.025 0.05625
2 0.84453125 0.4421875 0.0375 0.0609375
2 0.91640625 0.55859375 0.021875 0.0359375
2 0.86796875 0.58046875 0.021875 0.071875
2 0.8078125 0.55 0.0234375 0.0484375
2 0.8296875 0.53515625 0.021875 0.0875
2 0.8109375 0.72890625 0.028125 0.0515625
2 0.74609375 0.734375 0.01875 0.05625
2 0.7109375 0.703125 0.0203125 0.05625
2 0.75390625 0.690625 0.028125 0.046875
2 0.74609375 0.8703125 0.0265625 0.0671875
2 0.6765625 0.9015625 0.028125 0.0515625
2 0.68828125 0.8609375 0.03125 0.0546875
2 0.85234375 0.95 0.0203125 0.0453125
2 0.87265625 0.95625 0.021875 0.03125
2 0.87890625 0.903125 0.0296875 0.0421875
2 0.91953125 0.8109375 0.015625 0.075
2 0.89765625 0.925 0.021875 0.05625
2 0.89453125 0.66875 0.03125 0.059375
2 0.84296875 0.7953125 0.0328125 0.0390625