0 0.93203125 0.58359375 0.021875 0.0453125
0 0.890625 0.35390625 0.015625 0.0546875
0 0.89453125 0.2125 0.015625 0.065625
0 0.8640625 0.18359375 0.0375 0.025
0 0.87890625 0.08125 0.0203125 0.071875
0 0.85859375 0.5703125 0.021875 0.0671875
0 0.88125 0.5796875 0.021875 0.084375
0 0.8328125 0.31875 0.01875 0.071875
0 0.8421875 0.7453125 0.025 0.05
0 0.7765625 0.5828125 0.021875 0.0875
0 0.6828125 0.39609375 0.025 0.05
0 0.734375 0.4640625 0.021875 0.046875
0 0.67109375 0.1890625 0.034375 0.04375
0 0.60859375 0.27109375 0.028125 0.05625
0 0.5734375 0.24140625 0.0203125 0.075
0 0.528125 0.671875 0.0203125 0.065625
0 0.54375 0.5296875 0.03125 0.078125
0 0.52265625 0.9515625 0.028125 0.05
0 0.53046875 0.20234375 0.021875 0.05625
0 0.4546875 0.20625 0.021875 0.05625
0 0.40625 0.23203125 0.0140625 0.0625
0 0.36171875 0.54609375 0.025 0.075
0 0.3609375 0.34375 0.0296875 0.05
0 0.28828125 0.51640625 0.03125 0.0546875
0 0.31171875 0.6578125 0.021875 0.0578125
0 0.37734375 0.746875 0.01875 0.065625
0 0.28984375 0.73046875 0.028125 0.059375
0 0.24609375 0.69453125 0.025 0.05625
0 0.25546875 0.4140625 0.0328125 0.05
0 0.19609375 0.54140625 0.01875 0.075
0 0.153125 0.6953125 0.028125 0.075
0 0.203125 0.79296875 0.028125 0.0625
0 0.1828125 0.86328125 0.025 0.05625
0 0.1265625 0.8375 0.03125 0.05
0 0.15 0.93046875 0.025 0.046875
0 0.12109375 0.47734375 0.028125 0.053125
0 0.1453125 0.3875 0.028125 0.0625
0 0.0984375 0.22734375 0.028125 0.0453125
0 0.23125 0.07109375 0.0328125 0.0375
0 0.19375 0.28828125 0.021875 0.0671875
0 0.29921875 0.05546875 0.0375 0.028125
0 0.04921875 0.95390625 0.01875 0.065625