2 0.89921875 0.64296875 0.025 0.0921875
2 0.8875 0.46875 0.0265625 0.065625
2 0.85703125 0.32421875 0.034375 0.096875
2 0.9015625 0.28046875 0.0359375 0.065625
2 0.9609375 0.0890625 0.0359375 0.06875
2 0.9859375 0.15078125 0.0203125 0.06875
2 0.896875 0.090625 0.025 0.053125
2 0.73984375 0.35703125 0.03125 0.078125
2 0.7875 0.61875 0.025 0.059375
2 0.72265625 0.9109375 0.0234375 0.05
2 0.5375 0.4921875 0.053125 0.0625
2 0.4375 0.39609375 0.025 0.078125
2 0.4 0.46015625 0.0125 0.0359375
2 0.36171875 0.48125 0.028125 0.0390625
2 0.34375 0.38359375 0.025 0.0515625
2 0.4609375 0.15625 0.0375 0.0375
2 0.41328125 0.12109375 0.03125 0.025
2 0.28046875 0.10703125 0.021875 0.084375
2 0.14765625 0.2953125 0.0328125 0.05625
2 0.15546875 0.68046875 0.0234375 0.078125
2 0.14140625 0.89453125 0.021875 0.0765625
2 0.15390625 0.7984375 0.01875 0.040625
2 0.62109375 0.51015625 0.0375 0.09375