2 0.1171875 0.04765625 0.0640625 0.01953125
2 0.24140625 0.10703125 0.0625 0.02890625
2 0.23125 0.08828125 0.0640625 0.01640625
2 0.52890625 0.09921875 0.071875 0.02109375
2 0.95 0.08203125 0.05859375 0.0265625
2 0.9125 0.19296875 0.04765625 0.02109375
2 0.63125 0.32734375 0.05234375 0.02109375
2 0.61640625 0.28828125 0.07421875 0.0125
2 0.2140625 0.07578125 0.06953125 0.02421875
2 0.3484375 0.12890625 0.0453125 0.01875
2 0.07265625 0.31171875 0.0296875 0.02578125
2 0.06953125 0.3671875 0.03046875 0.028125
2 0.07578125 0.403125 0.03515625 0.03203125
2 0.10546875 0.3921875 0.0375 0.0234375
2 0.51953125 0.371875 0.03984375 0.034375
2 0.6484375 0.46328125 0.04453125 0.02265625
2 0.278125 0.56328125 0.04296875 0.0265625
2 0.08203125 0.609375 0.025 0.028125
2 0.7234375 0.653125 0.06171875 0.02109375
2 0.14609375 0.759375 0.03515625 0.02421875
2 0.13203125 0.7390625 0.03046875 0.02578125
2 0.05703125 0.771875 0.03828125 0.03046875
2 0.40859375 0.846875 0.084375 0.021875
2 0.65625 0.80859375 0.040625 0.02109375
2 0.69140625 0.82265625 0.04453125 0.01640625
2 0.58046875 0.8984375 0.07734375 0.02265625
2 0.2140625 0.85703125 0.04453125 0.02734375
2 0.6625 0.09921875 0.07421875 0.02421875
2 0.01953125 0.56796875 0.03828125 0.0328125
2 0.1734375 0.57265625 0.04765625 0.0296875
2 0.2453125 0.82109375 0.0546875 0.0171875