0 0.021875 0.04765625 0.0234375 0.09375
0 0.015625 0.95 0.028125 0.1
0 0.1171875 0.7015625 0.021875 0.06875
0 0.09609375 0.1859375 0.0265625 0.084375
0 0.13203125 0.2078125 0.0265625 0.0625
0 0.11328125 0.80234375 0.01875 0.06875
0 0.140625 0.67578125 0.0265625 0.0390625
0 0.1203125 0.63203125 0.0375 0.053125
0 0.0453125 0.18515625 0.015625 0.06875
0 0.25234375 0.64375 0.01875 0.053125
0 0.19375 0.0609375 0.03125 0.075
0 0.071875 0.49921875 0.0375 0.0640625
0 0.28125 0.0671875 0.034375 0.05625
0 0.3484375 0.64921875 0.034375 0.05625
0 0.56328125 0.7140625 0.03125 0.059375
0 0.72578125 0.53203125 0.0296875 0.0765625
0 0.64296875 0.1953125 0.028125 0.0625
0 0.6640625 0.23671875 0.025 0.05625
0 0.46171875 0.31875 0.03125 0.075
0 0.5828125 0.60859375 0.025 0.04375
0 0.609375 0.86328125 0.021875 0.0609375
0 0.559375 0.5578125 0.028125 0.0734375
0 0.76171875 0.621875 0.03125 0.071875
0 0.80859375 0.68359375 0.01875 0.046875
0 0.7890625 0.83125 0.028125 0.084375
0 0.8625 0.78828125 0.025 0.053125
0 0.8515625 0.96875 0.015625 0.0546875
0 0.74609375 0.78984375 0.021875 0.0421875
0 0.82109375 0.63671875 0.025 0.040625
0 0.8109375 0.403125 0.021875 0.040625
0 0.74453125 0.41484375 0.015625 0.0375
0 0.828125 0.6109375 0.01875 0.040625
0 0.875 0.28671875 0.0203125 0.046875
0 0.96640625 0.7125 0.028125 0.0625
0 0.9234375 0.7640625 0.0203125 0.0453125
0 0.8828125 0.6828125 0.025 0.046875
0 0.825 0.1671875 0.0234375 0.059375
0 0.92265625 0.30234375 0.021875 0.034375
0 0.92734375 0.1875 0.0328125 0.0578125
0 0.79140625 0.1875 0.028125 0.053125
0 0.84296875 0.2734375 0.03125 0.0765625
0 0.89765625 0.053125 0.025 0.0515625
0 0.7 0.79609375 0.0328125 0.0484375
0 0.840625 0.0328125 0.0296875 0.0375
0 0.63671875 0.56953125 0.0296875 0.059375
0 0.55 0.05625 0.0359375 0.0859375
0 0.25546875 0.47265625 0.028125 0.046875
0 0.32578125 0.10703125 0.025 0.053125
0 0.1984375 0.77109375 0.034375 0.0703125
0 0.94296875 0.86640625 0.0203125 0.0625
0 0.57890625 0.6890625 0.021875 0.06875
0 0.50078125 0.484375 0.03125 0.0875