0 0.98515625 0.65078125 0.01875 0.0859375
0 0.88671875 0.309375 0.021875 0.065625
0 0.9125 0.35234375 0.034375 0.059375
0 0.90390625 0.484375 0.034375 0.075
0 0.95078125 0.2328125 0.03125 0.0515625
0 0.92890625 0.1125 0.021875 0.05
0 0.84765625 0.73671875 0.021875 0.0578125
0 0.871875 0.75625 0.025 0.0671875
0 0.903125 0.971875 0.0234375 0.05625
0 0.846875 0.225 0.021875 0.075
0 0.76953125 0.30625 0.025 0.04375
0 0.80390625 0.33984375 0.021875 0.0578125
0 0.79765625 0.29140625 0.015625 0.078125
0 0.83828125 0.6296875 0.021875 0.05625
0 0.8265625 0.84453125 0.025 0.0359375
0 0.7703125 0.68125 0.025 0.0578125
0 0.79296875 0.6015625 0.021875 0.0625
0 0.8046875 0.64375 0.021875 0.059375
0 0.69375 0.23359375 0.0359375 0.0375
0 0.65078125 0.35546875 0.025 0.0453125
0 0.69765625 0.8625 0.0234375 0.053125
0 0.6421875 0.91796875 0.01875 0.0625
0 0.746875 0.94140625 0.025 0.065625
0 0.60390625 0.01875 0.0203125 0.0375
0 0.53515625 0.02265625 0.01875 0.0453125
0 0.57578125 0.77421875 0.021875 0.059375
0 0.546875 0.72578125 0.021875 0.05
0 0.43203125 0.59609375 0.021875 0.0515625
0 0.303125 0.4375 0.03125 0.04375
0 0.353125 0.23984375 0.025 0.059375
0 0.24140625 0.06640625 0.021875 0.03125
0 0.28671875 0.753125 0.034375 0.059375
0 0.21875 0.53203125 0.0265625 0.065625
0 0.1734375 0.40078125 0.021875 0.075
0 0.15625 0.4296875 0.03125 0.04375
0 0.1734375 0.23515625 0.021875 0.0921875
0 0.19296875 0.1109375 0.021875 0.0703125
0 0.1578125 0.81796875 0.0203125 0.059375
0 0.125 0.7578125 0.015625 0.09375
0 0.09453125 0.14375 0.0296875 0.0515625
0 0.03203125 0.54375 0.025 0.0453125
0 0.05859375 0.07578125 0.01875 0.065625