0 0.24921875 0.11015625 0.053125 0.021875
0 0.45625 0.08984375 0.046875 0.01875
0 0.3203125 0.0671875 0.06875 0.01875
0 0.10859375 0.0859375 0.0609375 0.021875
0 0.08828125 0.046875 0.053125 0.01875
0 0.15390625 0.2328125 0.0546875 0.01875
0 0.02109375 0.33359375 0.040625 0.01875
0 0.26796875 0.28984375 0.0515625 0.021875
0 0.48984375 0.1984375 0.040625 0.028125
0 0.85546875 0.16484375 0.040625 0.025
0 0.5796875 0.3203125 0.0515625 0.025
0 0.9109375 0.215625 0.05625 0.021875
0 0.96875 0.2515625 0.0625 0.025
0 0.7953125 0.11953125 0.0421875 0.028125
0 0.9140625 0.08203125 0.0484375 0.015625
0 0.83671875 0.2921875 0.075 0.0234375
0 0.41796875 0.60078125 0.040625 0.0328125
0 0.7484375 0.621875 0.053125 0.034375
0 0.97265625 0.61015625 0.0546875 0.025
0 0.10625 0.59609375 0.05 0.0234375
0 0.02421875 0.5484375 0.0484375 0.025
0 0.0546875 0.68984375 0.046875 0.025
0 0.25234375 0.68984375 0.053125 0.0234375
0 0.815625 0.56328125 0.0484375 0.01875
0 0.9828125 0.75546875 0.03125 0.0375
0 0.82109375 0.75234375 0.040625 0.034375
0 0.60234375 0.80390625 0.05625 0.0234375
0 0.63359375 0.84765625 0.0828125 0.01875
0 0.63203125 0.8984375 0.053125 0.021875
0 0.440625 0.74609375 0.053125 0.021875
0 0.49453125 0.82578125 0.078125 0.025
0 0.896875 0.878125 0.05625 0.03125
0 0.94609375 0.95078125 0.0609375 0.0328125
0 0.93203125 0.01328125 0.0796875 0.0265625
0 0.4734375 0.103125 0.05625 0.028125
0 0.48046875 0.73125 0.06875 0.025
0 0.58984375 0.76015625 0.0484375 0.0296875
0 0.8390625 0.9328125 0.05 0.021875
0 0.84765625 0.89765625 0.075 0.025
0 0.73515625 0.03515625 0.08125 0.01875
0 0.33203125 0.03671875 0.090625 0.0265625
0 0.4265625 0.17578125 0.0796875 0.028125
0 0.765625 0.83125 0.075 0.021875
0 0.6578125 0.73828125 0.05625 0.028125
0 0.9828125 0.3765625 0.034375 0.025
0 0.9640625 0.62890625 0.071875 0.0265625
0 0.68671875 0.64921875 0.04375 0.0328125
0 0.953125 0.8390625 0.053125 0.025
0 0.75546875 0.21796875 0.0609375 0.01875
0 0.91875 0.68984375 0.0515625 0.03125
0 0.121875 0.21484375 0.04375 0.01875
0 0.06640625 0.16640625 0.040625 0.03125
0 0.2375 0.2171875 0.05 0.025
0 0.45625 0.15859375 0.075 0.025