0 0.94921875 0.83203125 0.03125 0.0796875
0 0.9171875 0.5140625 0.025 0.084375
0 0.88203125 0.49609375 0.021875 0.078125
0 0.859375 0.52421875 0.025 0.059375
0 0.8328125 0.609375 0.0296875 0.059375
0 0.86328125 0.84609375 0.021875 0.06875
0 0.8734375 0.728125 0.0328125 0.0640625
0 0.81953125 0.3078125 0.034375 0.04375
0 0.76875 0.51953125 0.0375 0.0640625
0 0.6828125 0.41484375 0.034375 0.0515625
0 0.628125 0.27734375 0.0484375 0.06875
0 0.77890625 0.6875 0.0375 0.0859375
0 0.92421875 0.2046875 0.0375 0.05
0 0.9875 0.446875 0.025 0.053125
0 0.67734375 0.65390625 0.028125 0.06875
0 0.64453125 0.659375 0.028125 0.0796875
0 0.49375 0.88984375 0.01875 0.078125
0 0.46171875 0.8890625 0.0203125 0.0859375
0 0.4734375 0.63984375 0.028125 0.05
0 0.44296875 0.596875 0.03125 0.0515625
0 0.40390625 0.34921875 0.03125 0.0515625
0 0.39296875 0.2046875 0.025 0.059375
0 0.3734375 0.1265625 0.03125 0.059375
0 0.359375 0.27890625 0.028125 0.053125
0 0.33125 0.19140625 0.021875 0.03125
0 0.36796875 0.51796875 0.025 0.0703125
0 0.33125 0.609375 0.03125 0.0625
0 0.328125 0.51640625 0.025 0.05625
0 0.40859375 0.4890625 0.034375 0.0578125
0 0.2796875 0.8609375 0.03125 0.0625
0 0.32578125 0.8296875 0.03125 0.071875
0 0.25078125 0.853125 0.0234375 0.059375
0 0.22109375 0.84140625 0.025 0.0625
0 0.2265625 0.92578125 0.028125 0.075
0 0.1828125 0.725 0.025 0.06875
0 0.12265625 0.71796875 0.025 0.071875
0 0.146875 0.76484375 0.025 0.0640625
0 0.15078125 0.31875 0.028125 0.06875
0 0.115625 0.28125 0.025 0.04375
0 0.20703125 0.44140625 0.028125 0.059375
0 0.23203125 0.471875 0.021875 0.04375
0 0.2453125 0.328125 0.025 0.059375
0 0.234375 0.17421875 0.034375 0.0359375
0 0.59765625 0.78828125 0.0234375 0.065625