2 0.1 0.80078125 0.0359375 0.0703125
2 0.09296875 0.91796875 0.0234375 0.065625
2 0.1421875 0.57109375 0.025 0.065625
2 0.1625 0.66015625 0.025 0.046875
2 0.10390625 0.48125 0.0234375 0.046875
2 0.10546875 0.190625 0.0171875 0.0453125
2 0.1 0.1421875 0.025 0.04375
2 0.1640625 0.26640625 0.0265625 0.034375
2 0.1828125 0.30703125 0.021875 0.034375
2 0.18046875 0.36015625 0.025 0.0328125
2 0.29296875 0.0625 0.034375 0.071875
2 0.3796875 0.13515625 0.025 0.0609375
2 0.3421875 0.11953125 0.028125 0.059375
2 0.4578125 0.09765625 0.01875 0.025
2 0.4859375 0.21875 0.0359375 0.075
2 0.58671875 0.0703125 0.04375 0.0375
2 0.58359375 0.59609375 0.01875 0.0375
2 0.55625 0.58359375 0.0359375 0.046875
2 0.34453125 0.27265625 0.034375 0.05625
2 0.78671875 0.32265625 0.03125 0.08125
2 0.79453125 0.27578125 0.021875 0.0859375
2 0.7671875 0.52734375 0.01875 0.0625
2 0.82421875 0.6484375 0.021875 0.0296875
2 0.80234375 0.678125 0.021875 0.0625
2 0.834375 0.73046875 0.0171875 0.065625
2 0.8484375 0.43984375 0.021875 0.065625
2 0.85 0.3828125 0.021875 0.0640625
2 0.7921875 0.73515625 0.01875 0.0375
2 0.771875 0.77265625 0.03125 0.0859375
2 0.69140625 0.478125 0.03125 0.0390625
2 0.60078125 0.8375 0.025 0.059375