0 0.09296875 0.059375 0.05625 0.03125
0 0.7390625 0.0109375 0.096875 0.021875
0 0.74609375 0.06484375 0.0984375 0.025
0 0.9 0.109375 0.0625 0.021875
0 0.5828125 0.11640625 0.065625 0.028125
0 0.95390625 0.1421875 0.0640625 0.025
0 0.26953125 0.14765625 0.090625 0.03125
0 0.2078125 0.10546875 0.0546875 0.025
0 0.28203125 0.103125 0.04375 0.025
0 0.15234375 0.18359375 0.078125 0.0328125
0 0.59296875 0.15703125 0.05 0.01875
0 0.51171875 0.2140625 0.071875 0.028125
0 0.59296875 0.2609375 0.071875 0.0296875
0 0.184375 0.24296875 0.08125 0.025
0 0.034375 0.32265625 0.065625 0.028125
0 0.21484375 0.33828125 0.06875 0.03125
0 0.2109375 0.4078125 0.065625 0.0265625
0 0.4078125 0.3609375 0.078125 0.034375
0 0.80703125 0.48828125 0.065625 0.028125
0 0.45234375 0.4640625 0.075 0.04375
0 0.125 0.51328125 0.0625 0.0296875
0 0.06484375 0.5671875 0.075 0.0328125
0 0.315625 0.56875 0.0875 0.0375
0 0.45078125 0.61484375 0.075 0.0390625
0 0.89140625 0.61796875 0.0796875 0.028125
0 0.965625 0.59609375 0.05625 0.0421875
0 0.45234375 0.740625 0.075 0.028125
0 0.61015625 0.7140625 0.075 0.0328125
0 0.81171875 0.69375 0.0484375 0.025
0 0.73828125 0.7328125 0.06875 0.01875
0 0.73671875 0.79140625 0.09375 0.028125
0 0.73046875 0.85546875 0.0484375 0.025
0 0.61640625 0.9 0.075 0.0296875
0 0.628125 0.92265625 0.1 0.025
0 0.3328125 0.909375 0.1 0.021875
0 0.35703125 0.840625 0.0578125 0.01875
0 0.4015625 0.8453125 0.046875 0.028125
0 0.4765625 0.82890625 0.0625 0.0234375
0 0.34453125 0.82265625 0.096875 0.021875
0 0.053125 0.80078125 0.065625 0.025
0 0.27734375 0.753125 0.053125 0.0265625
0 0.778125 0.93046875 0.046875 0.025