0 0.1578125 0.890625 0.040625 0.02734375
0 0.246875 0.903125 0.0390625 0.01953125
0 0.05703125 0.9203125 0.04375 0.0171875
0 0.33203125 0.86875 0.0421875 0.02578125
0 0.39375 0.85 0.046875 0.03828125
0 0.30859375 0.8421875 0.0453125 0.0203125
0 0.265625 0.81640625 0.0875 0.01875
0 0.23125 0.7578125 0.07265625 0.02109375
0 0.56953125 0.7328125 0.07265625 0.01484375
0 0.49609375 0.8140625 0.05703125 0.01484375
0 0.5484375 0.8515625 0.05078125 0.02265625
0 0.75 0.90703125 0.065625 0.02265625
0 0.5234375 0.7015625 0.07734375 0.01640625
0 0.11171875 0.6515625 0.0484375 0.025
0 0.1859375 0.6484375 0.05546875 0.021875
0 0.02421875 0.68828125 0.0484375 0.0359375
0 0.17421875 0.58828125 0.05234375 0.01875
0 0.91640625 0.64921875 0.0390625 0.0359375
0 0.4609375 0.56015625 0.040625 0.0296875
0 0.29140625 0.34609375 0.05703125 0.03984375
0 0.14609375 0.3421875 0.0703125 0.02734375
0 0.44921875 0.3109375 0.046875 0.02265625
0 0.0515625 0.24375 0.103125 0.0140625
0 0.78515625 0.22578125 0.07265625 0.034375
0 0.88125 0.3140625 0.0390625 0.034375
0 0.928125 0.3578125 0.0421875 0.0296875
0 0.846875 0.165625 0.05859375 0.025
0 0.92734375 0.1625 0.040625 0.03046875
0 0.725 0.1671875 0.0875 0.03671875
0 0.51171875 0.16484375 0.05390625 0.02578125
0 0.4453125 0.140625 0.05546875 0.02578125
0 0.43671875 0.1046875 0.065625 0.03125
0 0.22578125 0.08671875 0.1109375 0.0375
0 0.1265625 0.09921875 0.04375 0.0171875
0 0.025 0.103125 0.05 0.021875
0 0.0734375 0.03984375 0.065625 0.0328125
0 0.2875 0.0171875 0.07734375 0.02265625
0 0.84609375 0.02265625 0.0609375 0.03203125
0 0.25546875 0.15234375 0.09765625 0.03203125
0 0.7109375 0.39453125 0.065625 0.04140625
0 0.72890625 0.48046875 0.05390625 0.04609375