0 0.97890625 0.31015625 0.0203125 0.059375
0 0.87890625 0.115625 0.021875 0.071875
0 0.8875 0.284375 0.0203125 0.071875
0 0.775 0.11953125 0.028125 0.0625
0 0.7109375 0.10703125 0.025 0.0375
0 0.871875 0.73515625 0.025 0.0671875
0 0.9078125 0.73125 0.01875 0.059375
0 0.88359375 0.8203125 0.021875 0.053125
0 0.81796875 0.7046875 0.034375 0.0484375
0 0.81328125 0.58515625 0.025 0.053125
0 0.8546875 0.396875 0.0171875 0.0546875
0 0.86171875 0.53984375 0.028125 0.071875
0 0.8859375 0.5296875 0.021875 0.0578125
0 0.76953125 0.49375 0.025 0.06875
0 0.77890625 0.740625 0.021875 0.06875
0 0.79375 0.9328125 0.01875 0.0765625
0 0.70234375 0.84375 0.025 0.0671875
0 0.62421875 0.75546875 0.0390625 0.04375
0 0.57265625 0.41953125 0.0328125 0.040625
0 0.53046875 0.0578125 0.021875 0.0515625
0 0.4609375 0.27734375 0.021875 0.06875
0 0.36328125 0.62109375 0.03125 0.04375
0 0.5265625 0.4875 0.021875 0.071875
0 0.5109375 0.76953125 0.025 0.04375
0 0.325 0.24375 0.0328125 0.0625
0 0.2828125 0.46171875 0.01875 0.059375
0 0.29921875 0.38046875 0.021875 0.04375
0 0.2359375 0.14375 0.0328125 0.03125
0 0.20859375 0.23203125 0.0203125 0.0578125
0 0.134375 0.45078125 0.0203125 0.0546875
0 0.2125 0.0921875 0.0203125 0.08125
0 0.20546875 0.0421875 0.0203125 0.084375
0 0.1109375 0.25078125 0.028125 0.053125
0 0.05703125 0.16875 0.0125 0.06875
0 0.06875 0.29609375 0.0375 0.06875
0 0.196875 0.67109375 0.025 0.0640625
0 0.2453125 0.42265625 0.028125 0.065625
0 0.77890625 0.9625 0.01875 0.0484375
0 0.721875 0.91953125 0.0234375 0.0765625
0 0.1890625 0.45 0.0203125 0.0625
0 0.07890625 0.2578125 0.0265625 0.0625