0 0.08203125 0.78828125 0.0203125 0.0640625
0 0.08671875 0.25 0.01875 0.05
0 0.05 0.1765625 0.025 0.0703125
0 0.009375 0.37734375 0.01875 0.08125
0 0.13203125 0.66328125 0.01875 0.0703125
0 0.16875 0.653125 0.01875 0.0421875
0 0.265625 0.5265625 0.015625 0.0546875
0 0.246875 0.36640625 0.025 0.059375
0 0.29140625 0.47578125 0.028125 0.075
0 0.2546875 0.1546875 0.025 0.053125
0 0.23984375 0.28671875 0.021875 0.0375
0 0.0953125 0.07734375 0.03125 0.0375
0 0.23359375 0.96796875 0.025 0.05625
0 0.3828125 0.97578125 0.03125 0.040625
0 0.384375 0.615625 0.03125 0.059375
0 0.36328125 0.2984375 0.0234375 0.071875
0 0.346875 0.21484375 0.0234375 0.06875
0 0.428125 0.11328125 0.021875 0.065625
0 0.521875 0.275 0.015625 0.05625
0 0.47421875 0.375 0.040625 0.05625
0 0.58046875 0.4171875 0.015625 0.06875
0 0.5125 0.58359375 0.0171875 0.06875
0 0.59375 0.93984375 0.028125 0.046875
0 0.6625 0.87265625 0.0234375 0.0796875
0 0.69140625 0.65625 0.0203125 0.065625
0 0.66484375 0.5078125 0.0234375 0.0578125
0 0.76015625 0.76015625 0.034375 0.06875
0 0.74296875 0.78203125 0.028125 0.0578125
0 0.76171875 0.6015625 0.028125 0.0390625
0 0.7890625 0.6109375 0.0171875 0.059375
0 0.80859375 0.73984375 0.0234375 0.0625
0 0.8296875 0.77421875 0.025 0.075
0 0.8640625 0.48046875 0.0265625 0.075
0 0.84296875 0.48125 0.021875 0.053125
0 0.86015625 0.30625 0.025 0.065625
0 0.88515625 0.79140625 0.021875 0.053125
0 0.634375 0.14609375 0.01875 0.071875
0 0.61875 0.12421875 0.025 0.071875
0 0.8203125 0.89375 0.0171875 0.08125
0 0.48671875 0.80546875 0.028125 0.05