0 0.63828125 0.3046875 0.05234375 0.01953125
0 0.54296875 0.2546875 0.07578125 0.0140625
0 0.22109375 0.32421875 0.078125 0.02578125
0 0.1453125 0.36640625 0.0640625 0.01953125
0 0.2546875 0.15 0.04375 0.040625
0 0.140625 0.13125 0.0546875 0.040625
0 0.2234375 0.08828125 0.034375 0.03359375
0 0.4734375 0.0609375 0.0390625 0.03359375
0 0.53046875 0.04140625 0.06484375 0.025
0 0.84375 0.10390625 0.071875 0.0375
0 0.9375 0.11875 0.05078125 0.0390625
0 0.92265625 0.1859375 0.04375 0.0375
0 0.33203125 0.1234375 0.0578125 0.0203125
0 0.36171875 0.1625 0.06640625 0.025
0 0.2046875 0.5171875 0.0859375 0.0484375
0 0.34140625 0.646875 0.08828125 0.03203125
0 0.16640625 0.67578125 0.07421875 0.03203125
0 0.29765625 0.39609375 0.05078125 0.0296875
0 0.271875 0.49296875 0.03984375 0.0609375
0 0.4 0.70859375 0.10546875 0.0359375
0 0.6109375 0.8109375 0.09609375 0.04296875
0 0.5125 0.9203125 0.0609375 0.01640625
0 0.1578125 0.80390625 0.08359375 0.0328125
0 0.18828125 0.8609375 0.05234375 0.0296875
0 0.23984375 0.846875 0.07890625 0.021875
0 0.1890625 0.9421875 0.0546875 0.02734375
0 0.67890625 0.9453125 0.1078125 0.034375
0 0.5453125 0.21015625 0.05 0.04375
0 0.5734375 0.1734375 0.0484375 0.02734375
0 0.76796875 0.165625 0.0359375 0.04296875
0 0.92734375 0.36484375 0.07109375 0.0234375
0 0.821875 0.39609375 0.0609375 0.025
0 0.790625 0.446875 0.05 0.03671875
0 0.39296875 0.50625 0.04921875 0.01953125
0 0.77578125 0.7234375 0.05 0.0359375
0 0.48671875 0.8390625 0.03671875 0.03984375