0 0.03671875 0.02890625 0.0515625 0.015625
0 0.06796875 0.115625 0.05 0.021875
0 0.45546875 0.071875 0.0328125 0.0265625
0 0.71640625 0.05234375 0.04375 0.02890625
0 0.1765625 0.13828125 0.04765625 0.02578125
0 0.66171875 0.159375 0.04921875 0.015625
0 0.69375 0.14375 0.04609375 0.01171875
0 0.51015625 0.23125 0.0453125 0.02421875
0 0.49453125 0.18046875 0.04140625 0.01484375
0 0.66875 0.21015625 0.04609375 0.01328125
0 0.8359375 0.12421875 0.03671875 0.02734375
0 0.83125 0.11640625 0.05546875 0.01484375
0 0.6234375 0.12109375 0.04921875 0.0125
0 0.8203125 0.1640625 0.06640625 0.01484375
0 0.959375 0.18515625 0.0390625 0.01953125
0 0.26796875 0.30625 0.040625 0.02734375
0 0.0140625 0.31953125 0.028125 0.021875
0 0.32734375 0.36484375 0.03671875 0.028125
0 0.028125 0.4234375 0.0515625 0.01953125
0 0.8 0.396875 0.03046875 0.025
0 0.78125 0.50859375 0.059375 0.015625
0 0.3546875 0.54296875 0.05078125 0.0203125
0 0.2234375 0.54140625 0.053125 0.02734375
0 0.02890625 0.53125 0.0359375 0.03046875
0 0.16875 0.446875 0.05703125 0.015625
0 0.11484375 0.565625 0.04609375 0.0171875
0 0.496875 0.61171875 0.05703125 0.01484375
0 0.5359375 0.6140625 0.046875 0.0171875
0 0.878125 0.64921875 0.05078125 0.015625
0 0.9234375 0.6765625 0.03359375 0.034375
0 0.84140625 0.6546875 0.03828125 0.0296875
0 0.934375 0.38359375 0.04921875 0.0171875
0 0.09765625 0.72109375 0.0578125 0.01875
0 0.05625 0.775 0.0375 0.0265625
0 0.2375 0.75546875 0.04921875 0.01875
0 0.2390625 0.77890625 0.040625 0.021875
0 0.17890625 0.79296875 0.05390625 0.01875
0 0.296875 0.8125 0.06640625 0.01953125
0 0.4 0.81484375 0.0546875 0.0171875
0 0.39140625 0.73671875 0.0609375 0.028125
0 0.73984375 0.81484375 0.0328125 0.02421875
0 0.50234375 0.86875 0.07109375 0.0203125
0 0.49609375 0.74296875 0.04453125 0.02109375
0 0.4265625 0.95078125 0.05234375 0.02265625
0 0.04296875 0.26875 0.02890625 0.02578125