0 0.98828125 0.33203125 0.0234375 0.09375
0 0.98125 0.08046875 0.028125 0.1
0 0.92890625 0.27421875 0.021875 0.06875
0 0.89375 0.5453125 0.0234375 0.1
0 0.87421875 0.59375 0.0265625 0.084375
0 0.91015625 0.4625 0.0265625 0.0625
0 0.83046875 0.153125 0.01875 0.06875
0 0.86171875 0.29296875 0.0265625 0.0390625
0 0.759375 0.49453125 0.028125 0.0375
0 0.8546875 0.3515625 0.0375 0.053125
0 0.87265625 0.96328125 0.015625 0.06875
0 0.73984375 0.4796875 0.01875 0.053125
0 0.81640625 0.8796875 0.03125 0.075
0 0.79140625 0.58046875 0.03125 0.06875
0 0.8359375 0.5203125 0.0375 0.0640625
0 0.70390625 0.9625 0.034375 0.05625
0 0.6515625 0.35078125 0.034375 0.05625
0 0.51484375 0.36328125 0.03125 0.059375
0 0.61953125 0.77890625 0.028125 0.0734375
0 0.28828125 0.60390625 0.0296875 0.0765625
0 0.334375 0.84453125 0.028125 0.0625
0 0.31171875 0.6921875 0.025 0.05625
0 0.478125 0.39140625 0.03125 0.075
0 0.41171875 0.40546875 0.025 0.04375
0 0.37734375 0.15234375 0.021875 0.0609375
0 0.4265625 0.3984375 0.021875 0.0359375
0 0.34921875 0.26484375 0.021875 0.04375
0 0.29375 0.16484375 0.03125 0.0671875
0 0.2765625 0.02265625 0.01875 0.0453125
0 0.18828125 0.109375 0.028125 0.084375
0 0.17109375 0.08828125 0.025 0.053125
0 0.153125 0.03125 0.015625 0.0546875
0 0.23515625 0.34453125 0.021875 0.0421875
0 0.21328125 0.38046875 0.025 0.040625
0 0.18203125 0.51953125 0.021875 0.040625
0 0.21484375 0.4953125 0.015625 0.0375
0 0.1875 0.4453125 0.01875 0.040625
0 0.13046875 0.4140625 0.0203125 0.046875
0 0.10625 0.3328125 0.021875 0.034375
0 0.06875 0.246875 0.01875 0.046875
0 0.0828125 0.253125 0.015625 0.046875
0 0.09765625 0.23046875 0.0203125 0.0453125
0 0.15078125 0.43359375 0.0125 0.04375
0 0.08828125 0.3421875 0.009375 0.05
0 0.12109375 0.64375 0.0234375 0.059375
0 0.1 0.553125 0.021875 0.034375
0 0.0890625 0.74765625 0.0328125 0.0578125
0 0.21875 0.825 0.028125 0.0515625
0 0.2515625 0.79765625 0.0234375 0.034375
0 0.171875 0.71015625 0.03125 0.0765625
0 0.1921875 0.68359375 0.025 0.0515625
0 0.2859375 0.9609375 0.0328125 0.05
0 0.1890625 0.971875 0.0296875 0.0390625
0 0.35390625 0.475 0.0296875 0.059375
0 0.73046875 0.971875 0.0265625 0.0359375
0 0.4671875 0.89140625 0.0359375 0.0859375