0 0.66328125 0.06796875 0.09296875 0.0546875
0 0.20859375 0.0734375 0.10546875 0.04375
0 0.228125 0.0546875 0.06328125 0.025
0 0.459375 0.1453125 0.09921875 0.0359375
0 0.38515625 0.16484375 0.07890625 0.034375
0 0.19453125 0.16328125 0.06796875 0.03671875
0 0.08515625 0.1921875 0.0953125 0.046875
0 0.06953125 0.1578125 0.0453125 0.028125
0 0.28515625 0.23828125 0.06640625 0.03203125
0 0.40078125 0.3125 0.0859375 0.04921875
0 0.2734375 0.32421875 0.09296875 0.03515625
0 0.11484375 0.35078125 0.0609375 0.034375
0 0.62265625 0.1984375 0.08984375 0.04375
0 0.83046875 0.11328125 0.0703125 0.03125
0 0.2265625 0.1265625 0.0390625 0.02578125
0 0.30625 0.12734375 0.05703125 0.0203125
0 0.8828125 0.24296875 0.08125 0.0390625
0 0.921875 0.1265625 0.05078125 0.02265625
0 0.0265625 0.47890625 0.053125 0.0328125
0 0.325 0.596875 0.05234375 0.03359375
0 0.03671875 0.61015625 0.0625 0.0265625
0 0.51875 0.784375 0.05546875 0.02109375
0 0.4484375 0.82265625 0.05234375 0.02890625
0 0.503125 0.86171875 0.06328125 0.01875
0 0.315625 0.840625 0.05078125 0.0265625
0 0.2609375 0.7890625 0.05703125 0.02890625
0 0.1265625 0.83984375 0.04296875 0.0375
0 0.8546875 0.83671875 0.06640625 0.0234375
0 0.8796875 0.7921875 0.046875 0.03125
0 0.69375 0.56328125 0.09296875 0.03046875