0 0.1109375 0.0328125 0.06328125 0.03203125
0 0.5796875 0.07578125 0.07265625 0.025
0 0.24921875 0.06953125 0.0484375 0.02734375
0 0.61953125 0.009375 0.05078125 0.01875
0 0.55234375 0.0171875 0.0578125 0.01953125
0 0.3109375 0.14609375 0.05078125 0.02578125
0 0.35078125 0.15078125 0.05703125 0.01953125
0 0.5609375 0.19765625 0.03671875 0.03046875
0 0.8921875 0.2390625 0.04921875 0.02578125
0 0.7625 0.2640625 0.0421875 0.03046875
0 0.4375 0.246875 0.034375 0.02578125
0 0.4765625 0.2421875 0.0578125 0.01875
0 0.34296875 0.34296875 0.06171875 0.02734375
0 0.3875 0.45625 0.0546875 0.02421875
0 0.36953125 0.53984375 0.0375 0.0171875
0 0.15703125 0.621875 0.071875 0.02109375
0 0.3765625 0.5828125 0.078125 0.01796875
0 0.26953125 0.64921875 0.03828125 0.0296875
0 0.51796875 0.659375 0.06796875 0.0203125
0 0.90546875 0.67421875 0.06171875 0.02109375
0 0.2296875 0.92578125 0.05546875 0.0171875
0 0.22578125 0.90859375 0.071875 0.01953125
0 0.03671875 0.85 0.0671875 0.0171875
0 0.6375 0.88125 0.04921875 0.02578125
0 0.77890625 0.896875 0.03515625 0.0265625
0 0.63046875 0.96953125 0.0453125 0.0328125
0 0.38515625 0.815625 0.04765625 0.02421875
0 0.8171875 0.884375 0.04453125 0.02578125
0 0.1546875 0.71015625 0.046875 0.01875
0 0.3203125 0.76484375 0.05 0.02578125
0 0.3984375 0.76875 0.059375 0.01875
0 0.48515625 0.7921875 0.0703125 0.01640625
0 0.09921875 0.83046875 0.053125 0.01953125
0 0.9015625 0.13046875 0.0375 0.01953125
0 0.06953125 0.8046875 0.046875 0.01875
0 0.18203125 0.89140625 0.0578125 0.01640625