0 0.69375 0.03671875 0.12734375 0.04453125
0 0.590625 0.0734375 0.0828125 0.02734375
0 0.21328125 0.07578125 0.08515625 0.0328125
0 0.15625 0.0265625 0.065625 0.0234375
0 0.1921875 0.1140625 0.071875 0.03359375
0 0.27734375 0.11796875 0.046875 0.02890625
0 0.49140625 0.14921875 0.06640625 0.05078125
0 0.30859375 0.14765625 0.09140625 0.03515625
0 0.1578125 0.14921875 0.09140625 0.03828125
0 0.7859375 0.16171875 0.06953125 0.03203125
0 0.63671875 0.11875 0.109375 0.0203125
0 0.803125 0.23046875 0.115625 0.03359375
0 0.759375 0.26484375 0.071875 0.0375
0 0.59921875 0.26640625 0.0484375 0.0390625
0 0.4203125 0.27109375 0.075 0.0578125
0 0.35703125 0.275 0.08203125 0.0421875
0 0.346875 0.34609375 0.1046875 0.05078125
0 0.02578125 0.325 0.05078125 0.03984375
0 0.49296875 0.51953125 0.06953125 0.02421875
0 0.13125 0.575 0.053125 0.0328125
0 0.39453125 0.58046875 0.07734375 0.01796875
0 0.38984375 0.5546875 0.06484375 0.01953125
0 0.80625 0.51953125 0.0546875 0.0375
0 0.74453125 0.6515625 0.05 0.02734375
0 0.878125 0.6671875 0.05859375 0.0375
0 0.4078125 0.64296875 0.05625 0.0484375
0 0.2484375 0.62734375 0.0984375 0.0203125
0 0.3609375 0.67734375 0.09140625 0.025
0 0.05859375 0.6703125 0.03984375 0.021875
0 0.2390625 0.725 0.0671875 0.02109375
0 0.18125 0.7125 0.05 0.0234375
0 0.43515625 0.78984375 0.07890625 0.03359375
0 0.3265625 0.7421875 0.05390625 0.02109375
0 0.840625 0.79765625 0.04921875 0.03046875
0 0.503125 0.83046875 0.05078125 0.025
0 0.27421875 0.875 0.08515625 0.028125
0 0.190625 0.9109375 0.11796875 0.03359375
0 0.16171875 0.88203125 0.07890625 0.028125
0 0.09375 0.83046875 0.07890625 0.02421875
0 0.32890625 0.865625 0.08046875 0.025
0 0.21328125 0.96953125 0.0890625 0.04140625
0 0.77109375 0.91484375 0.0640625 0.02734375