0 0.484375 0.08359375 0.08359375 0.02421875
0 0.61015625 0.11171875 0.05859375 0.02265625
0 0.55625 0.12734375 0.0515625 0.01953125
0 0.6625 0.18125 0.08203125 0.02265625
0 0.70546875 0.16484375 0.0421875 0.02890625
0 0.1984375 0.07265625 0.071875 0.025
0 0.1734375 0.115625 0.0453125 0.0140625
0 0.265625 0.1203125 0.05546875 0.01328125
0 0.32578125 0.13046875 0.0421875 0.01484375
0 0.38515625 0.12265625 0.0625 0.021875
0 0.2015625 0.18515625 0.05078125 0.02734375
0 0.284375 0.1703125 0.0515625 0.0203125
0 0.46640625 0.1859375 0.04453125 0.01953125
0 0.3890625 0.27578125 0.06484375 0.0234375
0 0.91484375 0.33046875 0.034375 0.021875
0 0.22265625 0.4921875 0.07421875 0.02109375
0 0.27578125 0.459375 0.06484375 0.02109375
0 0.6140625 0.584375 0.04609375 0.04375
0 0.60546875 0.53125 0.0609375 0.0390625
0 0.09453125 0.4859375 0.0484375 0.0265625
0 0.0578125 0.48046875 0.06015625 0.02421875
0 0.3546875 0.65 0.065625 0.0234375
0 0.86640625 0.684375 0.046875 0.0265625
0 0.64140625 0.78828125 0.05703125 0.03359375
0 0.634375 0.834375 0.04609375 0.0296875
0 0.690625 0.90390625 0.084375 0.028125
0 0.08984375 0.7359375 0.040625 0.01875
0 0.10390625 0.7203125 0.0484375 0.0265625
0 0.23828125 0.76875 0.06015625 0.02578125
0 0.0734375 0.8140625 0.040625 0.03125
0 0.03046875 0.828125 0.04453125 0.03203125
0 0.5078125 0.96328125 0.09609375 0.02109375
0 0.103125 0.95546875 0.05390625 0.0234375
0 0.21875 0.9609375 0.06796875 0.02109375