0 0.9546875 0.39921875 0.034375 0.0828125
0 0.965625 0.39765625 0.021875 0.090625
0 0.94140625 0.24609375 0.021875 0.071875
0 0.87265625 0.09609375 0.0125 0.0953125
0 0.88046875 0.83359375 0.0203125 0.05
0 0.90859375 0.89921875 0.021875 0.065625
0 0.79609375 0.2421875 0.021875 0.075
0 0.771875 0.40625 0.0359375 0.04375
0 0.75390625 0.0890625 0.03125 0.04375
0 0.765625 0.0375 0.021875 0.0625
0 0.709375 0.50625 0.021875 0.0671875
0 0.72578125 0.51015625 0.028125 0.040625
0 0.75390625 0.54296875 0.0171875 0.0578125
0 0.7546875 0.5796875 0.03125 0.05
0 0.71484375 0.69140625 0.025 0.059375
0 0.67890625 0.01953125 0.0296875 0.0390625
0 0.5953125 0.515625 0.025 0.06875
0 0.596875 0.446875 0.0265625 0.0546875
0 0.6671875 0.7765625 0.0171875 0.059375
0 0.5765625 0.13203125 0.01875 0.046875
0 0.3890625 0.05703125 0.03125 0.05
0 0.49609375 0.06875 0.025 0.065625
0 0.5578125 0.08046875 0.028125 0.071875
0 0.403125 0.71796875 0.021875 0.0625
0 0.3953125 0.4796875 0.021875 0.053125
0 0.39140625 0.521875 0.028125 0.046875
0 0.34296875 0.61953125 0.021875 0.0671875
0 0.390625 0.28515625 0.0171875 0.0578125
0 0.434375 0.5265625 0.015625 0.053125
0 0.52421875 0.5140625 0.0265625 0.034375
0 0.30703125 0.44765625 0.028125 0.0546875
0 0.253125 0.08359375 0.025 0.053125
0 0.16875 0.11328125 0.0234375 0.065625
0 0.15078125 0.17109375 0.025 0.065625
0 0.13046875 0.2921875 0.03125 0.071875
0 0.1796875 0.08125 0.021875 0.0828125
0 0.1515625 0.02578125 0.01875 0.05
0 0.15546875 0.63046875 0.03125 0.040625
0 0.17578125 0.325 0.01875 0.065625
0 0.2578125 0.96484375 0.01875 0.0703125
0 0.03125 0.72890625 0.0359375 0.04375
0 0.48828125 0.62265625 0.028125 0.059375
0 0.896875 0.24921875 0.021875 0.075