0 0.71015625 0.10078125 0.05390625 0.02265625
0 0.56015625 0.0875 0.04609375 0.01796875
0 0.6796875 0.0671875 0.06796875 0.01953125
0 0.96953125 0.11015625 0.0609375 0.02109375
0 0.84453125 0.046875 0.05234375 0.01796875
0 0.84375 0.2546875 0.0546875 0.01875
0 0.85 0.3484375 0.04140625 0.01953125
0 0.73203125 0.28984375 0.0515625 0.02109375
0 0.41796875 0.2421875 0.04140625 0.0171875
0 0.42578125 0.10390625 0.040625 0.025
0 0.4203125 0.3203125 0.0515625 0.02578125
0 0.0546875 0.22109375 0.05546875 0.021875
0 0.03125 0.2515625 0.0625 0.025
0 0.275 0.0796875 0.0421875 0.028125
0 0.0296875 0.11484375 0.05859375 0.02421875
0 0.02421875 0.1 0.0484375 0.01640625
0 0.1484375 0.265625 0.075 0.0234375
0 0.5515625 0.61171875 0.040625 0.0328125
0 0.30234375 0.62109375 0.05390625 0.03359375
0 0.02734375 0.61015625 0.0546875 0.025
0 0.80078125 0.54453125 0.05078125 0.0234375
0 0.97578125 0.5484375 0.0484375 0.02421875
0 0.94140625 0.728125 0.04609375 0.02578125
0 0.68984375 0.72265625 0.05234375 0.0234375
0 0.13984375 0.53828125 0.0484375 0.01875
0 0.109375 0.7921875 0.03125 0.03671875
0 0.23515625 0.78046875 0.040625 0.034375
0 0.39765625 0.80390625 0.05625 0.0234375
0 0.3546875 0.8546875 0.0828125 0.01875
0 0.5453125 0.753125 0.05234375 0.02109375
0 0.50546875 0.82578125 0.078125 0.02421875
0 0.103125 0.878125 0.05625 0.03125
0 0.675 0.1359375 0.05546875 0.02734375
0 0.4640625 0.73125 0.06875 0.02421875
0 0.41015625 0.76015625 0.0484375 0.0296875
0 0.1609375 0.9328125 0.04921875 0.02265625
0 0.15234375 0.89765625 0.07578125 0.02421875
0 0.04140625 0.06875 0.08203125 0.01875
0 0.58828125 0.04921875 0.090625 0.0265625
0 0.7125 0.23046875 0.0796875 0.02734375
0 0.43671875 0.8328125 0.075 0.02109375
0 0.3421875 0.73828125 0.05625 0.02734375
0 0.0171875 0.36796875 0.03359375 0.02578125
0 0.109375 0.6578125 0.071875 0.0265625
0 0.26171875 0.7359375 0.04375 0.0328125
0 0.12265625 0.809375 0.05390625 0.02421875
0 0.10390625 0.196875 0.0609375 0.01796875
0 0.08125 0.68984375 0.0515625 0.03125
0 0.878125 0.21484375 0.04453125 0.01875
0 0.85625 0.13046875 0.03984375 0.03125
0 0.78828125 0.19375 0.05078125 0.02578125
0 0.55078125 0.1359375 0.07421875 0.025
0 0.05703125 0.1484375 0.078125 0.02109375
0 0.39609375 0.21484375 0.05 0.015625
0 0.41953125 0.22421875 0.06015625 0.01640625
0 0.771875 0.78515625 0.0734375 0.03359375