0 0.97421875 0.09453125 0.03125 0.040625
0 0.93046875 0.26640625 0.0125 0.0609375
0 0.90234375 0.19765625 0.021875 0.078125
0 0.959375 0.7015625 0.0171875 0.0734375
0 0.9921875 0.75625 0.015625 0.0703125
0 0.86484375 0.19609375 0.01875 0.065625
0 0.8484375 0.08125 0.021875 0.0515625
0 0.84609375 0.61484375 0.021875 0.0609375
0 0.88046875 0.82421875 0.025 0.0640625
0 0.77109375 0.31015625 0.025 0.0640625
0 0.74921875 0.1484375 0.03125 0.05
0 0.76640625 0.5734375 0.021875 0.065625
0 0.7796875 0.753125 0.01875 0.075
0 0.64296875 0.33671875 0.01875 0.0734375
0 0.6296875 0.56171875 0.028125 0.040625
0 0.5421875 0.615625 0.0296875 0.0375
0 0.6140625 0.7625 0.0203125 0.065625
0 0.49609375 0.02578125 0.025 0.0515625
0 0.45859375 0.02109375 0.0265625 0.0421875
0 0.39453125 0.5796875 0.0296875 0.0578125
0 0.41640625 0.59375 0.025 0.0578125
0 0.30234375 0.81875 0.028125 0.059375
0 0.27578125 0.49765625 0.025 0.0515625
0 0.30078125 0.35 0.01875 0.05
0 0.321875 0.23515625 0.015625 0.0640625
0 0.36484375 0.30703125 0.01875 0.075
0 0.38828125 0.146875 0.01875 0.05
0 0.48203125 0.83046875 0.0203125 0.053125
0 0.53828125 0.859375 0.015625 0.0640625
0 0.234375 0.6625 0.01875 0.04375
0 0.25078125 0.8453125 0.034375 0.03125
0 0.2359375 0.0578125 0.025 0.06875
0 0.19375 0.23671875 0.025 0.071875
0 0.2 0.50078125 0.0328125 0.0484375
0 0.1484375 0.7296875 0.015625 0.0640625
0 0.175 0.7203125 0.0171875 0.078125
0 0.03359375 0.134375 0.028125 0.071875
0 0.090625 0.44140625 0.028125 0.071875
0 0.12421875 0.78046875 0.021875 0.0671875
0 0.82578125 0.45390625 0.0203125 0.0640625
0 0.0421875 0.2828125 0.03125 0.0375
0 0.259375 0.38984375 0.0171875 0.0703125
0 0.146875 0.565625 0.025 0.065625