0 0.609375 0.31171875 0.0359375 0.090625
0 0.578125 0.3 0.0390625 0.0828125
0 0.57578125 0.615625 0.028125 0.0546875
0 0.546875 0.88828125 0.021875 0.05
0 0.6734375 0.5625 0.021875 0.0609375
0 0.7328125 0.6078125 0.015625 0.109375
0 0.7484375 0.66171875 0.021875 0.0375
0 0.7375 0.53359375 0.021875 0.046875
0 0.753125 0.19140625 0.034375 0.065625
0 0.7515625 0.3203125 0.028125 0.0875
0 0.8015625 0.2984375 0.03125 0.075
0 0.84296875 0.371875 0.028125 0.0421875
0 0.8453125 0.3296875 0.025 0.040625
0 0.78828125 0.60546875 0.025 0.040625
0 0.80703125 0.85234375 0.028125 0.04375
0 0.8234375 0.56640625 0.028125 0.05
0 0.8734375 0.68046875 0.0296875 0.0765625
0 0.8375 0.9265625 0.01875 0.053125
0 0.90625 0.33671875 0.0265625 0.1125
0 0.91484375 0.45234375 0.028125 0.04375
0 0.934375 0.3890625 0.01875 0.040625
0 0.678125 0.09765625 0.0265625 0.115625
0 0.51171875 0.1984375 0.0375 0.0484375
0 0.5703125 0.0875 0.03125 0.0453125
0 0.421875 0.8671875 0.034375 0.128125
0 0.42578125 0.51640625 0.03125 0.0640625
0 0.35703125 0.6453125 0.0265625 0.0875
0 0.3203125 0.36640625 0.0484375 0.046875
0 0.30390625 0.021875 0.0296875 0.04375
0 0.26875 0.48828125 0.025 0.078125
0 0.209375 0.728125 0.025 0.0484375
0 0.25859375 0.659375 0.025 0.078125
0 0.27109375 0.90078125 0.01875 0.134375
0 0.18984375 0.8828125 0.021875 0.040625
0 0.18671875 0.33203125 0.025 0.053125
0 0.25 0.1609375 0.028125 0.059375
0 0.17109375 0.0296875 0.021875 0.059375
0 0.08671875 0.01328125 0.0328125 0.0265625
0 0.1046875 0.12578125 0.03125 0.0640625
0 0.0515625 0.16953125 0.01875 0.0625
0 0.03203125 0.04375 0.015625 0.0796875
0 0.01484375 0.225 0.0171875 0.0578125
0 0.06015625 0.54921875 0.021875 0.0890625
0 0.11796875 0.63203125 0.0375 0.06875
0 0.14375 0.690625 0.01875 0.0578125
0 0.04296875 0.87421875 0.0125 0.0671875