0 0.95 0.20703125 0.0140625 0.0515625
0 0.8671875 0.77109375 0.0125 0.053125
0 0.890625 0.78515625 0.025 0.0546875
0 0.884375 0.81015625 0.021875 0.0640625
0 0.803125 0.8671875 0.0171875 0.053125
0 0.8734375 0.0796875 0.0203125 0.075
0 0.896875 0.06171875 0.021875 0.0625
0 0.8234375 0.4171875 0.01875 0.0625
0 0.78828125 0.51640625 0.015625 0.071875
0 0.78046875 0.2921875 0.021875 0.0484375
0 0.74453125 0.23515625 0.0203125 0.0484375
0 0.71875 0.48046875 0.015625 0.046875
0 0.71015625 0.94453125 0.025 0.05625
0 0.6484375 0.6734375 0.0203125 0.0453125
0 0.64921875 0.3421875 0.0203125 0.053125
0 0.57578125 0.228125 0.0171875 0.0875
0 0.5484375 0.31640625 0.021875 0.059375
0 0.5421875 0.67421875 0.0125 0.0625
0 0.6 0.884375 0.0171875 0.05
0 0.76796875 0.01484375 0.03125 0.0296875
0 0.4578125 0.128125 0.021875 0.05625
0 0.44921875 0.7203125 0.025 0.0625
0 0.3796875 0.06484375 0.0265625 0.05
0 0.35859375 0.196875 0.015625 0.0703125
0 0.43359375 0.38515625 0.015625 0.046875
0 0.31484375 0.48046875 0.025 0.04375
0 0.309375 0.5078125 0.025 0.040625
0 0.22890625 0.23203125 0.03125 0.053125
0 0.14765625 0.653125 0.021875 0.0640625
0 0.1625 0.39765625 0.025 0.0375
0 0.21328125 0.38046875 0.028125 0.059375
0 0.18671875 0.228125 0.025 0.0375
0 0.23828125 0.06640625 0.0203125 0.046875
0 0.096875 0.67109375 0.01875 0.0609375
0 0.03671875 0.26484375 0.025 0.0609375
0 0.03671875 0.19375 0.01875 0.0484375
0 0.1515625 0.08515625 0.0203125 0.05625
0 0.253125 0.74765625 0.025 0.034375
0 0.34765625 0.61640625 0.015625 0.075
0 0.39375 0.34453125 0.021875 0.065625
0 0.38046875 0.60703125 0.0171875 0.05625
0 0.45390625 0.89921875 0.021875 0.05625
0 0.91171875 0.41953125 0.021875 0.0546875
0 0.85625 0.684375 0.025 0.040625