0 0.02421875 0.175 0.0296875 0.0703125
0 0.05859375 0.10546875 0.0328125 0.0875
0 0.05234375 0.0328125 0.025 0.05
0 0.07421875 0.353125 0.040625 0.065625
0 0.178125 0.325 0.0234375 0.075
0 0.20078125 0.1609375 0.021875 0.065625
0 0.165625 0.14921875 0.01875 0.05625
0 0.16171875 0.21015625 0.0125 0.0359375
0 0.1296875 0.3046875 0.021875 0.075
0 0.2375 0.078125 0.01875 0.0625
0 0.23984375 0.13125 0.021875 0.059375
0 0.19453125 0.08203125 0.025 0.0375
0 0.20625 0.02265625 0.01875 0.04375
0 0.3046875 0.40546875 0.0359375 0.084375
0 0.29609375 0.69296875 0.028125 0.0453125
0 0.28828125 0.86953125 0.028125 0.0609375
0 0.3421875 0.78984375 0.021875 0.040625
0 0.42578125 0.590625 0.04375 0.084375
0 0.5484375 0.734375 0.01875 0.0875
0 0.56328125 0.7734375 0.021875 0.08125
0 0.59296875 0.778125 0.021875 0.078125
0 0.6484375 0.36484375 0.0296875 0.084375
0 0.7609375 0.31328125 0.025 0.059375
0 0.79453125 0.09609375 0.021875 0.0828125
0 0.72421875 0.15859375 0.03125 0.0703125
0 0.63203125 0.64453125 0.034375 0.096875
0 0.74453125 0.871875 0.0203125 0.0703125
0 0.75390625 0.79296875 0.01875 0.05
0 0.6125 0.95390625 0.0171875 0.090625
0 0.65546875 0.73984375 0.04375 0.0671875
0 0.88046875 0.7265625 0.025 0.065625
0 0.8359375 0.82265625 0.0265625 0.034375
0 0.809375 0.8421875 0.021875 0.05
0 0.81875 0.896875 0.03125 0.0375
0 0.8296875 0.55546875 0.0171875 0.084375
0 0.803125 0.3421875 0.028125 0.059375
0 0.8265625 0.15546875 0.021875 0.084375
0 0.86796875 0.31171875 0.021875 0.065625
0 0.88671875 0.14375 0.0203125 0.0640625
0 0.90859375 0.71640625 0.0265625 0.096875
0 0.91953125 0.503125 0.0375 0.065625
0 0.98671875 0.5609375 0.0125 0.08125
0 0.97890625 0.27578125 0.028125 0.05