2 0.02109375 0.10546875 0.0328125 0.01875
2 0.09921875 0.06796875 0.06875 0.01875
2 0.31640625 0.1078125 0.0578125 0.0125
2 0.275 0.0796875 0.05625 0.01875
2 0.234375 0.11484375 0.053125 0.028125
2 0.1078125 0.15546875 0.05625 0.0234375
2 0.22421875 0.16640625 0.05 0.03125
2 0.54140625 0.06875 0.0546875 0.025
2 0.8359375 0.09609375 0.0625 0.025
2 0.9265625 0.09140625 0.05 0.034375
2 0.640625 0.1375 0.0578125 0.0140625
2 0.98046875 0.29921875 0.0390625 0.0375
2 0.9390625 0.19140625 0.0453125 0.0375
2 0.81796875 0.153125 0.053125 0.021875
2 0.79453125 0.15078125 0.05625 0.025
2 0.80703125 0.15859375 0.04375 0.03125
2 0.78671875 0.1328125 0.0484375 0.0171875
2 0.97578125 0.5296875 0.04375 0.0234375
2 0.93984375 0.41953125 0.034375 0.0296875
2 0.97734375 0.36796875 0.0359375 0.034375
2 0.91953125 0.315625 0.03125 0.04375
2 0.5328125 0.61875 0.040625 0.028125
2 0.88359375 0.6390625 0.04375 0.028125
2 0.953125 0.76953125 0.05 0.01875
2 0.88125 0.73046875 0.0453125 0.0203125
2 0.83984375 0.73125 0.03125 0.028125
2 0.94453125 0.70859375 0.03125 0.0515625
2 0.63828125 0.7671875 0.05 0.015625
2 0.4125 0.83515625 0.053125 0.0203125
2 0.11171875 0.803125 0.0421875 0.0125
2 0.20234375 0.79140625 0.0359375 0.025
2 0.0625 0.4171875 0.046875 0.0359375
2 0.1453125 0.20234375 0.0640625 0.021875
2 0.246875 0.21640625 0.0703125 0.03125
2 0.58046875 0.14296875 0.040625 0.0171875
2 0.82578125 0.5265625 0.0484375 0.025
2 0.83359375 0.24921875 0.05 0.01875
2 0.7640625 0.7234375 0.040625 0.028125
2 0.34140625 0.84609375 0.046875 0.0171875