0 0.22421875 0.0671875 0.090625 0.0375
0 0.49765625 0.078125 0.065625 0.040625
0 0.51796875 0.12421875 0.05625 0.028125
0 0.35546875 0.121875 0.075 0.015625
0 0.4140625 0.1296875 0.0375 0.04375
0 0.225 0.1078125 0.059375 0.021875
0 0.24296875 0.13203125 0.06875 0.01875
0 0.20234375 0.16796875 0.0578125 0.0234375
0 0.3453125 0.18359375 0.0515625 0.0296875
0 0.51484375 0.19609375 0.075 0.034375
0 0.70625 0.1671875 0.053125 0.021875
0 0.7484375 0.203125 0.046875 0.025
0 0.04609375 0.2328125 0.046875 0.0203125
0 0.346875 0.278125 0.1140625 0.03125
0 0.928125 0.3421875 0.0640625 0.021875
0 0.33125 0.45 0.053125 0.0234375
0 0.20859375 0.45078125 0.046875 0.0203125
0 0.21796875 0.49296875 0.0671875 0.01875
0 0.32890625 0.6515625 0.05625 0.0265625
0 0.6015625 0.59296875 0.08125 0.028125
0 0.7296875 0.61484375 0.04375 0.0234375
0 0.5171875 0.525 0.071875 0.0359375
0 0.95 0.5046875 0.059375 0.025
0 0.884375 0.671875 0.0625 0.034375
0 0.06953125 0.7234375 0.0578125 0.028125
0 0.04765625 0.7953125 0.053125 0.01875
0 0.23515625 0.765625 0.071875 0.028125
0 0.68984375 0.79296875 0.0625 0.0265625
0 0.62109375 0.86328125 0.046875 0.021875
0 0.69921875 0.82734375 0.05 0.025
0 0.64921875 0.9015625 0.0796875 0.03125
0 0.421875 0.90703125 0.0875 0.0234375
0 0.5125 0.9640625 0.078125 0.021875
0 0.16484375 0.96484375 0.040625 0.025
0 0.0625 0.95546875 0.046875 0.028125