2 0.1921875 0.0671875 0.046875 0.03125
2 0.18359375 0.0421875 0.065625 0.021875
2 0.92734375 0.11171875 0.059375 0.025
2 0.82734375 0.09453125 0.0734375 0.03125
2 0.9359375 0.0890625 0.05 0.0375
2 0.4296875 0.12890625 0.075 0.0296875
2 0.3875 0.29140625 0.059375 0.021875
2 0.62109375 0.2859375 0.05625 0.0171875
2 0.95234375 0.1890625 0.078125 0.015625
2 0.01484375 0.15234375 0.0296875 0.05
2 0.1875 0.4390625 0.053125 0.021875
2 0.80390625 0.3984375 0.0765625 0.0203125
2 0.10078125 0.1078125 0.05 0.0421875
2 0.05078125 0.34765625 0.040625 0.0390625
2 0.28515625 0.59140625 0.0484375 0.0359375
2 0.0984375 0.321875 0.0421875 0.0296875
2 0.5046875 0.60546875 0.03125 0.0234375
2 0.4171875 0.57734375 0.053125 0.021875
2 0.12421875 0.6015625 0.0328125 0.0359375
2 0.04296875 0.53125 0.0484375 0.0328125
2 0.51640625 0.76796875 0.05 0.0203125
2 0.32421875 0.7890625 0.04375 0.01875
2 0.28984375 0.86796875 0.071875 0.01875
2 0.91796875 0.84921875 0.084375 0.0171875
2 0.790625 0.865625 0.09375 0.015625
2 0.6890625 0.8421875 0.065625 0.015625
2 0.46640625 0.396875 0.040625 0.028125
2 0.59296875 0.1859375 0.065625 0.028125
2 0.6046875 0.17421875 0.05625 0.028125
2 0.02890625 0.80625 0.0578125 0.028125
2 0.8609375 0.8484375 0.06875 0.025