2 0.078125 0.0484375 0.06640625 0.02734375
2 0.12890625 0.09765625 0.03984375 0.0390625
2 0.090625 0.1671875 0.034375 0.03515625
2 0.3375 0.14296875 0.034375 0.01953125
2 0.371875 0.13984375 0.06640625 0.0265625
2 0.4859375 0.08359375 0.06484375 0.025
2 0.88828125 0.24296875 0.05703125 0.02109375
2 0.48203125 0.2171875 0.05703125 0.0203125
2 0.3171875 0.2375 0.0515625 0.0171875
2 0.0921875 0.3125 0.0515625 0.02109375
2 0.18203125 0.30859375 0.034375 0.02421875
2 0.2625 0.35703125 0.025 0.03125
2 0.646875 0.31328125 0.03984375 0.021875
2 0.98125 0.1859375 0.0375 0.01875
2 0.27109375 0.1 0.0640625 0.02109375
2 0.39765625 0.08515625 0.0546875 0.01640625
2 0.05078125 0.425 0.02890625 0.0203125
2 0.1046875 0.38046875 0.03046875 0.03125
2 0.48671875 0.3796875 0.04921875 0.0203125
2 0.92265625 0.3953125 0.06875 0.0140625
2 0.70390625 0.446875 0.04140625 0.025
2 0.48515625 0.49140625 0.0453125 0.03125
2 0.19921875 0.21328125 0.05546875 0.01640625
2 0.0390625 0.4890625 0.046875 0.03671875
2 0.31328125 0.66328125 0.06484375 0.01953125
2 0.7359375 0.5359375 0.03984375 0.03046875
2 0.453125 0.740625 0.06640625 0.0203125
2 0.23125 0.74140625 0.04765625 0.0171875
2 0.14453125 0.67109375 0.0375 0.03515625
2 0.640625 0.83828125 0.02109375 0.02578125
2 0.82265625 0.853125 0.05859375 0.0265625
2 0.846875 0.8703125 0.0515625 0.01875
2 0.953125 0.86484375 0.04765625 0.0203125
2 0.5703125 0.728125 0.06640625 0.0140625
2 0.64609375 0.65703125 0.0453125 0.0328125
2 0.0453125 0.9171875 0.090625 0.0234375
2 0.415625 0.91640625 0.0703125 0.0265625