0 0.36015625 0.04921875 0.125 0.0140625
0 0.4296875 0.06328125 0.0984375 0.01484375
0 0.28359375 0.084375 0.078125 0.034375
0 0.03828125 0.1046875 0.0765625 0.02890625
0 0.36328125 0.13828125 0.03359375 0.0234375
0 0.37421875 0.16640625 0.04375 0.015625
0 0.24453125 0.1375 0.06484375 0.00625
0 0.61953125 0.1328125 0.06015625 0.0140625
0 0.70390625 0.084375 0.071875 0.01640625
0 0.8234375 0.1375 0.03515625 0.01796875
0 0.91171875 0.21015625 0.04921875 0.0203125
0 0.57578125 0.2171875 0.05390625 0.02890625
0 0.09921875 0.2015625 0.05625 0.02734375
0 0.15078125 0.25078125 0.03671875 0.0375
0 0.31015625 0.23515625 0.053125 0.04453125
0 0.74765625 0.28203125 0.03046875 0.03125
0 0.84765625 0.30859375 0.04296875 0.021875
0 0.93828125 0.27890625 0.078125 0.03125
0 0.34453125 0.34453125 0.06796875 0.03125
0 0.3484375 0.39609375 0.07734375 0.025
0 0.11875 0.45390625 0.05625 0.0359375
0 0.7640625 0.42421875 0.06640625 0.02578125
0 0.7359375 0.459375 0.04453125 0.02265625
0 0.58671875 0.57734375 0.05625 0.02734375
0 0.103125 0.58359375 0.06328125 0.02421875
0 0.06015625 0.65859375 0.0484375 0.01796875
0 0.0234375 0.665625 0.034375 0.021875
0 0.08515625 0.7453125 0.07578125 0.02578125
0 0.45 0.68828125 0.0671875 0.02421875
0 0.76953125 0.7109375 0.0671875 0.03125
0 0.92421875 0.7328125 0.02890625 0.02109375
0 0.4109375 0.78828125 0.05078125 0.03359375
0 0.21796875 0.828125 0.0734375 0.03046875
0 0.04375 0.82734375 0.03671875 0.02109375
0 0.14453125 0.8953125 0.0671875 0.02890625
0 0.6015625 0.91875 0.0671875 0.03046875
0 0.5703125 0.8453125 0.05 0.0296875
0 0.796875 0.8359375 0.0921875 0.01953125