0 0.1078125 0.01875 0.0265625 0.0203125
0 0.3109375 0.06953125 0.0609375 0.01953125
0 0.171875 0.10078125 0.08359375 0.015625
0 0.4203125 0.04921875 0.0359375 0.02734375
0 0.7453125 0.03984375 0.07421875 0.0234375
0 0.75625 0.00703125 0.07421875 0.01328125
0 0.7703125 0.13125 0.05390625 0.01953125
0 0.225 0.14140625 0.08203125 0.01953125
0 0.31953125 0.2359375 0.0546875 0.025
0 0.159375 0.24140625 0.02734375 0.02890625
0 0.62265625 0.2390625 0.0546875 0.02265625
0 0.65703125 0.153125 0.071875 0.0203125
0 0.12265625 0.14765625 0.034375 0.01640625
0 0.33671875 0.3609375 0.053125 0.03203125
0 0.57109375 0.3609375 0.0328125 0.0296875
0 0.6171875 0.4609375 0.0203125 0.02109375
0 0.8609375 0.4234375 0.04765625 0.01953125
0 0.76171875 0.38359375 0.05078125 0.015625
0 0.62734375 0.440625 0.025 0.02578125
0 0.71171875 0.4421875 0.04453125 0.01171875
0 0.85703125 0.46484375 0.0671875 0.0140625
0 0.0234375 0.4984375 0.046875 0.01875
0 0.5875 0.59453125 0.040625 0.01640625
0 0.58515625 0.5828125 0.0546875 0.021875
0 0.31328125 0.6390625 0.065625 0.02265625
0 0.153125 0.61171875 0.06015625 0.0203125
0 0.478125 0.4921875 0.03828125 0.02265625
0 0.49375 0.72890625 0.03984375 0.01953125
0 0.6375 0.675 0.0453125 0.0140625
0 0.3640625 0.6890625 0.0375 0.02890625
0 0.19921875 0.6703125 0.0578125 0.02109375
0 0.0734375 0.7734375 0.06015625 0.0140625
0 0.26875 0.81171875 0.04453125 0.0171875
0 0.83515625 0.69140625 0.0546875 0.01953125
0 0.73046875 0.7484375 0.059375 0.02265625
0 0.84765625 0.74375 0.05546875 0.0296875
0 0.84609375 0.79765625 0.0578125 0.01328125
0 0.70625 0.85 0.06015625 0.0171875
0 0.7234375 0.8234375 0.0703125 0.01953125
0 0.57734375 0.85078125 0.046875 0.02265625
0 0.2921875 0.87734375 0.04921875 0.02109375
0 0.43984375 0.9125 0.0578125 0.02578125
0 0.290625 0.9671875 0.0375 0.01953125
0 0.7703125 0.878125 0.06796875 0.025