0 0.9375 0.1453125 0.0703125 0.025
0 0.95703125 0.11640625 0.065625 0.015625
0 0.7953125 0.11796875 0.05625 0.0171875
0 0.95546875 0.03671875 0.06875 0.028125
0 0.6671875 0.09609375 0.08125 0.015625
0 0.36171875 0.12421875 0.046875 0.01875
0 0.36796875 0.10078125 0.0734375 0.01875
0 0.415625 0.11796875 0.071875 0.0234375
0 0.37890625 0.0875 0.084375 0.01875
0 0.140625 0.096875 0.0734375 0.01875
0 0.50625 0.1703125 0.0625 0.0296875
0 0.1703125 0.18984375 0.065625 0.0125
0 0.28359375 0.1734375 0.06875 0.025
0 0.4015625 0.18203125 0.0609375 0.015625
0 0.59140625 0.36796875 0.0484375 0.01875
0 0.8515625 0.3578125 0.05 0.021875
0 0.9515625 0.309375 0.0328125 0.028125
0 0.30625 0.2609375 0.065625 0.021875
0 0.6421875 0.20390625 0.05625 0.01875
0 0.23671875 0.21015625 0.05 0.015625
0 0.1875 0.23828125 0.0546875 0.01875
0 0.60859375 0.05546875 0.0546875 0.025
0 0.9109375 0.415625 0.0625 0.025
0 0.8140625 0.484375 0.05 0.015625
0 0.940625 0.4765625 0.04375 0.021875
0 0.92265625 0.49765625 0.03125 0.03125
0 0.77734375 0.5578125 0.046875 0.0140625
0 0.35078125 0.62578125 0.046875 0.028125
0 0.27578125 0.41640625 0.04375 0.025
0 0.234375 0.4921875 0.046875 0.01875
0 0.11640625 0.55703125 0.034375 0.01875
0 0.82734375 0.7984375 0.0328125 0.021875
0 0.85703125 0.759375 0.05625 0.0265625
0 0.7265625 0.67265625 0.0546875 0.0265625
0 0.365625 0.69296875 0.071875 0.01875
0 0.3296875 0.71796875 0.06875 0.0296875
0 0.41640625 0.75703125 0.053125 0.01875
0 0.21171875 0.6375 0.0515625 0.028125
0 0.7609375 0.83671875 0.075 0.015625
0 0.7359375 0.803125 0.0578125 0.015625
0 0.61640625 0.8953125 0.0625 0.0203125
0 0.49921875 0.90625 0.065625 0.028125
0 0.9828125 0.85703125 0.034375 0.0234375
0 0.3953125 0.95859375 0.0640625 0.025
0 0.14609375 0.690625 0.0375 0.025
0 0.853125 0.95234375 0.0734375 0.028125