0 0.51875 0.03671875 0.06875 0.03046875
0 0.434375 0.03359375 0.0703125 0.028125
0 0.3828125 0.034375 0.1078125 0.0203125
0 0.3640625 0.103125 0.07890625 0.02109375
0 0.0671875 0.13125 0.09296875 0.0265625
0 0.3 0.19921875 0.0703125 0.02421875
0 0.11796875 0.2203125 0.04765625 0.03984375
0 0.03359375 0.2375 0.05234375 0.02734375
0 0.421875 0.21328125 0.05390625 0.0328125
0 0.5046875 0.29140625 0.0703125 0.0203125
0 0.52890625 0.28046875 0.0421875 0.02578125
0 0.50234375 0.2515625 0.05703125 0.0234375
0 0.55625 0.221875 0.05703125 0.03984375
0 0.8140625 0.09296875 0.03828125 0.021875
0 0.721875 0.121875 0.06796875 0.02578125
0 0.03359375 0.340625 0.0640625 0.0203125
0 0.0984375 0.34140625 0.06953125 0.02890625
0 0.44765625 0.3703125 0.04921875 0.0359375
0 0.40703125 0.4234375 0.07109375 0.0296875
0 0.15234375 0.40625 0.03359375 0.02734375
0 0.075 0.45625 0.04921875 0.02421875
0 0.81953125 0.34921875 0.059375 0.021875
0 0.746875 0.30625 0.04921875 0.02109375
0 0.93125 0.2703125 0.0515625 0.0203125
0 0.61640625 0.5 0.04375 0.03359375
0 0.26796875 0.60078125 0.071875 0.01875
0 0.071875 0.621875 0.0484375 0.02890625
0 0.44453125 0.62578125 0.05 0.02578125
0 0.48984375 0.6796875 0.046875 0.021875
0 0.61640625 0.63515625 0.0578125 0.03203125
0 0.56640625 0.57890625 0.06015625 0.02421875
0 0.03203125 0.74921875 0.06328125 0.01640625
0 0.2578125 0.865625 0.05 0.0296875
0 0.10546875 0.84609375 0.053125 0.01875
0 0.07890625 0.83125 0.07734375 0.021875
0 0.0234375 0.8609375 0.046875 0.025
0 0.03515625 0.84140625 0.06953125 0.02421875
0 0.60859375 0.8390625 0.03828125 0.0234375
0 0.42109375 0.78828125 0.0734375 0.021875
0 0.6453125 0.6703125 0.0359375 0.025
0 0.75625 0.6 0.06328125 0.025
0 0.76484375 0.54375 0.04609375 0.01875
0 0.49765625 0.91015625 0.0796875 0.01875
0 0.434375 0.9890625 0.05 0.021875
0 0.70859375 0.953125 0.0515625 0.02734375
0 0.10546875 0.93515625 0.06015625 0.025