0 0.8953125 0.07890625 0.0421875 0.0265625
0 0.96171875 0.1421875 0.0421875 0.0265625
0 0.84453125 0.18046875 0.05 0.0296875
0 0.828125 0.14453125 0.05 0.028125
0 0.659375 0.140625 0.0375 0.01875
0 0.7453125 0.19296875 0.046875 0.015625
0 0.61953125 0.2078125 0.0421875 0.01875
0 0.47421875 0.08828125 0.0578125 0.0203125
0 0.4828125 0.05859375 0.053125 0.015625
0 0.25625 0.0625 0.05 0.01875
0 0.95234375 0.240625 0.0390625 0.021875
0 0.91875 0.23125 0.046875 0.021875
0 0.184375 0.07578125 0.0578125 0.025
0 0.42421875 0.146875 0.05625 0.0203125
0 0.4890625 0.22421875 0.04375 0.0265625
0 0.29765625 0.21953125 0.04375 0.0171875
0 0.184375 0.24296875 0.04375 0.021875
0 0.15703125 0.196875 0.0375 0.025
0 0.1765625 0.165625 0.040625 0.01875
0 0.06953125 0.3359375 0.053125 0.015625
0 0.1328125 0.36953125 0.046875 0.0140625
0 0.203125 0.409375 0.0375 0.021875
0 0.26171875 0.45859375 0.040625 0.028125
0 0.2140625 0.60078125 0.028125 0.028125
0 0.49921875 0.565625 0.0625 0.025
0 0.70703125 0.68984375 0.05 0.021875
0 0.675 0.6359375 0.05 0.021875
0 0.68046875 0.62734375 0.040625 0.025
0 0.84453125 0.68125 0.0515625 0.0265625
0 0.66171875 0.5640625 0.05 0.015625
0 0.7046875 0.50625 0.04375 0.01875
0 0.7390625 0.49453125 0.034375 0.0171875
0 0.7921875 0.415625 0.0375 0.025
0 0.575 0.39609375 0.0484375 0.021875
0 0.62578125 0.39453125 0.028125 0.01875
0 0.8484375 0.11328125 0.034375 0.03125
0 0.70234375 0.79609375 0.0375 0.0171875
0 0.703125 0.8390625 0.040625 0.01875
0 0.77734375 0.88125 0.053125 0.0140625
0 0.5328125 0.82109375 0.053125 0.0140625
0 0.53515625 0.80859375 0.046875 0.01875
0 0.47109375 0.7515625 0.046875 0.0171875
0 0.5015625 0.75390625 0.03125 0.021875
0 0.59765625 0.94609375 0.05625 0.021875
0 0.57265625 0.92421875 0.03125 0.0203125
0 0.21015625 0.828125 0.040625 0.01875
0 0.50703125 0.93515625 0.05 0.01875
0 0.81015625 0.803125 0.0546875 0.015625
0 0.2890625 0.79375 0.0390625 0.01875
0 0.221875 0.8 0.040625 0.0171875
0 0.1828125 0.6359375 0.0375 0.021875
0 0.06796875 0.69765625 0.0421875 0.025
0 0.22734375 0.5359375 0.05625 0.021875
0 0.2859375 0.6265625 0.0390625 0.025
0 0.16328125 0.39921875 0.0453125 0.021875
0 0.69140625 0.375 0.0625 0.0265625
0 0.89296875 0.9359375 0.0375 0.0265625