0 0.82890625 0.0453125 0.0796875 0.0328125
0 0.49296875 0.18359375 0.04296875 0.0203125
0 0.525 0.15546875 0.0515625 0.02734375
0 0.5203125 0.121875 0.05234375 0.03046875
0 0.6125 0.13671875 0.07265625 0.0203125
0 0.23359375 0.23359375 0.06484375 0.02265625
0 0.5625 0.234375 0.06484375 0.03515625
0 0.66328125 0.33046875 0.05546875 0.03046875
0 0.3515625 0.39375 0.09609375 0.028125
0 0.2984375 0.46171875 0.0296875 0.0296875
0 0.04765625 0.50625 0.05703125 0.03359375
0 0.7 0.57734375 0.071875 0.040625
0 0.3984375 0.5640625 0.071875 0.02265625
0 0.34765625 0.55078125 0.0421875 0.01640625
0 0.76875 0.525 0.053125 0.0296875
0 0.42578125 0.7625 0.0578125 0.021875
0 0.53046875 0.79921875 0.053125 0.0203125
0 0.409375 0.82109375 0.046875 0.0234375
0 0.471875 0.8390625 0.04140625 0.028125
0 0.35546875 0.89609375 0.0375 0.0265625
0 0.23046875 0.81171875 0.05625 0.03046875
0 0.1375 0.80625 0.05234375 0.02109375
0 0.29765625 0.76953125 0.06328125 0.02265625
0 0.54453125 0.46484375 0.04765625 0.034375
0 0.26015625 0.50390625 0.05625 0.01953125
0 0.36640625 0.16875 0.03984375 0.0328125
0 0.07109375 0.109375 0.04765625 0.021875
0 0.26171875 0.1890625 0.0703125 0.015625
0 0.02421875 0.6625 0.0484375 0.04140625
0 0.0265625 0.7453125 0.053125 0.021875