0 0.1078125 0.93671875 0.015625 0.028125
0 0.0625 0.7171875 0.028125 0.0625
0 0.05 0.52265625 0.03125 0.0515625
0 0.1 0.65703125 0.021875 0.065625
0 0.1328125 0.81953125 0.0296875 0.0734375
0 0.20546875 0.75703125 0.03125 0.065625
0 0.1890625 0.3796875 0.0359375 0.065625
0 0.15234375 0.40234375 0.0359375 0.075
0 0.190625 0.1953125 0.025 0.040625
0 0.14765625 0.0546875 0.03125 0.05625
0 0.1140625 0.0328125 0.0375 0.0625
0 0.2546875 0.51171875 0.028125 0.0546875
0 0.29375 0.46640625 0.0328125 0.065625
0 0.375 0.41171875 0.021875 0.0625
0 0.43671875 0.434375 0.034375 0.0671875
0 0.53828125 0.3171875 0.028125 0.05625
0 0.56640625 0.17578125 0.0296875 0.059375
0 0.54765625 0.0921875 0.034375 0.0515625
0 0.52421875 0.77109375 0.0296875 0.0703125
0 0.65 0.384375 0.025 0.08125
0 0.67890625 0.91796875 0.028125 0.0671875
0 0.775 0.290625 0.0296875 0.0515625
0 0.69375 0.040625 0.034375 0.06875
0 0.834375 0.2484375 0.028125 0.0578125
0 0.86875 0.071875 0.034375 0.059375