0 0.95546875 0.42578125 0.0203125 0.071875
0 0.93046875 0.5625 0.021875 0.06875
0 0.8984375 0.29375 0.0234375 0.075
0 0.89375 0.415625 0.015625 0.065625
0 0.83671875 0.08828125 0.01875 0.065625
0 0.85546875 0.09296875 0.021875 0.059375
0 0.871875 0.21953125 0.0234375 0.05
0 0.83671875 0.4015625 0.0140625 0.071875
0 0.80546875 0.60390625 0.0234375 0.0578125
0 0.84609375 0.64375 0.0265625 0.071875
0 0.76640625 0.51171875 0.0203125 0.075
0 0.77109375 0.63515625 0.03125 0.040625
0 0.70859375 0.440625 0.01875 0.0640625
0 0.73515625 0.45390625 0.025 0.0421875
0 0.7859375 0.29609375 0.0203125 0.059375
0 0.6984375 0.72109375 0.0265625 0.0375
0 0.74296875 0.846875 0.0296875 0.0484375
0 0.7390625 0.9546875 0.0234375 0.0359375
0 0.86171875 0.94765625 0.021875 0.0703125
0 0.8359375 0.95703125 0.021875 0.0609375
0 0.640625 0.671875 0.025 0.040625
0 0.6078125 0.8 0.0203125 0.05625
0 0.54765625 0.29921875 0.021875 0.065625
0 0.534375 0.65078125 0.0234375 0.0625
0 0.5578125 0.81015625 0.028125 0.0265625
0 0.4109375 0.175 0.0234375 0.0578125
0 0.43515625 0.68515625 0.021875 0.0546875
0 0.34140625 0.9109375 0.015625 0.046875
0 0.165625 0.4140625 0.03125 0.046875
0 0.21796875 0.1953125 0.0203125 0.0484375
0 0.24453125 0.28125 0.0203125 0.0578125
0 0.125 0.61328125 0.028125 0.065625
0 0.10078125 0.75546875 0.025 0.0671875
0 0.17890625 0.88828125 0.0234375 0.065625
0 0.15546875 0.6015625 0.021875 0.0625
0 0.05 0.10703125 0.01875 0.06875
0 0.04765625 0.1484375 0.034375 0.034375
0 0.2015625 0.4359375 0.0171875 0.0625
0 0.39375 0.0296875 0.015625 0.059375
0 0.125 0.1375 0.021875 0.059375
0 0.31328125 0.01875 0.03125 0.0375