0 0.390625 0.68828125 0.0359375 0.090625
0 0.421875 0.7 0.0390625 0.0828125
0 0.42421875 0.384375 0.028125 0.0546875
0 0.453125 0.11171875 0.021875 0.05
0 0.3265625 0.4375 0.021875 0.0609375
0 0.2671875 0.3921875 0.015625 0.109375
0 0.2515625 0.33828125 0.021875 0.0375
0 0.2625 0.46640625 0.021875 0.046875
0 0.246875 0.80859375 0.034375 0.065625
0 0.2484375 0.6796875 0.028125 0.0875
0 0.1984375 0.7015625 0.03125 0.075
0 0.15703125 0.628125 0.028125 0.0421875
0 0.1546875 0.6703125 0.025 0.040625
0 0.21171875 0.39453125 0.025 0.040625
0 0.19296875 0.14765625 0.028125 0.04375
0 0.1765625 0.43359375 0.028125 0.05
0 0.1265625 0.31953125 0.0296875 0.0765625
0 0.1625 0.0734375 0.01875 0.053125
0 0.09375 0.66328125 0.0265625 0.1125
0 0.08515625 0.54765625 0.028125 0.04375
0 0.065625 0.6109375 0.01875 0.040625
0 0.321875 0.90234375 0.0265625 0.115625
0 0.48828125 0.8015625 0.0375 0.0484375
0 0.4296875 0.9125 0.03125 0.0453125
0 0.578125 0.1328125 0.034375 0.128125
0 0.57421875 0.48359375 0.03125 0.0640625
0 0.64296875 0.3546875 0.0265625 0.0875
0 0.6796875 0.63359375 0.0484375 0.046875
0 0.69609375 0.978125 0.0296875 0.04375
0 0.73125 0.51171875 0.025 0.078125
0 0.790625 0.271875 0.025 0.0484375
0 0.74140625 0.340625 0.025 0.078125
0 0.72890625 0.09921875 0.01875 0.134375
0 0.81015625 0.1171875 0.021875 0.040625
0 0.81328125 0.66796875 0.025 0.053125
0 0.75 0.8390625 0.028125 0.059375
0 0.82890625 0.9703125 0.021875 0.059375
0 0.91328125 0.98671875 0.0328125 0.0265625
0 0.8953125 0.87421875 0.03125 0.0640625
0 0.9484375 0.83046875 0.01875 0.0609375
0 0.96796875 0.95625 0.015625 0.0796875
0 0.98515625 0.775 0.0171875 0.0578125
0 0.93984375 0.45078125 0.021875 0.0890625
0 0.88203125 0.36796875 0.0375 0.06875
0 0.85625 0.309375 0.01875 0.0578125
0 0.95703125 0.12578125 0.0125 0.0671875