0 0.15546875 0.8125 0.025 0.0515625
0 0.27890625 0.5515625 0.05625 0.0625
0 0.27421875 0.4703125 0.0375 0.05625
0 0.2140625 0.42109375 0.0328125 0.08125
0 0.24921875 0.196875 0.0328125 0.053125
0 0.1515625 0.0609375 0.040625 0.0515625
0 0.11796875 0.0703125 0.0328125 0.065625
0 0.05703125 0.66875 0.059375 0.11875
0 0.3953125 0.53359375 0.0296875 0.1125
0 0.47578125 0.90859375 0.04375 0.065625
0 0.4640625 0.79140625 0.0296875 0.1265625
0 0.48515625 0.678125 0.053125 0.071875
0 0.5390625 0.5015625 0.040625 0.090625
0 0.60390625 0.725 0.028125 0.096875
0 0.54921875 0.7046875 0.03125 0.1046875
0 0.6203125 0.9015625 0.0375 0.121875
0 0.74296875 0.596875 0.0328125 0.0625
0 0.71015625 0.590625 0.0296875 0.075
0 0.66171875 0.5875 0.040625 0.103125
0 0.70078125 0.75078125 0.040625 0.1046875
0 0.61953125 0.31015625 0.04375 0.1078125
0 0.6609375 0.2671875 0.071875 0.08125
0 0.6421875 0.4421875 0.0453125 0.1125
0 0.54375 0.121875 0.05625 0.08125
0 0.4515625 0.42734375 0.04375 0.071875
0 0.91171875 0.44765625 0.04375 0.075
0 0.903125 0.93515625 0.0453125 0.065625
0 0.79921875 0.76171875 0.059375 0.13125
0 0.8765625 0.3625 0.0375 0.084375
0 0.815625 0.43828125 0.03125 0.115625
0 0.93671875 0.1296875 0.0546875 0.096875