0 0.93515625 0.42265625 0.0265625 0.0765625
0 0.95625 0.43203125 0.0421875 0.075
0 0.9296875 0.728125 0.01875 0.1125
0 0.865625 0.67890625 0.034375 0.05
0 0.7578125 0.93828125 0.03125 0.071875
0 0.8203125 0.625 0.01875 0.071875
0 0.80859375 0.31640625 0.028125 0.0875
0 0.84453125 0.3078125 0.025 0.0875
0 0.86953125 0.13046875 0.025 0.04375
0 0.88203125 0.271875 0.021875 0.05
0 0.8875 0.10234375 0.0296875 0.075
0 0.721875 0.26328125 0.025 0.059375
0 0.69296875 0.19765625 0.0375 0.0875
0 0.675 0.6265625 0.040625 0.075
0 0.6546875 0.725 0.034375 0.09375
0 0.66796875 0.903125 0.0328125 0.0546875
0 0.625 0.91015625 0.025 0.0578125
0 0.85859375 0.928125 0.0203125 0.04375
0 0.83359375 0.81171875 0.021875 0.09375
0 0.55546875 0.27578125 0.0375 0.06875
0 0.59140625 0.18984375 0.03125 0.06875
0 0.5296875 0.06953125 0.03125 0.05
0 0.5015625 0.42890625 0.028125 0.09375
0 0.4484375 0.8796875 0.028125 0.028125
0 0.41640625 0.68671875 0.025 0.04375
0 0.40234375 0.4375 0.034375 0.04375
0 0.39140625 0.0390625 0.0265625 0.05
0 0.2328125 0.61328125 0.034375 0.0625
0 0.16015625 0.7390625 0.034375 0.046875
0 0.2 0.81953125 0.028125 0.04375
0 0.25546875 0.82890625 0.025 0.04375
0 0.29765625 0.9734375 0.025 0.04375
0 0.21171875 0.26640625 0.028125 0.053125
0 0.23359375 0.0953125 0.0171875 0.04375
0 0.1359375 0.184375 0.021875 0.04375
0 0.11875 0.27421875 0.03125 0.0875