0 0.95546875 0.7390625 0.025 0.06875
0 0.9328125 0.63359375 0.0234375 0.0609375
0 0.86875 0.8984375 0.0234375 0.0765625
0 0.8796875 0.8609375 0.028125 0.0765625
0 0.90390625 0.3640625 0.021875 0.08125
0 0.93125 0.38828125 0.025 0.0875
0 0.909375 0.125 0.025 0.046875
0 0.85078125 0.184375 0.0265625 0.0484375
0 0.84375 0.29375 0.028125 0.08125
0 0.93046875 0.03203125 0.01875 0.0640625
0 0.95234375 0.39765625 0.028125 0.0765625
0 0.78828125 0.26875 0.01875 0.0734375
0 0.7296875 0.35234375 0.0359375 0.0515625
0 0.74375 0.5265625 0.01875 0.0671875
0 0.771875 0.521875 0.0375 0.0578125
0 0.846875 0.840625 0.01875 0.0609375
0 0.6984375 0.93671875 0.028125 0.06875
0 0.7 0.4828125 0.01875 0.0546875
0 0.65 0.47421875 0.025 0.040625
0 0.665625 0.0515625 0.0296875 0.03125
0 0.49609375 0.2390625 0.01875 0.065625
0 0.4296875 0.0796875 0.025 0.05
0 0.453125 0.63515625 0.021875 0.071875
0 0.4921875 0.734375 0.021875 0.05
0 0.5375 0.85625 0.03125 0.04375
0 0.48046875 0.95078125 0.015625 0.05625
0 0.2453125 0.6453125 0.021875 0.06875
0 0.21875 0.8609375 0.015625 0.05625
0 0.19296875 0.64765625 0.01875 0.05625
0 0.178125 0.590625 0.025 0.05625
0 0.0953125 0.41796875 0.025 0.078125
0 0.10234375 0.8328125 0.01875 0.0640625
0 0.03671875 0.96953125 0.021875 0.0609375
0 0.20625 0.34375 0.021875 0.06875
0 0.32734375 0.3859375 0.025 0.059375
0 0.38203125 0.17734375 0.021875 0.0609375
0 0.3890625 0.07578125 0.03125 0.0359375
0 0.23984375 0.0171875 0.03125 0.034375
0 0.8328125 0.02421875 0.021875 0.0484375
0 0.96796875 0.28359375 0.01875 0.0734375
0 0.89921875 0.97265625 0.0203125 0.0546875
0 0.5765625 0.8546875 0.021875 0.071875
0 0.23203125 0.3359375 0.0203125 0.059375
0 0.178125 0.9625 0.021875 0.059375