2 0.6765625 0.91171875 0.021875 0.05625
2 0.73359375 0.65703125 0.03125 0.0421875
2 0.8328125 0.875 0.025 0.05625
2 0.840625 0.515625 0.015625 0.05625
2 0.83046875 0.39453125 0.0140625 0.0375
2 0.809375 0.37890625 0.01875 0.0515625
2 0.73671875 0.528125 0.021875 0.0484375
2 0.69921875 0.240625 0.028125 0.0640625
2 0.80078125 0.1234375 0.028125 0.046875
2 0.65078125 0.16328125 0.01875 0.053125
2 0.50859375 0.08125 0.021875 0.05
2 0.534375 0.39921875 0.021875 0.040625
2 0.5671875 0.315625 0.021875 0.0328125
2 0.40234375 0.6109375 0.015625 0.05625
2 0.3953125 0.5 0.01875 0.0515625
2 0.234375 0.1515625 0.0234375 0.028125
2 0.27421875 0.0640625 0.0125 0.028125
2 0.08125 0.07734375 0.0234375 0.046875
2 0.121875 0.40234375 0.01875 0.071875
2 0.16328125 0.403125 0.015625 0.0375
2 0.14296875 0.2515625 0.009375 0.0375
2 0.1640625 0.66875 0.025 0.046875
2 0.18984375 0.66875 0.01875 0.0640625
2 0.17578125 0.884375 0.034375 0.0578125
2 0.10859375 0.7625 0.0265625 0.075
2 0.14921875 0.9390625 0.01875 0.05625
2 0.36328125 0.409375 0.03125 0.05
2 0.29765625 0.54296875 0.021875 0.0625
2 0.2765625 0.4765625 0.01875 0.065625
2 0.61484375 0.83046875 0.025 0.040625
2 0.61484375 0.67109375 0.025 0.04375
2 0.64140625 0.6671875 0.0265625 0.0453125