0 0.746875 0.04765625 0.05 0.028125
0 0.9015625 0.05078125 0.096875 0.025
0 0.9109375 0.0765625 0.08125 0.025
0 0.77734375 0.0796875 0.075 0.021875
0 0.70546875 0.13203125 0.084375 0.040625
0 0.90390625 0.146875 0.096875 0.0234375
0 0.93671875 0.19453125 0.08125 0.0265625
0 0.31953125 0.215625 0.046875 0.028125
0 0.41875 0.24296875 0.0796875 0.028125
0 0.55546875 0.3140625 0.096875 0.021875
0 0.0734375 0.3078125 0.128125 0.021875
0 0.5421875 0.47578125 0.053125 0.034375
0 0.73984375 0.4984375 0.075 0.03125
0 0.50703125 0.5203125 0.084375 0.025
0 0.30859375 0.48984375 0.0625 0.025
0 0.159375 0.47421875 0.0375 0.0375
0 0.20546875 0.65 0.059375 0.034375
0 0.103125 0.6828125 0.0453125 0.0265625
0 0.34296875 0.61875 0.0609375 0.034375
0 0.590625 0.62734375 0.059375 0.03125
0 0.7234375 0.66171875 0.065625 0.025
0 0.8078125 0.6078125 0.04375 0.028125
0 0.840625 0.6734375 0.059375 0.01875
0 0.8265625 0.7265625 0.0765625 0.0265625
0 0.77578125 0.73828125 0.06875 0.028125
0 0.878125 0.75859375 0.0578125 0.025
0 0.95390625 0.8125 0.0578125 0.028125
0 0.525 0.7171875 0.0640625 0.0296875
0 0.2296875 0.8484375 0.053125 0.03125
0 0.27265625 0.88984375 0.059375 0.028125
0 0.22109375 0.8 0.0453125 0.046875
0 0.46015625 0.85546875 0.04375 0.028125
0 0.728125 0.91640625 0.103125 0.0328125
0 0.7078125 0.871875 0.084375 0.0328125
0 0.43671875 0.915625 0.06875 0.025