0 0.075 0.1578125 0.021875 0.075
0 0.028125 0.44375 0.025 0.0609375
0 0.04375 0.50859375 0.0171875 0.05
0 0.0734375 0.43515625 0.01875 0.071875
0 0.12890625 0.165625 0.01875 0.046875
0 0.1421875 0.2140625 0.01875 0.04375
0 0.23125 0.31875 0.01875 0.06875
0 0.18046875 0.46953125 0.015625 0.065625
0 0.25859375 0.72265625 0.025 0.0515625
0 0.23359375 0.88828125 0.03125 0.065625
0 0.2390625 0.59609375 0.0171875 0.0515625
0 0.31015625 0.04296875 0.03125 0.040625
0 0.34921875 0.34921875 0.03125 0.053125
0 0.4203125 0.1703125 0.0296875 0.0578125
0 0.4328125 0.39765625 0.0375 0.0234375
0 0.4140625 0.7609375 0.021875 0.046875
0 0.5 0.1765625 0.015625 0.05625
0 0.5296875 0.2375 0.025 0.053125
0 0.57890625 0.1484375 0.0203125 0.0703125
0 0.57109375 0.5953125 0.0171875 0.059375
0 0.67578125 0.4625 0.028125 0.0375
0 0.68984375 0.771875 0.046875 0.03125
0 0.825 0.09296875 0.028125 0.059375
0 0.721875 0.09375 0.0375 0.05625
0 0.8203125 0.3015625 0.0234375 0.08125
0 0.9453125 0.61796875 0.0296875 0.065625
0 0.978125 0.81796875 0.03125 0.075
0 0.97734375 0.38984375 0.0296875 0.075
0 0.88046875 0.20234375 0.01875 0.075
0 0.90390625 0.1109375 0.028125 0.059375
0 0.1515625 0.63671875 0.021875 0.0703125
0 0.1921875 0.8484375 0.021875 0.059375
0 0.23359375 0.94140625 0.025 0.05