0 0.99296875 0.8234375 0.0140625 0.08125
0 0.9609375 0.19453125 0.025 0.046875
0 0.91953125 0.26015625 0.021875 0.0734375
0 0.9078125 0.109375 0.028125 0.0640625
0 0.88359375 0.20390625 0.0234375 0.0640625
0 0.878125 0.1859375 0.021875 0.06875
0 0.88671875 0.51640625 0.021875 0.05
0 0.865625 0.3421875 0.01875 0.053125
0 0.85078125 0.696875 0.01875 0.05625
0 0.8703125 0.6671875 0.0140625 0.065625
0 0.86953125 0.91015625 0.021875 0.0734375
0 0.9234375 0.821875 0.025 0.065625
0 0.7703125 0.5921875 0.0265625 0.0390625
0 0.7859375 0.565625 0.0203125 0.040625
0 0.7625 0.24765625 0.021875 0.0625
0 0.80703125 0.2109375 0.01875 0.059375
0 0.65859375 0.403125 0.021875 0.059375
0 0.6671875 0.44921875 0.025 0.0375
0 0.61640625 0.23984375 0.0234375 0.05
0 0.840625 0.040625 0.03125 0.0625
0 0.8953125 0.9828125 0.021875 0.034375
0 0.703125 0.32578125 0.021875 0.06875
0 0.678125 0.26015625 0.0265625 0.059375
0 0.58359375 0.4421875 0.025 0.046875
0 0.55546875 0.38125 0.0234375 0.0578125
0 0.51953125 0.7828125 0.0203125 0.071875
0 0.48828125 0.5921875 0.034375 0.03125
0 0.40078125 0.865625 0.0359375 0.065625
0 0.3984375 0.96484375 0.01875 0.05625
0 0.43203125 0.3015625 0.021875 0.0578125
0 0.3828125 0.325 0.0234375 0.071875
0 0.271875 0.57734375 0.03125 0.04375
0 0.25625 0.73203125 0.021875 0.059375
0 0.1609375 0.69140625 0.03125 0.0375
0 0.1734375 0.48359375 0.025 0.0640625
0 0.18046875 0.65546875 0.025 0.065625
0 0.2078125 0.58828125 0.01875 0.053125
0 0.10546875 0.55 0.025 0.05
0 0.16796875 0.34296875 0.0296875 0.0515625
0 0.15859375 0.4640625 0.028125 0.0640625
0 0.0875 0.340625 0.03125 0.0578125
0 0.07421875 0.67109375 0.028125 0.0625
0 0.0234375 0.81953125 0.0375 0.0640625