0 0.95859375 0.76171875 0.01875 0.053125
0 0.90625 0.84296875 0.0171875 0.040625
0 0.90625 0.74375 0.015625 0.0640625
0 0.83671875 0.8296875 0.021875 0.0375
0 0.7140625 0.4828125 0.0265625 0.0578125
0 0.7140625 0.12265625 0.0140625 0.053125
0 0.8328125 0.096875 0.0421875 0.06875
0 0.8609375 0.0921875 0.0203125 0.05625
0 0.95625 0.22265625 0.01875 0.0328125
0 0.984375 0.1953125 0.015625 0.053125
0 0.8640625 0.42734375 0.025 0.05
0 0.89296875 0.03046875 0.034375 0.05
0 0.80390625 0.41171875 0.034375 0.06875
0 0.69375 0.85625 0.0234375 0.071875
0 0.65234375 0.83671875 0.025 0.04375
0 0.671875 0.865625 0.021875 0.040625
0 0.4890625 0.2890625 0.03125 0.0671875
0 0.50703125 0.26875 0.015625 0.040625
0 0.53203125 0.325 0.021875 0.053125
0 0.5296875 0.11328125 0.0375 0.0421875
0 0.64375 0.0296875 0.03125 0.0453125
0 0.70390625 0.01796875 0.015625 0.034375
0 0.60234375 0.81796875 0.021875 0.03125
0 0.52890625 0.7484375 0.021875 0.0421875
0 0.42890625 0.33984375 0.0375 0.04375
0 0.4296875 0.23046875 0.025 0.059375
0 0.35390625 0.34453125 0.021875 0.05625
0 0.3328125 0.1421875 0.028125 0.0421875
0 0.42890625 0.7734375 0.0234375 0.071875
0 0.22734375 0.690625 0.028125 0.046875
0 0.24609375 0.48359375 0.021875 0.0625
0 0.19375 0.51796875 0.01875 0.05625
0 0.14453125 0.66171875 0.0140625 0.053125
0 0.1203125 0.790625 0.01875 0.046875
0 0.1328125 0.43671875 0.025 0.05
0 0.153125 0.06796875 0.0125 0.06875
0 0.05 0.234375 0.05625 0.10625
0 0.0921875 0.54453125 0.025 0.046875
0 0.16171875 0.2296875 0.025 0.04375
0 0.13515625 0.12734375 0.01875 0.05625
0 0.19296875 0.06640625 0.028125 0.065625
0 0.38671875 0.365625 0.01875 0.040625
0 0.48515625 0.4671875 0.0234375 0.05625
0 0.921875 0.46953125 0.0265625 0.04375