0 0.56953125 0.13671875 0.046875 0.021875
0 0.665625 0.1921875 0.0625 0.028125
0 0.8234375 0.16015625 0.04375 0.01875
0 0.8546875 0.19609375 0.0625 0.028125
0 0.765625 0.13359375 0.05625 0.028125
0 0.7703125 0.121875 0.040625 0.0171875
0 0.9140625 0.23359375 0.046875 0.01875
0 0.74140625 0.33671875 0.046875 0.028125
0 0.81953125 0.396875 0.05 0.0265625
0 0.2390625 0.14609375 0.05625 0.0171875
0 0.15625 0.1875 0.084375 0.0234375
0 0.16640625 0.14296875 0.034375 0.01875
0 0.35390625 0.4734375 0.04375 0.01875
0 0.21640625 0.4859375 0.053125 0.015625
0 0.2546875 0.50234375 0.0390625 0.0203125
0 0.0515625 0.50390625 0.0375 0.015625
0 0.58125 0.48046875 0.040625 0.0171875
0 0.77421875 0.5125 0.0390625 0.03125
0 0.92265625 0.503125 0.05 0.021875
0 0.690625 0.5703125 0.046875 0.021875
0 0.4328125 0.59375 0.03125 0.021875
0 0.4078125 0.57265625 0.05 0.0203125
0 0.4875 0.6046875 0.0375 0.021875
0 0.28359375 0.59765625 0.04375 0.015625
0 0.3015625 0.58203125 0.0375 0.01875
0 0.38203125 0.75703125 0.040625 0.01875
0 0.190625 0.784375 0.034375 0.015625
0 0.0546875 0.71796875 0.040625 0.01875
0 0.53671875 0.771875 0.05625 0.01875
0 0.61640625 0.78046875 0.0375 0.0171875
0 0.67578125 0.8671875 0.0453125 0.01875
0 0.67421875 0.91015625 0.040625 0.01875
0 0.12265625 0.865625 0.03125 0.015625
0 0.196875 0.8390625 0.0421875 0.015625
0 0.10234375 0.8109375 0.06875 0.015625
0 0.578125 0.825 0.040625 0.0125
0 0.63671875 0.82890625 0.028125 0.0125