0 0.11875 0.14609375 0.034375 0.071875
0 0.2046875 0.35078125 0.021875 0.053125
0 0.353125 0.284375 0.0265625 0.084375
0 0.31875 0.290625 0.04375 0.065625
0 0.40703125 0.5703125 0.028125 0.084375
0 0.50078125 0.721875 0.01875 0.078125
0 0.478125 0.70859375 0.025 0.05625
0 0.5046875 0.94140625 0.040625 0.0765625
0 0.2484375 0.87265625 0.025 0.0796875
0 0.11015625 0.66328125 0.0421875 0.075
0 0.15078125 0.8671875 0.0125 0.059375
0 0.18984375 0.5125 0.04375 0.0515625
0 0.2703125 0.0703125 0.0375 0.075
0 0.2140625 0.07578125 0.04375 0.071875
0 0.52421875 0.22421875 0.025 0.0765625
0 0.5765625 0.3140625 0.0203125 0.090625
0 0.59375 0.4296875 0.021875 0.03125
0 0.75390625 0.52734375 0.0234375 0.0546875
0 0.7671875 0.6046875 0.01875 0.040625
0 0.7921875 0.7578125 0.021875 0.05
0 0.875 0.6421875 0.028125 0.0421875
0 0.91640625 0.73125 0.025 0.046875
0 0.9703125 0.23984375 0.0265625 0.05
0 0.8921875 0.1609375 0.021875 0.078125
0 0.74609375 0.1453125 0.03125 0.0484375
0 0.13828125 0.37265625 0.0375 0.05