0 0.253125 0.04765625 0.05078125 0.02890625
0 0.0984375 0.05078125 0.096875 0.02421875
0 0.0890625 0.0765625 0.08046875 0.025
0 0.22265625 0.0796875 0.07421875 0.02265625
0 0.29453125 0.13203125 0.08515625 0.040625
0 0.09609375 0.146875 0.09765625 0.0234375
0 0.06328125 0.19453125 0.08203125 0.0265625
0 0.68046875 0.215625 0.04765625 0.02734375
0 0.58125 0.24296875 0.0796875 0.028125
0 0.44453125 0.3140625 0.096875 0.02265625
0 0.9265625 0.3078125 0.128125 0.021875
0 0.4578125 0.47578125 0.05390625 0.03359375
0 0.26015625 0.4984375 0.07421875 0.03125
0 0.49296875 0.5203125 0.08515625 0.02421875
0 0.69140625 0.48984375 0.06171875 0.025
0 0.840625 0.47421875 0.0375 0.03671875
0 0.79453125 0.65 0.06015625 0.03515625
0 0.896875 0.6828125 0.0453125 0.0265625
0 0.65703125 0.61875 0.0609375 0.034375
0 0.409375 0.62734375 0.06015625 0.03203125
0 0.2765625 0.66171875 0.06640625 0.02421875
0 0.1921875 0.6078125 0.04375 0.02734375
0 0.159375 0.6734375 0.059375 0.01953125
0 0.1734375 0.7265625 0.0765625 0.0265625
0 0.22421875 0.73828125 0.06953125 0.02734375
0 0.121875 0.75859375 0.0578125 0.025
0 0.04609375 0.8125 0.0578125 0.02890625
0 0.475 0.7171875 0.0640625 0.0296875
0 0.7703125 0.8484375 0.05234375 0.03046875
0 0.72734375 0.88984375 0.05859375 0.02734375
0 0.77890625 0.8 0.0453125 0.04765625
0 0.53984375 0.85546875 0.04296875 0.02890625
0 0.271875 0.91640625 0.10390625 0.0328125
0 0.2921875 0.871875 0.08359375 0.0328125
0 0.56328125 0.915625 0.06796875 0.02421875