0 0.2484375 0.03984375 0.06640625 0.02578125
0 0.0734375 0.0875 0.1125 0.0296875
0 0.12265625 0.10625 0.0703125 0.02421875
0 0.16328125 0.13515625 0.08203125 0.02109375
0 0.43203125 0.04140625 0.0703125 0.02890625
0 0.43203125 0.25078125 0.0390625 0.0359375
0 0.184375 0.19609375 0.0734375 0.03203125
0 0.02890625 0.2359375 0.0578125 0.028125
0 0.07421875 0.27578125 0.05859375 0.0421875
0 0.575 0.2453125 0.04921875 0.028125
0 0.6046875 0.275 0.0296875 0.0359375
0 0.69921875 0.2671875 0.08046875 0.028125
0 0.5109375 0.290625 0.04921875 0.02734375
0 0.0859375 0.3515625 0.06484375 0.02578125
0 0.471875 0.384375 0.0578125 0.02265625
0 0.4875 0.2609375 0.0546875 0.01953125
0 0.73046875 0.32265625 0.059375 0.02421875
0 0.97265625 0.3734375 0.0546875 0.03125
0 0.9375 0.30625 0.05 0.02890625
0 0.971875 0.109375 0.05078125 0.01796875
0 0.90546875 0.125 0.05703125 0.01640625
0 0.56484375 0.43828125 0.059375 0.02578125
0 0.64921875 0.5125 0.06015625 0.02734375
0 0.040625 0.5109375 0.0625 0.021875
0 0.11328125 0.42890625 0.06953125 0.02578125
0 0.4890625 0.559375 0.046875 0.02578125
0 0.71015625 0.603125 0.03828125 0.01796875
0 0.509375 0.62421875 0.04921875 0.01640625
0 0.57734375 0.66171875 0.0453125 0.02265625
0 0.06328125 0.6046875 0.0421875 0.02890625
0 0.140625 0.72890625 0.084375 0.0328125
0 0.44921875 0.7109375 0.06015625 0.03359375
0 0.4890625 0.790625 0.071875 0.0171875
0 0.65625 0.83125 0.0421875 0.0328125
0 0.21328125 0.83125 0.07421875 0.02578125
0 0.13828125 0.83046875 0.06796875 0.02578125
0 0.053125 0.79921875 0.053125 0.02578125
0 0.08671875 0.7890625 0.0421875 0.02578125
0 0.2453125 0.84609375 0.090625 0.028125
0 0.35859375 0.87890625 0.08203125 0.02890625
0 0.29140625 0.92890625 0.0578125 0.01640625
0 0.01484375 0.85625 0.0296875 0.02421875
0 0.4265625 0.96015625 0.09453125 0.0203125
0 0.9265625 0.89765625 0.05546875 0.021875