0 0.87578125 0.1375 0.028125 0.0625
0 0.86640625 0.44296875 0.021875 0.08125
0 0.7109375 0.4984375 0.03125 0.05625
0 0.77265625 0.6140625 0.028125 0.065625
0 0.87890625 0.69140625 0.0203125 0.059375
0 0.90546875 0.6234375 0.028125 0.0359375
0 0.92265625 0.7671875 0.0265625 0.04375
0 0.8796875 0.37109375 0.0125 0.040625
0 0.8984375 0.3703125 0.015625 0.034375
0 0.8125 0.08515625 0.021875 0.046875
0 0.8203125 0.16484375 0.0375 0.059375
0 0.6015625 0.253125 0.0453125 0.0484375
0 0.50625 0.26015625 0.015625 0.0421875
0 0.490625 0.29296875 0.021875 0.0421875
0 0.41796875 0.33828125 0.0265625 0.065625
0 0.6 0.73046875 0.03125 0.053125
0 0.4703125 0.68359375 0.040625 0.0375
0 0.290625 0.675 0.028125 0.0625
0 0.35234375 0.309375 0.021875 0.04375
0 0.3421875 0.10546875 0.0203125 0.059375
0 0.275 0.36015625 0.025 0.0515625
0 0.2484375 0.728125 0.028125 0.05
0 0.18359375 0.553125 0.021875 0.05625
0 0.20234375 0.603125 0.0359375 0.046875
0 0.27109375 0.83828125 0.04375 0.0859375
0 0.3109375 0.94453125 0.04375 0.0578125
0 0.14765625 0.7734375 0.025 0.0390625
0 0.18203125 0.83359375 0.028125 0.0359375
0 0.1078125 0.684375 0.0234375 0.06875
0 0.1234375 0.7125 0.021875 0.059375
0 0.11953125 0.9234375 0.015625 0.046875
0 0.1421875 0.52109375 0.025 0.046875
0 0.1203125 0.40234375 0.0375 0.06875
0 0.1390625 0.2328125 0.0234375 0.0390625
0 0.0796875 0.25859375 0.0265625 0.0421875
0 0.053125 0.7609375 0.03125 0.0828125
0 0.0515625 0.94296875 0.028125 0.034375
0 0.18671875 0.17734375 0.0265625 0.0375
0 0.078125 0.0546875 0.025 0.034375
0 0.22734375 0.02734375 0.034375 0.0375
0 0.48046875 0.4671875 0.040625 0.0578125
0 0.41796875 0.77890625 0.03125 0.071875
0 0.5921875 0.96484375 0.0203125 0.059375
0 0.62421875 0.98203125 0.0296875 0.0328125
0 0.8671875 0.96640625 0.021875 0.05
0 0.75234375 0.97109375 0.0359375 0.0578125
0 0.15625 0.22578125 0.015625 0.0484375
0 0.18359375 0.2640625 0.0203125 0.046875
0 0.10703125 0.2984375 0.01875 0.05
0 0.6109375 0.0234375 0.03125 0.046875