2 0.5140625 0.0890625 0.071875 0.0375
2 0.2421875 0.090625 0.084375 0.04375
2 0.08984375 0.040625 0.084375 0.0375
2 0.11015625 0.16796875 0.0375 0.03125
2 0.1828125 0.1484375 0.053125 0.028125
2 0.721875 0.140625 0.084375 0.03125
2 0.76171875 0.13984375 0.05625 0.025
2 0.8625 0.1875 0.053125 0.028125
2 0.8703125 0.1609375 0.078125 0.034375
2 0.82265625 0.3140625 0.08125 0.0328125
2 0.7328125 0.34921875 0.09375 0.034375
2 0.48828125 0.37890625 0.10625 0.0265625
2 0.35546875 0.41640625 0.0796875 0.021875
2 0.39921875 0.44921875 0.053125 0.03125
2 0.28671875 0.39765625 0.0375 0.0296875
2 0.25703125 0.5046875 0.06875 0.05625
2 0.0734375 0.45859375 0.059375 0.021875
2 0.2734375 0.19453125 0.065625 0.028125
2 0.3328125 0.19140625 0.05625 0.025
2 0.08046875 0.51484375 0.0859375 0.034375
2 0.0953125 0.640625 0.071875 0.0234375
2 0.4890625 0.73515625 0.0921875 0.034375
2 0.2671875 0.83984375 0.10625 0.0390625
2 0.54296875 0.859375 0.0953125 0.028125
2 0.50625 0.85 0.04375 0.0265625
2 0.5484375 0.8203125 0.040625 0.0375
2 0.79453125 0.865625 0.05 0.03125
2 0.7328125 0.7734375 0.0625 0.03125