0 0.1703125 0.16875 0.059375 0.028125
0 0.21328125 0.2734375 0.06875 0.021875
0 0.734375 0.24765625 0.0703125 0.025
0 0.59140625 0.3234375 0.071875 0.034375
0 0.4515625 0.225 0.08125 0.03125
0 0.92265625 0.190625 0.08125 0.021875
0 0.96328125 0.26015625 0.046875 0.0234375
0 0.97578125 0.23125 0.046875 0.01875
0 0.88203125 0.2546875 0.0625 0.03125
0 0.859375 0.1140625 0.065625 0.021875
0 0.546875 0.09609375 0.065625 0.0296875
0 0.42421875 0.10625 0.05625 0.025
0 0.4328125 0.065625 0.06875 0.034375
0 0.1828125 0.05 0.0765625 0.034375
0 0.97109375 0.3734375 0.0578125 0.0421875
0 0.9796875 0.409375 0.040625 0.028125
0 0.71875 0.6046875 0.078125 0.021875
0 0.24921875 0.55390625 0.05625 0.0265625
0 0.20234375 0.51015625 0.090625 0.05
0 0.9125 0.675 0.0734375 0.040625
0 0.95703125 0.71796875 0.04375 0.0375
0 0.79375 0.74296875 0.06875 0.01875
0 0.77109375 0.784375 0.065625 0.03125
0 0.61484375 0.85234375 0.053125 0.028125
0 0.7765625 0.94921875 0.05 0.025
0 0.91015625 0.88515625 0.09375 0.028125
0 0.484375 0.7703125 0.04375 0.0375
0 0.25859375 0.72265625 0.0734375 0.034375