0 0.2765625 0.0390625 0.0578125 0.0203125
0 0.58125 0.01796875 0.0796875 0.0171875
0 0.82890625 0.06796875 0.0625 0.025
0 0.25390625 0.09921875 0.0703125 0.02109375
0 0.3375 0.146875 0.06640625 0.02890625
0 0.9453125 0.18671875 0.0421875 0.0265625
0 0.69375 0.15625 0.06015625 0.0265625
0 0.85625 0.190625 0.05546875 0.0234375
0 0.9046875 0.2390625 0.0515625 0.0296875
0 0.76640625 0.3265625 0.05546875 0.015625
0 0.06875 0.4875 0.04453125 0.034375
0 0.16875 0.50078125 0.059375 0.03828125
0 0.25625 0.49296875 0.053125 0.0203125
0 0.5609375 0.53671875 0.0453125 0.02890625
0 0.38125 0.5921875 0.05625 0.0328125
0 0.396875 0.56953125 0.05546875 0.03046875
0 0.26328125 0.60546875 0.0859375 0.0296875
0 0.01640625 0.6046875 0.03203125 0.0296875
0 0.3796875 0.7046875 0.07265625 0.01796875
0 0.3015625 0.64609375 0.06640625 0.025
0 0.659375 0.615625 0.05546875 0.03046875
0 0.78359375 0.59765625 0.053125 0.02890625
0 0.653125 0.6921875 0.05546875 0.03046875
0 0.8953125 0.6578125 0.05078125 0.0234375
0 0.35078125 0.77578125 0.059375 0.021875
0 0.0421875 0.84921875 0.05625 0.0265625
0 0.24609375 0.8296875 0.07109375 0.021875
0 0.51171875 0.9234375 0.08125 0.028125
0 0.5125 0.9 0.075 0.02578125
0 0.3234375 0.9625 0.07890625 0.02421875
0 0.87109375 0.42734375 0.04921875 0.02265625
0 0.39375 0.65234375 0.06875 0.0265625
0 0.73046875 0.74140625 0.0703125 0.02578125
0 0.38359375 0.85078125 0.07734375 0.03046875
0 0.11328125 0.86640625 0.0640625 0.0296875
0 0.075 0.93125 0.05625 0.021875
0 0.81328125 0.9640625 0.09140625 0.02734375
0 0.7046875 0.81484375 0.06484375 0.02734375