0 0.109375 0.1578125 0.028125 0.040625
0 0.096875 0.246875 0.01875 0.0390625
0 0.08671875 0.0515625 0.0171875 0.04375
0 0.13125 0.33203125 0.025 0.0421875
0 0.15 0.39375 0.0375 0.046875
0 0.1578125 0.30859375 0.0203125 0.0453125
0 0.18359375 0.265625 0.01875 0.0875
0 0.2421875 0.23125 0.021875 0.071875
0 0.2734375 0.61171875 0.015625 0.071875
0 0.1859375 0.49609375 0.015625 0.05625
0 0.1484375 0.5484375 0.021875 0.05
0 0.09296875 0.75 0.021875 0.065625
0 0.278125 0.4234375 0.015625 0.078125
0 0.3484375 0.11171875 0.025 0.0484375
0 0.3421875 0.19140625 0.021875 0.05625
0 0.31171875 0.02421875 0.0359375 0.0484375
0 0.41171875 0.17421875 0.01875 0.053125
0 0.35078125 0.91640625 0.0359375 0.0390625
0 0.43984375 0.4609375 0.0296875 0.040625
0 0.65390625 0.28046875 0.040625 0.05625
0 0.66640625 0.11015625 0.028125 0.0703125
0 0.6890625 0.43828125 0.021875 0.046875
0 0.75625 0.0515625 0.0140625 0.103125
0 0.77421875 0.78515625 0.034375 0.0734375
0 0.6796875 0.9046875 0.034375 0.0390625
0 0.6421875 0.928125 0.0296875 0.0421875
0 0.834375 0.846875 0.025 0.059375
0 0.8375 0.92734375 0.03125 0.040625
0 0.8328125 0.725 0.0375 0.0875
0 0.8203125 0.571875 0.025 0.053125
0 0.859375 0.4453125 0.025 0.05625
0 0.8953125 0.43671875 0.03125 0.065625
0 0.91328125 0.22578125 0.0375 0.1109375
0 0.90234375 0.1640625 0.0171875 0.04375
0 0.896875 0.025 0.021875 0.05
0 0.953125 0.13125 0.0328125 0.065625
0 0.9125 0.58828125 0.021875 0.078125
0 0.9765625 0.796875 0.03125 0.0609375
0 0.84765625 0.25546875 0.03125 0.096875
0 0.60546875 0.7109375 0.040625 0.065625
0 0.50625 0.76484375 0.046875 0.053125