0 0.83515625 0.34375 0.03125 0.075
0 0.80234375 0.33984375 0.015625 0.046875
0 0.73046875 0.26171875 0.021875 0.078125
0 0.809375 0.10234375 0.021875 0.05625
0 0.88515625 0.121875 0.0375 0.040625
0 0.88828125 0.271875 0.025 0.096875
0 0.86875 0.68515625 0.0328125 0.040625
0 0.75 0.940625 0.034375 0.059375
0 0.815625 0.6375 0.0328125 0.0875
0 0.93515625 0.72734375 0.0203125 0.05625
0 0.903125 0.94296875 0.0390625 0.1
0 0.9265625 0.4 0.034375 0.075
0 0.946875 0.48203125 0.028125 0.040625
0 0.88515625 0.61015625 0.021875 0.0578125
0 0.73984375 0.58828125 0.021875 0.05625
0 0.6703125 0.6328125 0.0328125 0.065625
0 0.64765625 0.703125 0.046875 0.06875
0 0.6234375 0.91875 0.0296875 0.025
0 0.66640625 0.88984375 0.028125 0.0546875
0 0.7109375 0.1828125 0.034375 0.053125
0 0.596875 0.19921875 0.03125 0.046875
0 0.53046875 0.07265625 0.034375 0.0625
0 0.50625 0.4140625 0.0375 0.075
0 0.5171875 0.8328125 0.021875 0.05625
0 0.465625 0.7234375 0.040625 0.05625
0 0.4015625 0.43359375 0.034375 0.05625
0 0.4796875 0.08125 0.015625 0.034375
0 0.3859375 0.0609375 0.034375 0.078125
0 0.309375 0.403125 0.028125 0.06875
0 0.23046875 0.6015625 0.034375 0.075
0 0.25546875 0.85234375 0.03125 0.06875
0 0.2859375 0.76953125 0.0203125 0.0375
0 0.13671875 0.5953125 0.025 0.1
0 0.121875 0.2765625 0.034375 0.071875
0 0.1296875 0.21484375 0.0234375 0.0796875
0 0.16953125 0.2109375 0.021875 0.04375