0 0.6859375 0.1421875 0.06796875 0.01953125
0 0.665625 0.09375 0.05234375 0.01796875
0 0.1828125 0.23828125 0.04140625 0.0171875
0 0.39921875 0.32734375 0.0515625 0.02578125
0 0.04453125 0.27734375 0.06328125 0.025
0 0.73203125 0.009375 0.0421875 0.01796875
0 0.29453125 0.15 0.05859375 0.02421875
0 0.05078125 0.165625 0.075 0.0234375
0 0.59765625 0.6296875 0.05390625 0.03359375
0 0.3015625 0.89765625 0.05234375 0.0328125
0 0.4859375 0.85234375 0.05625 0.0234375
0 0.11171875 0.8875 0.0828125 0.01875
0 0.4578125 0.746875 0.05234375 0.02109375
0 0.3359375 0.9453125 0.05390625 0.02421875
0 0.028125 0.8015625 0.05625 0.03125
0 0.74921875 0.7859375 0.0484375 0.0296875
0 0.51875 0.1625 0.090625 0.0265625
0 0.94140625 0.41484375 0.0796875 0.02734375
0 0.71484375 0.85703125 0.075 0.02109375
0 0.0171875 0.371875 0.03359375 0.02578125
0 0.68125 0.68671875 0.04375 0.0328125
0 0.484375 0.8515625 0.05390625 0.02421875
0 0.30703125 0.12734375 0.0609375 0.01796875
0 0.27421875 0.67734375 0.0515625 0.03125
0 0.2109375 0.15390625 0.07421875 0.025
0 0.6984375 0.884375 0.06015625 0.0265625
0 0.78671875 0.69375 0.0453125 0.028125
0 0.94765625 0.109375 0.06875 0.01640625
0 0.72890625 0.11328125 0.04609375 0.025
0 0.84140625 0.49609375 0.03671875 0.0296875
0 0.73046875 0.26953125 0.08125 0.021875
0 0.865625 0.26796875 0.04140625 0.01953125
0 0.9375 0.253125 0.05625 0.02109375
0 0.2515625 0.48125 0.053125 0.0265625
0 0.896875 0.50859375 0.04921875 0.0359375
0 0.3578125 0.96015625 0.0546875 0.028125
0 0.403125 0.03359375 0.06640625 0.021875
0 0.11328125 0.11015625 0.0421875 0.0234375
0 0.321875 0.8046875 0.0625 0.025
0 0.88984375 0.02109375 0.05703125 0.02421875
0 0.13203125 0.00859375 0.08359375 0.0171875
0 0.4515625 0.89296875 0.05546875 0.0171875
0 0.328125 0.01328125 0.0625 0.0203125
0 0.0421875 0.39765625 0.04609375 0.02421875
0 0.36875 0.4328125 0.05 0.021875