0 0.91953125 0.61875 0.03125 0.0453125
0 0.96640625 0.87734375 0.0296875 0.065625
0 0.85703125 0.45390625 0.0234375 0.075
0 0.8328125 0.39921875 0.021875 0.046875
0 0.76875 0.48828125 0.025 0.05625
0 0.81015625 0.084375 0.0265625 0.0453125
0 0.884375 0.2171875 0.028125 0.0375
0 0.959375 0.075 0.0265625 0.03125
0 0.646875 0.796875 0.025 0.0453125
0 0.72578125 0.796875 0.028125 0.0421875
0 0.5765625 0.6265625 0.0265625 0.065625
0 0.55546875 0.95234375 0.028125 0.0609375
0 0.48203125 0.834375 0.0296875 0.053125
0 0.50078125 0.7375 0.01875 0.034375
0 0.49375 0.53671875 0.028125 0.0359375
0 0.459375 0.6484375 0.0234375 0.040625
0 0.43828125 0.765625 0.021875 0.04375
0 0.37109375 0.50546875 0.0421875 0.0703125
0 0.51953125 0.1640625 0.0265625 0.059375
0 0.43203125 0.07890625 0.028125 0.0390625
0 0.625 0.2140625 0.03125 0.0515625
0 0.64609375 0.159375 0.034375 0.0578125
0 0.28515625 0.7484375 0.040625 0.0625
0 0.3140625 0.9609375 0.0296875 0.078125
0 0.13671875 0.7078125 0.025 0.0703125
0 0.05625 0.93046875 0.03125 0.06875
0 0.103125 0.21640625 0.0234375 0.028125
0 0.2078125 0.28203125 0.028125 0.0375
0 0.19375 0.865625 0.021875 0.046875
0 0.18359375 0.61875 0.028125 0.084375
0 0.35390625 0.11484375 0.0265625 0.03125