0 0.5625 0.06328125 0.0484375 0.03046875
0 0.521875 0.02421875 0.04921875 0.02109375
0 0.38515625 0.02578125 0.05078125 0.02421875
0 0.4578125 0.1015625 0.08671875 0.0515625
0 0.20625 0.02890625 0.06171875 0.028125
0 0.16328125 0.07890625 0.08359375 0.03046875
0 0.22265625 0.14453125 0.06484375 0.046875
0 0.71484375 0.121875 0.05234375 0.02890625
0 0.80078125 0.16875 0.071875 0.02890625
0 0.884375 0.175 0.05234375 0.03046875
0 0.946875 0.21015625 0.03984375 0.02890625
0 0.803125 0.20546875 0.10234375 0.025
0 0.87421875 0.321875 0.04921875 0.03515625
0 0.93203125 0.3453125 0.059375 0.05078125
0 0.525 0.52578125 0.08984375 0.03828125
0 0.39296875 0.59375 0.053125 0.021875
0 0.265625 0.6015625 0.08359375 0.034375
0 0.05390625 0.49296875 0.05859375 0.021875
0 0.2140625 0.47890625 0.0609375 0.02890625
0 0.25 0.50625 0.078125 0.046875
0 0.55390625 0.63125 0.0703125 0.0453125
0 0.7953125 0.60859375 0.08046875 0.03046875
0 0.92578125 0.6734375 0.071875 0.021875
0 0.68359375 0.746875 0.0578125 0.03125
0 0.7984375 0.83671875 0.0765625 0.04296875
0 0.1203125 0.68125 0.0671875 0.0515625
0 0.29453125 0.72421875 0.04453125 0.03359375
0 0.22265625 0.83359375 0.05078125 0.03203125
0 0.4796875 0.88671875 0.0640625 0.0359375
0 0.11640625 0.8296875 0.05859375 0.02890625
0 0.70859375 0.89140625 0.0671875 0.03046875
0 0.3421875 0.7703125 0.0890625 0.02421875