2 0.88046875 0.10390625 0.053125 0.025
2 0.80703125 0.103125 0.053125 0.0328125
2 0.8015625 0.13046875 0.0296875 0.0359375
2 0.75234375 0.103125 0.065625 0.0234375
2 0.646875 0.11640625 0.05625 0.0171875
2 0.36484375 0.103125 0.05625 0.025
2 0.065625 0.1140625 0.0578125 0.021875
2 0.034375 0.0796875 0.06875 0.01875
2 0.50078125 0.128125 0.0671875 0.01875
2 0.4703125 0.1671875 0.0625 0.0140625
2 0.7375 0.18828125 0.0375 0.0234375
2 0.83046875 0.2046875 0.0328125 0.025
2 0.6609375 0.39609375 0.0421875 0.015625
2 0.453125 0.3765625 0.046875 0.021875
2 0.940625 0.27265625 0.0328125 0.03125
2 0.84921875 0.37421875 0.034375 0.025
2 0.91953125 0.42265625 0.03125 0.028125
2 0.92890625 0.48046875 0.03125 0.0328125
2 0.8921875 0.47578125 0.0265625 0.021875
2 0.8125 0.5 0.0375 0.021875
2 0.796875 0.525 0.04375 0.025
2 0.5953125 0.5875 0.0328125 0.03125
2 0.8625 0.53671875 0.0296875 0.0234375
2 0.35078125 0.515625 0.0265625 0.021875
2 0.4109375 0.5921875 0.028125 0.03125
2 0.95390625 0.590625 0.046875 0.0203125
2 0.7828125 0.59609375 0.0359375 0.0265625
2 0.79375 0.70390625 0.0375 0.01875
2 0.6109375 0.76796875 0.0421875 0.01875
2 0.72734375 0.7859375 0.0625 0.009375
2 0.71484375 0.76875 0.04375 0.01875
2 0.80078125 0.77578125 0.028125 0.0234375
2 0.74765625 0.8546875 0.0421875 0.015625
2 0.946875 0.8984375 0.0625 0.015625
2 0.5015625 0.85234375 0.071875 0.0125
2 0.43828125 0.84765625 0.053125 0.021875
2 0.30625 0.85625 0.053125 0.0234375
2 0.12890625 0.86796875 0.0578125 0.01875
2 0.04375 0.7609375 0.046875 0.01875
2 0.14609375 0.71484375 0.034375 0.025
2 0.08125 0.64609375 0.05625 0.025