0 0.05078125 0.034375 0.0671875 0.02890625
0 0.4375 0.1046875 0.0859375 0.025
0 0.3578125 0.12734375 0.0828125 0.02578125
0 0.03046875 0.14296875 0.0609375 0.01953125
0 0.09765625 0.13671875 0.0609375 0.03671875
0 0.8515625 0.18359375 0.0625 0.0296875
0 0.44375 0.0703125 0.0859375 0.025
0 0.609375 0.06953125 0.0546875 0.0296875
0 0.83515625 0.07265625 0.0640625 0.02265625
0 0.94375 0.05234375 0.08125 0.02265625
0 0.778125 0.01171875 0.0875 0.0234375
0 0.21640625 0.09296875 0.07421875 0.02421875
0 0.90625 0.1375 0.06171875 0.01953125
0 0.396875 0.2078125 0.05078125 0.021875
0 0.67578125 0.2125 0.0734375 0.015625
0 0.68671875 0.17421875 0.0515625 0.01953125
0 0.71875 0.296875 0.05234375 0.034375
0 0.89296875 0.25703125 0.04375 0.02578125
0 0.91484375 0.25546875 0.04296875 0.03203125
0 0.02578125 0.37265625 0.0515625 0.0234375
0 0.05390625 0.43046875 0.0390625 0.02578125
0 0.0734375 0.40703125 0.04609375 0.028125
0 0.0484375 0.4703125 0.0453125 0.021875
0 0.6828125 0.52734375 0.07890625 0.028125
0 0.05625 0.459375 0.0578125 0.021875
0 0.91015625 0.37890625 0.05390625 0.025
0 0.58984375 0.58046875 0.05078125 0.02578125
0 0.596875 0.65546875 0.05234375 0.025
0 0.63046875 0.6265625 0.0546875 0.0171875
0 0.56015625 0.6578125 0.05390625 0.0171875
0 0.646875 0.71171875 0.04609375 0.0390625
0 0.790625 0.66640625 0.05625 0.02109375
0 0.0328125 0.73359375 0.0484375 0.021875
0 0.0890625 0.82109375 0.0578125 0.02578125
0 0.20859375 0.8125 0.04921875 0.021875
0 0.596875 0.79140625 0.0578125 0.01796875
0 0.69140625 0.86015625 0.06796875 0.02109375
0 0.81875 0.81015625 0.04296875 0.0375
0 0.9015625 0.9609375 0.06796875 0.02421875
0 0.57578125 0.92734375 0.07109375 0.0296875
0 0.4109375 0.90703125 0.07421875 0.025
0 0.4 0.88984375 0.065625 0.0328125
0 0.07734375 0.94453125 0.06875 0.028125
0 0.01484375 0.85234375 0.0296875 0.0265625