0 0.9 0.75078125 0.01875 0.065625
0 0.8953125 0.3625 0.01875 0.0484375
0 0.89296875 0.27734375 0.015625 0.0734375
0 0.90859375 0.2078125 0.028125 0.0375
0 0.88359375 0.83828125 0.015625 0.0625
0 0.8703125 0.74140625 0.01875 0.0796875
0 0.82734375 0.48828125 0.015625 0.065625
0 0.7953125 0.42109375 0.021875 0.065625
0 0.77109375 0.3421875 0.01875 0.0671875
0 0.8109375 0.6546875 0.015625 0.05625
0 0.7890625 0.7875 0.025 0.04375
0 0.78515625 0.7 0.0203125 0.0453125
0 0.83828125 0.95 0.0203125 0.0328125
0 0.85234375 0.12734375 0.0203125 0.04375
0 0.68125 0.45390625 0.0203125 0.059375
0 0.7109375 0.70078125 0.025 0.046875
0 0.64921875 0.659375 0.021875 0.04375
0 0.58125 0.89296875 0.0203125 0.0546875
0 0.51875 0.771875 0.015625 0.05
0 0.64453125 0.321875 0.0125 0.0546875
0 0.5375 0.28984375 0.0265625 0.0609375
0 0.4265625 0.32265625 0.025 0.0296875
0 0.4265625 0.49921875 0.01875 0.046875
0 0.4421875 0.61640625 0.0203125 0.05625
0 0.46171875 0.8765625 0.01875 0.05
0 0.45625 0.85546875 0.01875 0.0515625
0 0.36015625 0.05390625 0.01875 0.053125
0 0.36015625 0.45 0.021875 0.05
0 0.3875 0.35859375 0.021875 0.05625
0 0.3109375 0.49921875 0.025 0.046875
0 0.29921875 0.55703125 0.0265625 0.03125
0 0.3546875 0.88046875 0.025 0.028125
0 0.28984375 0.9421875 0.028125 0.028125
0 0.346875 0.9375 0.0203125 0.04375
0 0.24765625 0.825 0.01875 0.040625
0 0.240625 0.87265625 0.0265625 0.046875
0 0.26953125 0.3296875 0.01875 0.053125
0 0.24375 0.21484375 0.01875 0.04375
0 0.23828125 0.17109375 0.025 0.034375
0 0.2140625 0.153125 0.0203125 0.05
0 0.18515625 0.2078125 0.015625 0.04375
0 0.128125 0.159375 0.0203125 0.0421875
0 0.14375 0.3265625 0.01875 0.046875
0 0.14140625 0.6515625 0.034375 0.0359375
0 0.16015625 0.6578125 0.025 0.053125
0 0.1703125 0.76875 0.028125 0.034375
0 0.20859375 0.525 0.015625 0.0484375
0 0.08046875 0.23984375 0.01875 0.04375
0 0.0421875 0.12578125 0.021875 0.053125
0 0.0421875 0.95859375 0.025 0.05