0 0.84453125 0.1875 0.025 0.0515625
0 0.72109375 0.4484375 0.05625 0.0625
0 0.72578125 0.5296875 0.0375 0.05625
0 0.7859375 0.57890625 0.0328125 0.08125
0 0.75078125 0.803125 0.0328125 0.0546875
0 0.8484375 0.9390625 0.040625 0.0515625
0 0.88203125 0.9296875 0.0328125 0.065625
0 0.94296875 0.33125 0.059375 0.11875
0 0.6046875 0.46640625 0.0296875 0.1125
0 0.52421875 0.09140625 0.04375 0.065625
0 0.5359375 0.20859375 0.0296875 0.1265625
0 0.51484375 0.321875 0.053125 0.071875
0 0.4609375 0.4984375 0.040625 0.090625
0 0.39609375 0.275 0.028125 0.096875
0 0.45078125 0.2953125 0.03125 0.1046875
0 0.3796875 0.0984375 0.0375 0.121875
0 0.25703125 0.403125 0.0328125 0.0625
0 0.28984375 0.409375 0.0296875 0.075
0 0.33828125 0.4125 0.040625 0.103125
0 0.29921875 0.24921875 0.040625 0.1046875
0 0.38046875 0.68984375 0.04375 0.1078125
0 0.3390625 0.7328125 0.071875 0.08125
0 0.3578125 0.5578125 0.0453125 0.1125
0 0.45625 0.878125 0.05625 0.08125
0 0.5484375 0.57265625 0.04375 0.071875
0 0.08828125 0.55234375 0.04375 0.075
0 0.096875 0.06484375 0.0453125 0.065625
0 0.20078125 0.23828125 0.059375 0.13125
0 0.1234375 0.6375 0.0375 0.084375
0 0.184375 0.56171875 0.03125 0.115625
0 0.06328125 0.8703125 0.0546875 0.096875