0 0.0703125 0.01328125 0.059375 0.025
0 0.2984375 0.090625 0.03515625 0.021875
0 0.71171875 0.03125 0.04453125 0.0140625
0 0.78828125 0.01953125 0.059375 0.01484375
0 0.44921875 0.1125 0.046875 0.021875
0 0.6 0.08984375 0.065625 0.0171875
0 0.51875 0.13203125 0.0453125 0.02578125
0 0.66171875 0.1296875 0.0625 0.01796875
0 0.8984375 0.190625 0.0578125 0.0234375
0 0.06640625 0.1203125 0.0671875 0.01796875
0 0.07578125 0.1078125 0.0625 0.01640625
0 0.1890625 0.1890625 0.04453125 0.02109375
0 0.3296875 0.13828125 0.04921875 0.02890625
0 0.39140625 0.13515625 0.05703125 0.02265625
0 0.5046875 0.24921875 0.046875 0.0140625
0 0.5328125 0.2765625 0.04765625 0.01953125
0 0.846875 0.3078125 0.040625 0.025
0 0.36328125 0.35078125 0.05234375 0.02578125
0 0.4484375 0.51875 0.04765625 0.02265625
0 0.14296875 0.61875 0.046875 0.0203125
0 0.03828125 0.6234375 0.046875 0.01484375
0 0.91875 0.5375 0.0515625 0.01953125
0 0.50078125 0.21640625 0.0453125 0.0171875
0 0.53515625 0.70390625 0.05234375 0.02109375
0 0.50234375 0.75859375 0.04921875 0.01875
0 0.81171875 0.79296875 0.03984375 0.02734375
0 0.77890625 0.690625 0.03046875 0.028125
0 0.53046875 0.81875 0.0546875 0.0203125
0 0.11015625 0.8046875 0.04296875 0.02265625
0 0.20390625 0.825 0.04765625 0.01640625
0 0.12734375 0.86015625 0.059375 0.0140625
0 0.22265625 0.91875 0.0453125 0.01953125
0 0.66328125 0.86328125 0.06796875 0.0171875
0 0.38828125 0.803125 0.04453125 0.01953125
0 0.47890625 0.95546875 0.0796875 0.02265625
0 0.7375 0.91328125 0.0421875 0.0265625