0 0.26953125 0.8203125 0.0671875 0.015625
0 0.2515625 0.78203125 0.08125 0.028125
0 0.17265625 0.85078125 0.0625 0.028125
0 0.27421875 0.865625 0.0578125 0.025
0 0.303125 0.86484375 0.06875 0.0203125
0 0.36875 0.86171875 0.0625 0.021875
0 0.40078125 0.8421875 0.065625 0.01875
0 0.48515625 0.81640625 0.0984375 0.0125
0 0.396875 0.81328125 0.059375 0.0234375
0 0.371875 0.79765625 0.059375 0.025
0 0.296875 0.91328125 0.059375 0.0125
0 0.259375 0.92578125 0.0640625 0.0171875
0 0.32265625 0.96796875 0.084375 0.028125
0 0.73203125 0.91796875 0.103125 0.021875
0 0.57578125 0.95859375 0.0609375 0.03125
0 0.58046875 0.86484375 0.046875 0.0234375
0 0.9375 0.896875 0.08125 0.021875
0 0.7046875 0.7796875 0.065625 0.0171875
0 0.71015625 0.76484375 0.059375 0.021875
0 0.5875 0.778125 0.046875 0.025
0 0.26875 0.71875 0.08125 0.021875
0 0.33359375 0.71015625 0.0578125 0.0234375
0 0.428125 0.70078125 0.059375 0.025
0 0.61328125 0.6390625 0.05 0.021875
0 0.60078125 0.66015625 0.0609375 0.0125
0 0.640625 0.70546875 0.05625 0.028125
0 0.940625 0.64609375 0.084375 0.025
0 0.86484375 0.546875 0.0625 0.021875
0 0.59609375 0.57265625 0.0859375 0.01875
0 0.6046875 0.590625 0.053125 0.0203125
0 0.41640625 0.6171875 0.06875 0.034375
0 0.21328125 0.59375 0.078125 0.0203125
0 0.2921875 0.62421875 0.05 0.040625
0 0.28828125 0.68125 0.046875 0.0125
0 0.06875 0.6546875 0.0828125 0.025
0 0.47734375 0.50859375 0.065625 0.0125
0 0.53984375 0.4734375 0.075 0.0359375
0 0.2609375 0.48125 0.06875 0.034375
0 0.0796875 0.48671875 0.0625 0.028125
0 0.08359375 0.465625 0.05625 0.015625
0 0.63828125 0.3359375 0.078125 0.03125
0 0.365625 0.35234375 0.0578125 0.053125
0 0.1125 0.27265625 0.09375 0.0203125
0 0.375 0.2921875 0.059375 0.0375
0 0.2109375 0.2609375 0.0875 0.0171875
0 0.275 0.2140625 0.0625 0.0296875
0 0.74921875 0.240625 0.06875 0.0359375
0 0.709375 0.2015625 0.05 0.0328125
0 0.103125 0.096875 0.0625 0.028125
0 0.190625 0.16328125 0.0359375 0.015625
0 0.22890625 0.16875 0.046875 0.021875
0 0.12734375 0.2 0.059375 0.0234375
0 0.55703125 0.15546875 0.040625 0.025
0 0.13828125 0.04765625 0.053125 0.025