2 0.92890625 0.81953125 0.021875 0.1171875
2 0.94453125 0.8203125 0.0296875 0.08125
2 0.875 0.940625 0.028125 0.06875
2 0.8953125 0.63203125 0.034375 0.0375
2 0.91484375 0.5640625 0.034375 0.040625
2 0.8390625 0.89609375 0.0296875 0.034375
2 0.89765625 0.47421875 0.0234375 0.06875
2 0.86640625 0.4140625 0.01875 0.05
2 0.8796875 0.375 0.021875 0.075
2 0.88359375 0.13125 0.028125 0.05625
2 0.85625 0.2171875 0.0203125 0.059375
2 0.8296875 0.65625 0.0203125 0.0734375
2 0.7546875 0.49609375 0.025 0.05625
2 0.70703125 0.9296875 0.034375 0.046875
2 0.6546875 0.971875 0.0390625 0.0328125
2 0.603125 0.93203125 0.0265625 0.034375
2 0.590625 0.86484375 0.0296875 0.0296875
2 0.63203125 0.6078125 0.028125 0.028125
2 0.57421875 0.51640625 0.0125 0.06875
2 0.50703125 0.925 0.025 0.034375
2 0.45390625 0.865625 0.028125 0.03125
2 0.371875 0.89296875 0.028125 0.03125
2 0.28046875 0.8171875 0.0359375 0.025
2 0.28359375 0.796875 0.0375 0.034375
2 0.1671875 0.80625 0.0171875 0.078125
2 0.18671875 0.83125 0.025 0.05625
2 0.06796875 0.44375 0.0203125 0.0640625
2 0.34921875 0.065625 0.015625 0.059375
2 0.90859375 0.77265625 0.021875 0.078125
2 0.559375 0.9453125 0.034375 0.0296875