0 0.98046875 0.5125 0.015625 0.053125
0 0.96328125 0.81484375 0.015625 0.0484375
0 0.87734375 0.56875 0.01875 0.046875
0 0.88828125 0.46953125 0.025 0.0453125
0 0.83359375 0.64375 0.025 0.0359375
0 0.8265625 0.59921875 0.025 0.05
0 0.80078125 0.74453125 0.025 0.053125
0 0.77109375 0.2984375 0.021875 0.05
0 0.84140625 0.0515625 0.01875 0.034375
0 0.88203125 0.228125 0.021875 0.075
0 0.98125 0.0609375 0.021875 0.065625
0 0.8953125 0.05078125 0.028125 0.04375
0 0.63125 0.21953125 0.0359375 0.065625
0 0.6578125 0.3359375 0.025 0.0640625
0 0.596875 0.77578125 0.0375 0.078125
0 0.47421875 0.46484375 0.040625 0.065625
0 0.50078125 0.35390625 0.0328125 0.0765625
0 0.51484375 0.0265625 0.0296875 0.053125
0 0.38515625 0.27109375 0.01875 0.0625
0 0.37265625 0.525 0.015625 0.0375
0 0.26953125 0.15390625 0.0203125 0.059375
0 0.321875 0.134375 0.025 0.071875
0 0.29609375 0.103125 0.028125 0.0734375
0 0.278125 0.20859375 0.0234375 0.05
0 0.2296875 0.2390625 0.015625 0.0515625
0 0.20859375 0.16015625 0.01875 0.053125
0 0.2015625 0.13046875 0.021875 0.05625
0 0.18515625 0.06796875 0.0171875 0.0765625
0 0.11484375 0.41953125 0.0296875 0.0625
0 0.13359375 0.51328125 0.0359375 0.053125
0 0.165625 0.43984375 0.021875 0.05625
0 0.125 0.1921875 0.021875 0.0421875
0 0.22734375 0.76953125 0.0265625 0.065625
0 0.178125 0.709375 0.025 0.059375
0 0.31953125 0.515625 0.04375 0.059375
0 0.47734375 0.94375 0.025 0.065625
0 0.54765625 0.7265625 0.0328125 0.0625
0 0.815625 0.37421875 0.0296875 0.0703125
0 0.79921875 0.29140625 0.021875 0.0625