0 0.05234375 0.490625 0.01875 0.08125
0 0.08046875 0.7390625 0.021875 0.0640625
0 0.0140625 0.18671875 0.021875 0.0578125
0 0.03046875 0.140625 0.021875 0.08125
0 0.11875 0.17890625 0.01875 0.0609375
0 0.15390625 0.41640625 0.0203125 0.059375
0 0.14609375 0.37265625 0.021875 0.059375
0 0.18125 0.55703125 0.0203125 0.0703125
0 0.1234375 0.603125 0.0125 0.059375
0 0.240625 0.85 0.025 0.0484375
0 0.16796875 0.88984375 0.025 0.0546875
0 0.125 0.7875 0.021875 0.0484375
0 0.25234375 0.4328125 0.021875 0.06875
0 0.26484375 0.1015625 0.021875 0.059375
0 0.26953125 0.203125 0.0203125 0.0609375
0 0.3296875 0.18671875 0.0140625 0.053125
0 0.365625 0.11484375 0.0125 0.059375
0 0.35859375 0.9828125 0.028125 0.034375
0 0.440625 0.81953125 0.028125 0.0484375
0 0.490625 0.56484375 0.0203125 0.0546875
0 0.4890625 0.228125 0.0203125 0.0625
0 0.5578125 0.75234375 0.0296875 0.04375
0 0.58828125 0.74375 0.028125 0.0484375
0 0.6125 0.56640625 0.03125 0.040625
0 0.58671875 0.52734375 0.028125 0.046875
0 0.5328125 0.97578125 0.0265625 0.0484375
0 0.640625 0.75703125 0.015625 0.046875
0 0.6515625 0.69140625 0.021875 0.0375
0 0.63125 0.696875 0.01875 0.04375
0 0.64453125 0.51640625 0.0234375 0.040625
0 0.684375 0.45390625 0.01875 0.0421875
0 0.6671875 0.46484375 0.0140625 0.05
0 0.5671875 0.121875 0.0265625 0.040625
0 0.7515625 0.73671875 0.01875 0.053125
0 0.7578125 0.71328125 0.015625 0.04375
0 0.75546875 0.853125 0.0203125 0.0453125
0 0.7328125 0.88984375 0.015625 0.053125
0 0.77734375 0.83203125 0.021875 0.0421875
0 0.84453125 0.796875 0.01875 0.0609375
0 0.81953125 0.93203125 0.015625 0.0484375
0 0.809375 0.4546875 0.01875 0.0578125
0 0.74296875 0.23515625 0.01875 0.040625
0 0.80625 0.64375 0.015625 0.059375
0 0.91328125 0.4515625 0.015625 0.053125
0 0.85234375 0.48046875 0.01875 0.059375
0 0.953125 0.20703125 0.0296875 0.040625
0 0.17890625 0.32421875 0.0140625 0.046875
0 0.0484375 0.02578125 0.021875 0.0515625
0 0.71484375 0.14296875 0.028125 0.04375