2 0.4546875 0.08203125 0.05625 0.021875
2 0.35625 0.11953125 0.0765625 0.021875
2 0.08359375 0.12578125 0.0703125 0.025
2 0.06484375 0.09765625 0.09375 0.028125
2 0.18671875 0.18203125 0.071875 0.028125
2 0.309375 0.16953125 0.08125 0.01875
2 0.3484375 0.2234375 0.103125 0.0234375
2 0.5859375 0.15390625 0.05 0.025
2 0.615625 0.09140625 0.06875 0.0265625
2 0.6484375 0.03984375 0.05625 0.0375
2 0.73125 0.0609375 0.05 0.0234375
2 0.903125 0.03984375 0.075 0.0296875
2 0.88046875 0.12890625 0.0671875 0.03125
2 0.95078125 0.20234375 0.078125 0.0421875
2 0.5953125 0.3203125 0.075 0.03125
2 0.575 0.375 0.059375 0.028125
2 0.48828125 0.3796875 0.0921875 0.028125
2 0.71328125 0.43359375 0.1125 0.0375
2 0.7890625 0.434375 0.0375 0.028125
2 0.7328125 0.47890625 0.071875 0.0359375
2 0.86328125 0.48359375 0.0609375 0.0375
2 0.93984375 0.48125 0.0484375 0.03125
2 0.64140625 0.67421875 0.065625 0.025
2 0.46953125 0.65 0.065625 0.025
2 0.5609375 0.83359375 0.078125 0.040625
2 0.53984375 0.809375 0.053125 0.015625
2 0.44765625 0.80703125 0.0875 0.025
2 0.30859375 0.809375 0.025 0.021875
2 0.1421875 0.8328125 0.075 0.028125
2 0.7921875 0.8078125 0.0625 0.0328125
2 0.8671875 0.60546875 0.0546875 0.04375
2 0.084375 0.7078125 0.109375 0.0203125
2 0.10546875 0.68046875 0.0671875 0.0328125
2 0.39765625 0.59296875 0.046875 0.025