0 0.35234375 0.41640625 0.07109375 0.02421875
0 0.22265625 0.46328125 0.0828125 0.02109375
0 0.14921875 0.48046875 0.0734375 0.025
0 0.25625 0.5140625 0.0625 0.03359375
0 0.646875 0.2 0.07734375 0.0390625
0 0.5171875 0.2796875 0.06015625 0.04296875
0 0.11640625 0.1234375 0.06484375 0.0265625
0 0.590625 0.0546875 0.05390625 0.03515625
0 0.65703125 0.0265625 0.07890625 0.02890625
0 0.77734375 0.10078125 0.04453125 0.0265625
0 0.9375 0.29609375 0.05390625 0.0359375
0 0.88515625 0.3125 0.05703125 0.02265625
0 0.98046875 0.34609375 0.0390625 0.0234375
0 0.86953125 0.48203125 0.040625 0.0265625
0 0.4625 0.45546875 0.0546875 0.0140625
0 0.3953125 0.48359375 0.0609375 0.02265625
0 0.871875 0.5390625 0.08984375 0.04296875
0 0.609375 0.5859375 0.06015625 0.02421875
0 0.56640625 0.6375 0.04375 0.0203125
0 0.62890625 0.625 0.0515625 0.034375
0 0.528125 0.68359375 0.040625 0.0375
0 0.36875 0.68671875 0.06015625 0.0265625
0 0.40078125 0.66015625 0.04140625 0.01875
0 0.165625 0.6515625 0.046875 0.02890625
0 0.2484375 0.73984375 0.0484375 0.01875
0 0.2546875 0.709375 0.06328125 0.02578125
0 0.3546875 0.74765625 0.04921875 0.02890625
0 0.40859375 0.79140625 0.04921875 0.0296875
0 0.47265625 0.82109375 0.05546875 0.01875
0 0.2890625 0.80234375 0.06015625 0.0265625
0 0.67421875 0.8390625 0.04375 0.02578125