0 0.10078125 0.71015625 0.021875 0.053125
0 0.09296875 0.49609375 0.01875 0.046875
0 0.0921875 0.50859375 0.01875 0.06875
0 0.11015625 0.96953125 0.021875 0.0609375
0 0.046875 0.84453125 0.01875 0.053125
0 0.27890625 0.84609375 0.01875 0.0546875
0 0.31953125 0.903125 0.01875 0.0421875
0 0.36484375 0.9 0.021875 0.0515625
0 0.24453125 0.49453125 0.0171875 0.040625
0 0.10390625 0.5046875 0.025 0.040625
0 0.3203125 0.4203125 0.025 0.0515625
0 0.22890625 0.04453125 0.021875 0.05625
0 0.2515625 0.03125 0.025 0.0625
0 0.0765625 0.39140625 0.028125 0.0421875
0 0.1109375 0.08203125 0.025 0.059375
0 0.1 0.02421875 0.015625 0.0484375
0 0.25078125 0.14609375 0.0234375 0.075
0 0.61171875 0.42578125 0.0328125 0.040625
0 0.6296875 0.32578125 0.034375 0.053125
0 0.61015625 0.02734375 0.025 0.0546875
0 0.5359375 0.78671875 0.0234375 0.05
0 0.5640625 0.72890625 0.025 0.0484375
0 0.73125 0.9265625 0.025 0.046875
0 0.7234375 0.734375 0.0234375 0.053125
0 0.48671875 0.075 0.01875 0.0484375
0 0.81484375 0.15546875 0.0375 0.03125
0 0.78046875 0.23515625 0.034375 0.040625
0 0.83515625 0.37421875 0.0234375 0.05625
0 0.86484375 0.13984375 0.01875 0.0828125
0 0.75859375 0.534375 0.021875 0.053125
0 0.83046875 0.5859375 0.025 0.078125
0 0.878125 0.103125 0.03125 0.05625
0 0.14921875 0.75234375 0.028125 0.05625
0 0.74375 0.4390625 0.025 0.06875
0 0.76015625 0.41015625 0.0296875 0.0484375
0 0.94453125 0.228125 0.021875 0.05
0 0.89765625 0.15234375 0.025 0.075
0 0.0609375 0.58359375 0.0265625 0.090625
0 0.2515625 0.7546875 0.028125 0.0796875
0 0.81875 0.5046875 0.021875 0.075
0 0.36796875 0.0171875 0.025 0.034375
0 0.9328125 0.23984375 0.0265625 0.071875
0 0.73828125 0.228125 0.0328125 0.04375
0 0.80546875 0.1875 0.025 0.053125
0 0.196875 0.10390625 0.01875 0.0609375
0 0.68203125 0.11171875 0.03125 0.0515625
0 0.2171875 0.93203125 0.01875 0.04375
0 0.12265625 0.81015625 0.03125 0.040625
0 0.27421875 0.95859375 0.025 0.05
0 0.1390625 0.61953125 0.025 0.075
0 0.1484375 0.05703125 0.021875 0.078125
0 0.24765625 0.34921875 0.015625 0.059375
0 0.78984375 0.5546875 0.034375 0.0734375
0 0.96484375 0.759375 0.028125 0.06875