2 0.16640625 0.02890625 0.05546875 0.03984375
2 0.2421875 0.09609375 0.05703125 0.025
2 0.4734375 0.1109375 0.05546875 0.02578125
2 0.87109375 0.06796875 0.1 0.02421875
2 0.8796875 0.11875 0.034375 0.04453125
2 0.94921875 0.11015625 0.07578125 0.01640625
2 0.13203125 0.26640625 0.0625 0.03671875
2 0.12421875 0.18828125 0.0703125 0.03984375
2 0.3578125 0.4296875 0.06796875 0.02109375
2 0.1046875 0.42734375 0.0515625 0.046875
2 0.47109375 0.5671875 0.03359375 0.03828125
2 0.37890625 0.58828125 0.04765625 0.0359375
2 0.12265625 0.59453125 0.05703125 0.02421875
2 0.12109375 0.665625 0.03984375 0.03671875
2 0.2734375 0.75234375 0.06484375 0.0234375
2 0.6265625 0.78515625 0.06796875 0.0296875
2 0.55234375 0.834375 0.04375 0.02421875
2 0.7625 0.86953125 0.06640625 0.021875
2 0.9296875 0.87734375 0.0359375 0.02421875
2 0.35234375 0.8625 0.05546875 0.0265625
2 0.2640625 0.83359375 0.07578125 0.0234375
2 0.1625 0.8609375 0.05859375 0.02421875
2 0.8421875 0.74453125 0.05546875 0.0265625
2 0.09921875 0.7546875 0.046875 0.03046875
2 0.63515625 0.10078125 0.08046875 0.02578125
2 0.16328125 0.41328125 0.0421875 0.03828125
2 0.19609375 0.70234375 0.0375 0.034375
2 0.38828125 0.84453125 0.06484375 0.03046875
2 0.8734375 0.67109375 0.05859375 0.021875