0 0.065625 0.45078125 0.025 0.090625
0 0.15390625 0.2296875 0.0453125 0.075
0 0.27265625 0.21640625 0.0296875 0.059375
0 0.1078125 0.44375 0.021875 0.0625
0 0.246875 0.69765625 0.0234375 0.0625
0 0.32578125 0.58203125 0.028125 0.046875
0 0.215625 0.47421875 0.034375 0.0484375
0 0.25390625 0.44921875 0.025 0.05625
0 0.19453125 0.92421875 0.021875 0.065625
0 0.25390625 0.96875 0.025 0.05625
0 0.23203125 0.96953125 0.021875 0.0609375
0 0.25390625 0.88671875 0.0375 0.053125
0 0.10859375 0.88984375 0.034375 0.059375
0 0.37109375 0.97421875 0.04375 0.0515625
0 0.4125 0.98515625 0.028125 0.0296875
0 0.453125 0.975 0.01875 0.05
0 0.62734375 0.66328125 0.0296875 0.0609375
0 0.60703125 0.66171875 0.015625 0.0578125
0 0.68203125 0.90703125 0.028125 0.04375
0 0.7421875 0.7890625 0.0234375 0.0609375
0 0.84375 0.62421875 0.03125 0.0546875
0 0.78203125 0.7953125 0.0375 0.0671875
0 0.87265625 0.8609375 0.03125 0.059375
0 0.9359375 0.771875 0.0296875 0.03125
0 0.80625 0.57890625 0.021875 0.0578125
0 0.81875 0.5015625 0.0234375 0.059375
0 0.75390625 0.55546875 0.0296875 0.05
0 0.75859375 0.4859375 0.021875 0.040625
0 0.7296875 0.271875 0.0296875 0.053125
0 0.2890625 0.15703125 0.025 0.03125
0 0.05546875 0.175 0.025 0.071875
0 0.0734375 0.88203125 0.0125 0.0546875