2 0.8671875 0.2921875 0.04375 0.08125
2 0.82421875 0.24296875 0.0171875 0.053125
2 0.91015625 0.471875 0.03125 0.0921875
2 0.87265625 0.553125 0.0375 0.08125
2 0.93125 0.8421875 0.03125 0.046875
2 0.9421875 0.921875 0.0484375 0.075
2 0.865625 0.95 0.0390625 0.065625
2 0.8125 0.90234375 0.03125 0.04375
2 0.8359375 0.85234375 0.0359375 0.040625
2 0.7328125 0.9046875 0.04375 0.04375
2 0.659375 0.88984375 0.040625 0.034375
2 0.659375 0.853125 0.040625 0.0578125
2 0.61171875 0.57421875 0.034375 0.0390625
2 0.6109375 0.4765625 0.05 0.071875
2 0.6203125 0.3515625 0.034375 0.071875
2 0.715625 0.0625 0.025 0.053125
2 0.5515625 0.7359375 0.0328125 0.0703125
2 0.4484375 0.8109375 0.040625 0.053125
2 0.4578125 0.8515625 0.040625 0.05
2 0.48125 0.90859375 0.0421875 0.0375
2 0.3859375 0.5484375 0.03125 0.04375
2 0.36171875 0.51640625 0.0359375 0.075
2 0.35390625 0.621875 0.0484375 0.06875
2 0.36171875 0.7828125 0.028125 0.084375
2 0.25859375 0.9 0.028125 0.0390625
2 0.19609375 0.91953125 0.034375 0.0875
2 0.1578125 0.690625 0.025 0.09375
2 0.13828125 0.77421875 0.021875 0.0625
2 0.1390625 0.796875 0.01875 0.046875
2 0.178125 0.43203125 0.021875 0.059375