0 0.9703125 0.6484375 0.0375 0.096875
0 0.884375 0.16796875 0.053125 0.0796875
0 0.84921875 0.396875 0.03125 0.1
0 0.83671875 0.48515625 0.028125 0.065625
0 0.94765625 0.44921875 0.0203125 0.046875
0 0.83671875 0.68984375 0.040625 0.08125
0 0.87734375 0.69921875 0.0453125 0.071875
0 0.9234375 0.92578125 0.05 0.08125
0 0.8875 0.7828125 0.034375 0.0578125
0 0.74765625 0.76484375 0.0375 0.075
0 0.6796875 0.8703125 0.04375 0.05625
0 0.74609375 0.44375 0.04375 0.075
0 0.6875 0.14140625 0.04375 0.0890625
0 0.52578125 0.55625 0.0390625 0.0640625
0 0.40234375 0.52890625 0.04375 0.075
0 0.56328125 0.84375 0.0375 0.08125
0 0.50859375 0.2296875 0.04375 0.090625
0 0.44609375 0.14296875 0.034375 0.065625
0 0.47890625 0.328125 0.040625 0.075
0 0.37265625 0.38671875 0.034375 0.0953125
0 0.33359375 0.43125 0.021875 0.084375
0 0.40546875 0.865625 0.03125 0.103125
0 0.35625 0.753125 0.0375 0.084375
0 0.3375 0.58515625 0.0296875 0.075
0 0.2640625 0.91640625 0.03125 0.08125
0 0.24375 0.8625 0.0375 0.05
0 0.24609375 0.35859375 0.040625 0.1
0 0.15546875 0.2453125 0.0375 0.06875
0 0.190625 0.46328125 0.034375 0.06875
0 0.18984375 0.6046875 0.028125 0.075
0 0.15234375 0.53125 0.0203125 0.0625
0 0.25 0.75546875 0.021875 0.08125
0 0.15625 0.84453125 0.025 0.078125
0 0.08125 0.5 0.01875 0.090625
0 0.0484375 0.1328125 0.040625 0.075
0 0.2375 0.05546875 0.040625 0.084375
0 0.77265625 0.87265625 0.028125 0.0609375
0 0.97265625 0.125 0.021875 0.090625
0 0.8140625 0.52734375 0.025 0.103125
0 0.72421875 0.07109375 0.028125 0.065625