0 0.95859375 0.615625 0.021875 0.0515625
0 0.95859375 0.5828125 0.025 0.0609375
0 0.91015625 0.784375 0.015625 0.0515625
0 0.89765625 0.684375 0.0234375 0.065625
0 0.8453125 0.8984375 0.025 0.046875
0 0.85234375 0.4453125 0.028125 0.0484375
0 0.8625 0.54921875 0.021875 0.075
0 0.8828125 0.2453125 0.021875 0.05
0 0.8546875 0.06875 0.021875 0.04375
0 0.85390625 0.171875 0.028125 0.0546875
0 0.8203125 0.18828125 0.015625 0.053125
0 0.81640625 0.78203125 0.01875 0.0453125
0 0.78203125 0.8875 0.0203125 0.05625
0 0.79296875 0.88671875 0.0203125 0.0578125
0 0.78828125 0.4953125 0.034375 0.046875
0 0.7625 0.71484375 0.0234375 0.040625
0 0.734375 0.7671875 0.03125 0.034375
0 0.7078125 0.9546875 0.01875 0.065625
0 0.609375 0.440625 0.01875 0.040625
0 0.49765625 0.759375 0.021875 0.04375
0 0.4953125 0.7203125 0.021875 0.05625
0 0.61015625 0.15078125 0.021875 0.040625
0 0.6203125 0.04765625 0.021875 0.0375
0 0.58671875 0.05390625 0.01875 0.040625
0 0.35859375 0.1640625 0.0265625 0.03125
0 0.44921875 0.31953125 0.01875 0.04375
0 0.35234375 0.49296875 0.028125 0.0390625
0 0.43359375 0.6734375 0.015625 0.0453125
0 0.4453125 0.65625 0.028125 0.0484375
0 0.44140625 0.84453125 0.021875 0.046875
0 0.37578125 0.6328125 0.0171875 0.0375
0 0.39609375 0.93671875 0.021875 0.0359375
0 0.2796875 0.84296875 0.0234375 0.046875
0 0.29765625 0.82734375 0.021875 0.0375
0 0.2953125 0.66640625 0.01875 0.053125
0 0.18671875 0.90078125 0.01875 0.0375
0 0.14765625 0.73828125 0.01875 0.03125
0 0.14375 0.69375 0.015625 0.040625
0 0.1375 0.63125 0.0171875 0.05
0 0.19765625 0.5171875 0.0125 0.046875
0 0.209375 0.5796875 0.0140625 0.053125
0 0.21015625 0.496875 0.0203125 0.0390625
0 0.23046875 0.50625 0.0171875 0.034375
0 0.35859375 0.21640625 0.025 0.0265625
0 0.075 0.64453125 0.0171875 0.05
0 0.02109375 0.23203125 0.0234375 0.065625
0 0.19609375 0.9890625 0.021875 0.021875
0 0.72109375 0.2 0.0203125 0.0390625
0 0.5703125 0.1390625 0.0125 0.0375
0 0.18203125 0.67734375 0.0171875 0.065625
0 0.22109375 0.31484375 0.021875 0.04375
0 0.24296875 0.12734375 0.0265625 0.0375
0 0.50703125 0.43203125 0.0265625 0.0453125