0 0.8578125 0.3140625 0.01875 0.06875
0 0.77265625 0.55859375 0.0171875 0.040625
0 0.84609375 0.64375 0.025 0.059375
0 0.40078125 0.6109375 0.034375 0.053125
0 0.09453125 0.653125 0.0328125 0.053125
0 0.10859375 0.940625 0.01875 0.0828125
0 0.31484375 0.7375 0.021875 0.053125
0 0.06015625 0.7875 0.025 0.0546875
0 0.18125 0.7484375 0.03125 0.05625
0 0.22109375 0.4578125 0.0296875 0.0484375
0 0.8234375 0.29921875 0.025 0.05625
0 0.6578125 0.65703125 0.021875 0.053125
0 0.76015625 0.9828125 0.025 0.034375
0 0.32890625 0.4578125 0.0328125 0.04375
0 0.1984375 0.93203125 0.025 0.053125
0 0.8671875 0.58828125 0.01875 0.0609375
0 0.3609375 0.890625 0.03125 0.0515625
0 0.3046875 0.29296875 0.028125 0.0453125
0 0.85859375 0.21640625 0.025 0.046875
0 0.69296875 0.04375 0.01875 0.040625
0 0.5078125 0.10234375 0.0359375 0.05
0 0.0421875 0.7359375 0.028125 0.0546875
0 0.96484375 0.315625 0.021875 0.065625
0 0.9203125 0.7921875 0.0234375 0.0421875
0 0.23515625 0.87421875 0.025 0.0625
0 0.9609375 0.865625 0.0203125 0.0625
0 0.7828125 0.66953125 0.025 0.046875
0 0.75859375 0.39375 0.021875 0.0375
0 0.3453125 0.24453125 0.025 0.0578125
0 0.44453125 0.1359375 0.0328125 0.0359375
0 0.59296875 0.5328125 0.015625 0.06875
0 0.596875 0.3140625 0.021875 0.05625
0 0.9875 0.64609375 0.025 0.0625