0 0.75078125 0.11015625 0.05390625 0.02265625
0 0.54375 0.08984375 0.04609375 0.01796875
0 0.6796875 0.0671875 0.06796875 0.01953125
0 0.89140625 0.0859375 0.0609375 0.02109375
0 0.91171875 0.046875 0.05234375 0.01796875
0 0.84609375 0.2328125 0.0546875 0.01875
0 0.97890625 0.33359375 0.04140625 0.01953125
0 0.73203125 0.28984375 0.0515625 0.02109375
0 0.51015625 0.1984375 0.04140625 0.02734375
0 0.14453125 0.16484375 0.040625 0.025
0 0.4203125 0.3203125 0.0515625 0.02578125
0 0.0890625 0.215625 0.05546875 0.021875
0 0.03125 0.2515625 0.0625 0.025
0 0.2046875 0.11953125 0.0421875 0.028125
0 0.0859375 0.08203125 0.0484375 0.01640625
0 0.16328125 0.2921875 0.075 0.0234375
0 0.58203125 0.60078125 0.040625 0.0328125
0 0.2515625 0.621875 0.05390625 0.03359375
0 0.02734375 0.61015625 0.0546875 0.025
0 0.89375 0.59609375 0.05078125 0.0234375
0 0.97578125 0.5484375 0.0484375 0.02421875
0 0.9453125 0.68984375 0.04609375 0.02578125
0 0.74765625 0.68984375 0.05234375 0.0234375
0 0.184375 0.56328125 0.0484375 0.01875
0 0.0171875 0.75546875 0.03125 0.03671875
0 0.17890625 0.75234375 0.040625 0.034375
0 0.39765625 0.80390625 0.05625 0.0234375
0 0.36640625 0.84765625 0.0828125 0.01875
0 0.36796875 0.8984375 0.05390625 0.02265625
0 0.559375 0.74609375 0.05234375 0.02109375
0 0.50546875 0.82578125 0.078125 0.02421875
0 0.103125 0.878125 0.05625 0.03125
0 0.05390625 0.95078125 0.0609375 0.0328125
0 0.06796875 0.01328125 0.0796875 0.0265625
0 0.5265625 0.103125 0.05546875 0.02734375
0 0.51953125 0.73125 0.06875 0.02421875
0 0.41015625 0.76015625 0.0484375 0.0296875
0 0.1609375 0.9328125 0.04921875 0.02265625
0 0.15234375 0.89765625 0.07578125 0.02421875
0 0.26484375 0.03515625 0.08203125 0.01875
0 0.66796875 0.03671875 0.090625 0.0265625
0 0.5734375 0.17578125 0.0796875 0.02734375
0 0.234375 0.83125 0.075 0.02109375
0 0.3421875 0.73828125 0.05625 0.02734375
0 0.0171875 0.3765625 0.03359375 0.02578125
0 0.0359375 0.62890625 0.071875 0.0265625
0 0.31328125 0.64921875 0.04375 0.0328125
0 0.046875 0.8390625 0.05390625 0.02421875
0 0.24453125 0.21796875 0.0609375 0.01796875
0 0.08125 0.68984375 0.0515625 0.03125
0 0.878125 0.21484375 0.04453125 0.01875
0 0.93359375 0.16640625 0.03984375 0.03125
0 0.7625 0.2171875 0.05078125 0.02578125
0 0.54375 0.15859375 0.07421875 0.025