0 0.02890625 0.340625 0.0203125 0.0609375
0 0.0453125 0.52734375 0.021875 0.0625
0 0.1 0.3015625 0.015625 0.059375
0 0.13125 0.88125 0.021875 0.0359375
0 0.1 0.88515625 0.01875 0.078125
0 0.2265625 0.903125 0.0265625 0.05
0 0.2484375 0.96328125 0.0265625 0.0734375
0 0.1734375 0.4328125 0.01875 0.0796875
0 0.290625 0.50390625 0.0265625 0.0703125
0 0.13671875 0.28671875 0.015625 0.059375
0 0.1515625 0.4 0.015625 0.06875
0 0.13046875 0.53515625 0.021875 0.06875
0 0.1078125 0.4640625 0.01875 0.1
0 0.14140625 0.75859375 0.025 0.0546875
0 0.121875 0.7125 0.01875 0.0703125
0 0.12109375 0.653125 0.015625 0.0640625
0 0.365625 0.65390625 0.021875 0.06875
0 0.3875 0.28046875 0.025 0.0546875
0 0.05234375 0.15234375 0.021875 0.1
0 0.490625 0.7 0.034375 0.04375
0 0.4890625 0.559375 0.0265625 0.046875
0 0.4625 0.52578125 0.0328125 0.071875
0 0.51484375 0.86015625 0.0296875 0.05625
0 0.5515625 0.7953125 0.0171875 0.05
0 0.54765625 0.94921875 0.0265625 0.059375
0 0.66875 0.69140625 0.021875 0.078125
0 0.68984375 0.9375 0.0328125 0.0375
0 0.753125 0.74609375 0.021875 0.05625
0 0.77265625 0.575 0.021875 0.0609375
0 0.80546875 0.80390625 0.021875 0.0625
0 0.8 0.8609375 0.01875 0.08125
0 0.8234375 0.91796875 0.0140625 0.0515625
0 0.840625 0.7890625 0.01875 0.065625
0 0.88125 0.7921875 0.015625 0.0703125
0 0.86875 0.87734375 0.025 0.034375
0 0.85078125 0.571875 0.0265625 0.06875
0 0.95078125 0.19296875 0.0296875 0.06875
0 0.94140625 0.640625 0.0265625 0.04375