0 0.953125 0.221875 0.034375 0.0625
0 0.87109375 0.15625 0.025 0.065625
0 0.803125 0.1671875 0.03125 0.0875
0 0.74765625 0.41640625 0.0265625 0.090625
0 0.70859375 0.51171875 0.03125 0.059375
0 0.7546875 0.58984375 0.028125 0.0578125
0 0.68671875 0.72421875 0.03125 0.0578125
0 0.6984375 0.9328125 0.03125 0.0703125
0 0.71953125 0.08359375 0.0328125 0.065625
0 0.76171875 0.0265625 0.034375 0.0421875
0 0.6328125 0.12265625 0.025 0.0703125
0 0.553125 0.58203125 0.028125 0.06875
0 0.625 0.48046875 0.028125 0.08125
0 0.46171875 0.775 0.03125 0.071875
0 0.4421875 0.49453125 0.01875 0.05625
0 0.40859375 0.6765625 0.025 0.090625
0 0.34453125 0.5765625 0.025 0.05625
0 0.37265625 0.5046875 0.028125 0.059375
0 0.3953125 0.05703125 0.03125 0.0671875
0 0.26640625 0.1234375 0.021875 0.0578125
0 0.2296875 0.065625 0.021875 0.034375
0 0.2109375 0.08671875 0.01875 0.0375
0 0.16171875 0.13671875 0.028125 0.084375
0 0.165625 0.2203125 0.021875 0.071875
0 0.159375 0.65390625 0.0421875 0.0625
0 0.10703125 0.36875 0.0328125 0.065625
0 0.40078125 0.31328125 0.025 0.0734375
0 0.73203125 0.6875 0.0171875 0.046875
0 0.72109375 0.6046875 0.021875 0.0625