0 0.978125 0.6125 0.0375 0.0609375
0 0.93203125 0.15390625 0.0390625 0.0625
0 0.95625 0.14296875 0.0375 0.0671875
0 0.90078125 0.44453125 0.0328125 0.0984375
0 0.91953125 0.33125 0.028125 0.059375
0 0.878125 0.31953125 0.0296875 0.0796875
0 0.859375 0.09453125 0.034375 0.084375
0 0.84453125 0.20703125 0.0296875 0.0734375
0 0.8328125 0.26171875 0.0234375 0.05
0 0.8125 0.30859375 0.01875 0.059375
0 0.8046875 0.23125 0.0234375 0.0390625
0 0.76640625 0.31875 0.021875 0.0703125
0 0.85625 0.51796875 0.01875 0.0359375
0 0.86953125 0.725 0.01875 0.078125
0 0.84375 0.58984375 0.0203125 0.034375
0 0.8125 0.58671875 0.01875 0.025
0 0.7984375 0.55390625 0.0203125 0.05
0 0.7234375 0.83203125 0.0265625 0.04375
0 0.78125 0.6984375 0.021875 0.0765625
0 0.7484375 0.9328125 0.03125 0.05
0 0.84921875 0.80546875 0.01875 0.0640625
0 0.86484375 0.83359375 0.028125 0.046875
0 0.709375 0.91171875 0.025 0.0609375
0 0.653125 0.9015625 0.03125 0.0421875
0 0.6484375 0.346875 0.025 0.059375
0 0.67578125 0.25390625 0.03125 0.0765625
0 0.66640625 0.0265625 0.0375 0.053125
0 0.5796875 0.76953125 0.0296875 0.0703125
0 0.55546875 0.74375 0.015625 0.090625
0 0.53828125 0.03671875 0.025 0.06875
0 0.42265625 0.6109375 0.034375 0.0875
0 0.28125 0.75546875 0.025 0.0625
0 0.31328125 0.43359375 0.040625 0.06875
0 0.2421875 0.05 0.0234375 0.053125
0 0.21640625 0.54765625 0.021875 0.0640625
0 0.1625 0.43515625 0.03125 0.0640625
0 0.16171875 0.51953125 0.01875 0.0578125
0 0.16796875 0.6921875 0.025 0.0484375
0 0.15 0.6578125 0.015625 0.03125
0 0.1046875 0.52734375 0.03125 0.053125
0 0.23359375 0.953125 0.028125 0.059375
0 0.01953125 0.7828125 0.0265625 0.075
0 0.12890625 0.3546875 0.034375 0.053125
0 0.07734375 0.14296875 0.028125 0.065625
0 0.05078125 0.02265625 0.021875 0.0375
0 0.06796875 0.05625 0.034375 0.05
0 0.15234375 0.02265625 0.025 0.0390625
0 0.1671875 0.178125 0.021875 0.059375
0 0.18828125 0.11796875 0.01875 0.05