0 0.03671875 0.578125 0.0171875 0.0828125
0 0.04921875 0.8359375 0.025 0.0359375
0 0.0921875 0.88046875 0.0203125 0.046875
0 0.11484375 0.903125 0.021875 0.046875
0 0.128125 0.7875 0.025 0.040625
0 0.159375 0.69375 0.01875 0.046875
0 0.215625 0.70703125 0.025 0.040625
0 0.1625 0.559375 0.03125 0.0625
0 0.13828125 0.51953125 0.0203125 0.06875
0 0.19609375 0.4296875 0.021875 0.05625
0 0.2203125 0.30546875 0.028125 0.053125
0 0.26328125 0.10703125 0.03125 0.0734375
0 0.13203125 0.1 0.034375 0.0515625
0 0.0609375 0.15 0.034375 0.0625
0 0.034375 0.0578125 0.03125 0.05
0 0.0890625 0.28671875 0.034375 0.046875
0 0.378125 0.77265625 0.0375 0.075
0 0.35 0.58203125 0.0265625 0.053125
0 0.35390625 0.328125 0.025 0.0625
0 0.503125 0.4515625 0.025 0.05625
0 0.578125 0.57578125 0.0296875 0.05625
0 0.61484375 0.55859375 0.0203125 0.046875
0 0.46015625 0.6234375 0.025 0.0546875
0 0.46328125 0.846875 0.0265625 0.04375
0 0.41015625 0.615625 0.021875 0.04375
0 0.56015625 0.0765625 0.025 0.0703125
0 0.76328125 0.02109375 0.028125 0.0421875
0 0.8046875 0.22265625 0.028125 0.05625
0 0.85078125 0.525 0.0234375 0.046875
0 0.83046875 0.4609375 0.01875 0.053125
0 0.89296875 0.7859375 0.025 0.0515625
0 0.77109375 0.84765625 0.0328125 0.0625
0 0.69453125 0.81796875 0.034375 0.0703125
0 0.76640625 0.6765625 0.03125 0.065625
0 0.90625 0.40078125 0.0234375 0.08125
0 0.86875 0.80859375 0.0296875 0.0765625
0 0.71015625 0.51015625 0.028125 0.0609375
0 0.6421875 0.3296875 0.03125 0.053125
0 0.728125 0.3515625 0.025 0.040625
0 0.7046875 0.32421875 0.0234375 0.046875
0 0.78984375 0.50859375 0.021875 0.0484375
0 0.8234375 0.53828125 0.021875 0.0484375