2 0.92109375 0.3953125 0.025 0.05
2 0.95859375 0.1046875 0.034375 0.05625
2 0.92734375 0.05 0.040625 0.0484375
2 0.87421875 0.19921875 0.040625 0.0703125
2 0.74453125 0.14609375 0.0484375 0.0390625
2 0.6890625 0.11015625 0.0328125 0.034375
2 0.75859375 0.04921875 0.046875 0.046875
2 0.66875 0.90390625 0.0484375 0.0890625
2 0.68046875 0.65390625 0.0375 0.084375
2 0.7 0.66875 0.03125 0.0671875
2 0.625 0.50546875 0.0359375 0.078125
2 0.590625 0.33203125 0.040625 0.05625
2 0.8484375 0.74296875 0.025 0.0515625
2 0.8796875 0.8328125 0.021875 0.05
2 0.871875 0.90859375 0.025 0.0375
2 0.8640625 0.5546875 0.0328125 0.075
2 0.8484375 0.63125 0.0171875 0.0296875
2 0.796875 0.67265625 0.0390625 0.075
2 0.81640625 0.80546875 0.0234375 0.059375
2 0.58828125 0.76796875 0.0375 0.078125
2 0.55078125 0.77421875 0.03125 0.0640625
2 0.53828125 0.58515625 0.040625 0.075
2 0.5640625 0.10234375 0.03125 0.040625
2 0.3828125 0.36328125 0.034375 0.06875
2 0.27578125 0.5453125 0.03125 0.06875
2 0.13671875 0.88828125 0.03125 0.0671875
2 0.18984375 0.70703125 0.0234375 0.046875
2 0.18359375 0.81171875 0.021875 0.0578125
2 0.13359375 0.69765625 0.028125 0.0515625
2 0.15234375 0.75078125 0.0171875 0.034375
2 0.1546875 0.6875 0.021875 0.05
2 0.1671875 0.346875 0.0296875 0.06875
2 0.203125 0.153125 0.0203125 0.04375
2 0.10546875 0.08203125 0.0359375 0.05625
2 0.04921875 0.11640625 0.0328125 0.075
2 0.5140625 0.82265625 0.028125 0.059375
2 0.78828125 0.7625 0.034375 0.0625