2 0.140625 0.81875 0.0265625 0.059375
2 0.10546875 0.7703125 0.025 0.046875
2 0.134375 0.6703125 0.028125 0.0515625
2 0.090625 0.46875 0.0265625 0.0625
2 0.08671875 0.42421875 0.0265625 0.0625
2 0.04296875 0.0515625 0.025 0.05625
2 0.30234375 0.2390625 0.0375 0.084375
2 0.39765625 0.34453125 0.025 0.0578125
2 0.3796875 0.4953125 0.0265625 0.053125
2 0.36875 0.8015625 0.021875 0.075
2 0.43671875 0.40234375 0.0359375 0.0609375
2 0.56953125 0.27578125 0.034375 0.05625
2 0.584375 0.6484375 0.03125 0.05
2 0.5578125 0.0828125 0.03125 0.0546875
2 0.653125 0.50703125 0.021875 0.046875
2 0.75859375 0.5578125 0.025 0.0625
2 0.75859375 0.73046875 0.0296875 0.040625
2 0.80859375 0.88046875 0.015625 0.0578125
2 0.71796875 0.9390625 0.028125 0.040625
2 0.7984375 0.471875 0.03125 0.06875
2 0.86015625 0.48203125 0.025 0.0703125
2 0.80078125 0.3140625 0.028125 0.05
2 0.86640625 0.1609375 0.0234375 0.059375
2 0.75859375 0.13984375 0.0140625 0.025
2 0.36015625 0.9375 0.025 0.075