0 0.946875 0.7765625 0.021875 0.0921875
0 0.8734375 0.72890625 0.015625 0.0484375
0 0.88203125 0.69296875 0.015625 0.04375
0 0.85703125 0.71015625 0.0125 0.0484375
0 0.8171875 0.83515625 0.01875 0.0421875
0 0.85859375 0.521875 0.0140625 0.059375
0 0.86953125 0.20546875 0.021875 0.0453125
0 0.803125 0.21953125 0.0171875 0.046875
0 0.8796875 0.14375 0.0234375 0.05
0 0.78828125 0.49140625 0.021875 0.0390625
0 0.71484375 0.48359375 0.021875 0.04375
0 0.73203125 0.45859375 0.021875 0.05625
0 0.64921875 0.3328125 0.0140625 0.034375
0 0.675 0.42109375 0.021875 0.05
0 0.60703125 0.4 0.015625 0.04375
0 0.61171875 0.196875 0.025 0.034375
0 0.565625 0.31875 0.01875 0.0609375
0 0.528125 0.7203125 0.021875 0.0859375
0 0.5296875 0.609375 0.01875 0.0546875
0 0.5140625 0.94140625 0.01875 0.046875
0 0.4703125 0.10234375 0.0140625 0.046875
0 0.46953125 0.053125 0.015625 0.040625
0 0.52734375 0.17421875 0.0140625 0.0484375
0 0.41015625 0.37265625 0.0265625 0.0328125
0 0.3796875 0.75 0.0140625 0.0546875
0 0.378125 0.79375 0.021875 0.046875
0 0.403125 0.646875 0.021875 0.0484375
0 0.38515625 0.36484375 0.0203125 0.04375
0 0.3859375 0.18984375 0.021875 0.05
0 0.33671875 0.31015625 0.021875 0.0546875
0 0.3328125 0.14296875 0.0125 0.0609375
0 0.353125 0.071875 0.025 0.034375
0 0.32890625 0.63515625 0.01875 0.04375
0 0.27578125 0.784375 0.028125 0.0359375
0 0.2859375 0.61640625 0.025 0.05
0 0.26640625 0.55703125 0.0203125 0.040625
0 0.2734375 0.496875 0.028125 0.05
0 0.240625 0.65 0.01875 0.0515625
0 0.1921875 0.8109375 0.01875 0.0515625
0 0.159375 0.78515625 0.0203125 0.059375
0 0.09375 0.53515625 0.0234375 0.0375
0 0.1046875 0.4453125 0.021875 0.040625
0 0.04921875 0.82265625 0.01875 0.0578125
0 0.09296875 0.87890625 0.021875 0.0453125
0 0.06328125 0.23515625 0.0203125 0.046875
0 0.19296875 0.85625 0.025 0.0359375