0 0.20859375 0.02265625 0.08125 0.01640625
0 0.17421875 0.03828125 0.0484375 0.015625
0 0.36328125 0.04140625 0.05703125 0.01953125
0 0.3421875 0.08515625 0.0609375 0.02265625
0 0.07421875 0.0875 0.0453125 0.02421875
0 0.1328125 0.14765625 0.05234375 0.03046875
0 0.6046875 0.12734375 0.0484375 0.015625
0 0.61484375 0.17265625 0.02890625 0.01796875
0 0.91015625 0.20703125 0.05234375 0.015625
0 0.8890625 0.18984375 0.0328125 0.0078125
0 0.7078125 0.16875 0.05234375 0.01953125
0 0.98125 0.1875 0.0375 0.021875
0 0.93125 0.30625 0.0390625 0.0171875
0 0.92109375 0.33828125 0.04375 0.0234375
0 0.93515625 0.4265625 0.03828125 0.03046875
0 0.90390625 0.5171875 0.05703125 0.0203125
0 0.828125 0.565625 0.04765625 0.01953125
0 0.49921875 0.5203125 0.0515625 0.0328125
0 0.3015625 0.45625 0.0640625 0.025
0 0.24140625 0.49453125 0.0421875 0.021875
0 0.0515625 0.50078125 0.05078125 0.0234375
0 0.39921875 0.5921875 0.04140625 0.03671875
0 0.29140625 0.60859375 0.03984375 0.02265625
0 0.1921875 0.81953125 0.03515625 0.01171875
0 0.2265625 0.8296875 0.04609375 0.01328125
0 0.43671875 0.88203125 0.04609375 0.0328125
0 0.51875 0.89921875 0.04609375 0.02265625
0 0.221875 0.72890625 0.06171875 0.02734375
0 0.6625 0.76328125 0.04609375 0.021875
0 0.6015625 0.7140625 0.040625 0.01796875
0 0.76015625 0.85390625 0.071875 0.02578125
0 0.38828125 0.78359375 0.0546875 0.01953125
0 0.41328125 0.8125 0.053125 0.02578125
0 0.44296875 0.79765625 0.03828125 0.01953125
0 0.68125 0.6828125 0.0546875 0.03515625
0 0.878125 0.60703125 0.05 0.02265625