0 0.9859375 0.15546875 0.025 0.10625
0 0.97890625 0.02421875 0.0328125 0.0484375
0 0.7859375 0.04921875 0.025 0.090625
0 0.95234375 0.8109375 0.028125 0.0625
0 0.96796875 0.75703125 0.01875 0.0984375
0 0.934375 0.85703125 0.028125 0.075
0 0.8828125 0.66171875 0.0234375 0.0671875
0 0.88125 0.3734375 0.034375 0.071875
0 0.82421875 0.47890625 0.0375 0.090625
0 0.79375 0.43359375 0.025 0.0796875
0 0.82578125 0.62265625 0.03125 0.0671875
0 0.86328125 0.57578125 0.034375 0.0546875
0 0.77578125 0.59765625 0.0375 0.053125
0 0.7859375 0.7859375 0.0328125 0.0828125
0 0.871875 0.02421875 0.015625 0.0484375
0 0.70390625 0.08828125 0.0375 0.08125
0 0.63828125 0.45234375 0.028125 0.0625
0 0.71953125 0.3 0.0328125 0.0703125
0 0.73515625 0.975 0.0375 0.05
0 0.64765625 0.6265625 0.0328125 0.1
0 0.58125 0.15625 0.028125 0.08125
0 0.52734375 0.13359375 0.040625 0.09375
0 0.56171875 0.090625 0.0375 0.053125
0 0.5 0.353125 0.03125 0.075
0 0.3875 0.60703125 0.0375 0.103125
0 0.33828125 0.834375 0.0453125 0.0703125
0 0.30703125 0.23984375 0.028125 0.059375
0 0.3515625 0.26875 0.034375 0.0875
0 0.2953125 0.28515625 0.0296875 0.046875
0 0.2453125 0.4453125 0.034375 0.046875
0 0.30234375 0.43359375 0.040625 0.0515625
0 0.1609375 0.8984375 0.03125 0.05
0 0.20390625 0.75703125 0.025 0.05
0 0.18671875 0.6109375 0.040625 0.065625
0 0.1734375 0.728125 0.028125 0.078125
0 0.14453125 0.6515625 0.034375 0.071875
0 0.14140625 0.54375 0.0171875 0.08125
0 0.23828125 0.72890625 0.0390625 0.075
0 0.17578125 0.278125 0.0453125 0.090625
0 0.11640625 0.32734375 0.0375 0.0625
0 0.10859375 0.215625 0.0375 0.0625
0 0.19375 0.121875 0.0375 0.0546875
0 0.07890625 0.43203125 0.0328125 0.0875
0 0.48671875 0.109375 0.021875 0.04375
0 0.42109375 0.13515625 0.028125 0.059375
0 0.0890625 0.8109375 0.0234375 0.0625
0 0.0515625 0.82734375 0.021875 0.06875
0 0.10625 0.63671875 0.0296875 0.05625