0 0.0671875 0.77578125 0.0375 0.090625
0 0.078125 0.50234375 0.040625 0.065625
0 0.12421875 0.48203125 0.028125 0.05625
0 0.121875 0.64453125 0.015625 0.075
0 0.1296875 0.5859375 0.04375 0.0375
0 0.1078125 0.775 0.021875 0.0578125
0 0.13203125 0.75703125 0.01875 0.06875
0 0.16796875 0.79765625 0.0234375 0.0578125
0 0.18359375 0.6546875 0.0296875 0.0515625
0 0.19609375 0.48515625 0.034375 0.075
0 0.1671875 0.29375 0.021875 0.053125
0 0.203125 0.2515625 0.025 0.046875
0 0.2328125 0.95390625 0.0203125 0.046875
0 0.278125 0.653125 0.03125 0.1140625
0 0.3421875 0.071875 0.021875 0.0640625
0 0.45 0.66875 0.0234375 0.053125
0 0.45078125 0.79140625 0.0203125 0.046875
0 0.49296875 0.78203125 0.01875 0.0671875
0 0.6515625 0.67109375 0.0265625 0.05625
0 0.59296875 0.3984375 0.028125 0.08125
0 0.61484375 0.2703125 0.0234375 0.04375
0 0.525 0.4828125 0.0359375 0.071875
0 0.5046875 0.05 0.025 0.059375
0 0.671875 0.115625 0.034375 0.0625
0 0.7234375 0.93046875 0.028125 0.0578125
0 0.7953125 0.95234375 0.01875 0.053125
0 0.765625 0.76484375 0.028125 0.0703125
0 0.79296875 0.31015625 0.0265625 0.0625
0 0.86328125 0.37890625 0.021875 0.046875
0 0.82734375 0.30078125 0.025 0.05
0 0.9015625 0.35078125 0.03125 0.0796875
0 0.90703125 0.578125 0.0234375 0.0875
0 0.9640625 0.4875 0.021875 0.078125
0 0.96484375 0.83515625 0.025 0.040625
0 0.95546875 0.9375 0.028125 0.0484375