0 0.57890625 0.009375 0.05234375 0.01796875
0 0.596875 0.33984375 0.0515625 0.02578125
0 0.03125 0.2421875 0.0625 0.025
0 0.73203125 0.009375 0.0421875 0.01796875
0 0.23828125 0.0453125 0.05859375 0.02421875
0 0.13671875 0.20546875 0.075 0.0234375
0 0.38125 0.60078125 0.05390625 0.03359375
0 0.253125 0.9140625 0.05234375 0.0328125
0 0.7015625 0.83125 0.05625 0.0234375
0 0.04140625 0.8515625 0.0828125 0.01875
0 0.25390625 0.775 0.05234375 0.02109375
0 0.13203125 0.95390625 0.05390625 0.02421875
0 0.7265625 0.77421875 0.0484375 0.0296875
0 0.3859375 0.175 0.090625 0.0265625
0 0.76875 0.40625 0.0796875 0.02734375
0 0.60390625 0.76171875 0.04375 0.0328125
0 0.32109375 0.84453125 0.0765625 0.02890625
0 0.44140625 0.81875 0.05390625 0.02421875
0 0.30703125 0.12734375 0.0609375 0.01796875
0 0.2 0.65078125 0.0515625 0.03125
0 0.39375 0.21875 0.07421875 0.025
0 0.7140625 0.87578125 0.06015625 0.0265625
0 0.07421875 0.68203125 0.0453125 0.028125
0 0.9765625 0.1609375 0.046875 0.025
0 0.66171875 0.50234375 0.03671875 0.0296875
0 0.7328125 0.27890625 0.05234375 0.021875
0 0.9 0.28984375 0.04140625 0.01953125
0 0.496875 0.2078125 0.05625 0.02109375
0 0.8640625 0.43828125 0.07734375 0.0359375
0 0.33671875 0.9625 0.0546875 0.028125
0 0.20625 0.05078125 0.06640625 0.021875
0 0.134375 0.06640625 0.0421875 0.0234375
0 0.35625 0.8203125 0.0625 0.025
0 0.53671875 0.11328125 0.05703125 0.02421875
0 0.75390625 0.9 0.05546875 0.0171875
0 0.34609375 0.34765625 0.05 0.021875
0 0.19609375 0.81328125 0.06875 0.021875
0 0.8609375 0.021875 0.0640625 0.02578125
0 0.27265625 0.11796875 0.0546875 0.02265625
0 0.46640625 0.16484375 0.0515625 0.02578125
0 0.1828125 0.75078125 0.05 0.0265625
0 0.67109375 0.79765625 0.05703125 0.0203125