0 0.7546875 0.00625 0.04296875 0.01171875
0 0.6546875 0.0421875 0.04921875 0.01875
0 0.81875 0.06875 0.071875 0.02890625
0 0.9625 0.10234375 0.05078125 0.02578125
0 0.69609375 0.12734375 0.065625 0.0265625
0 0.53515625 0.1703125 0.07265625 0.02265625
0 0.10546875 0.15703125 0.0765625 0.02890625
0 0.08125 0.01328125 0.05859375 0.01640625
0 0.27265625 0.16484375 0.08515625 0.02421875
0 0.29609375 0.23203125 0.05703125 0.03046875
0 0.665625 0.2609375 0.05546875 0.02421875
0 0.33359375 0.353125 0.040625 0.0296875
0 0.771875 0.38984375 0.05234375 0.02734375
0 0.9453125 0.4 0.046875 0.02734375
0 0.58125 0.52578125 0.05625 0.03125
0 0.56796875 0.46171875 0.05703125 0.02421875
0 0.88125 0.45703125 0.05859375 0.03671875
0 0.75390625 0.4484375 0.05234375 0.02265625
0 0.5875 0.56796875 0.046875 0.021875
0 0.1078125 0.62578125 0.0390625 0.0234375
0 0.2109375 0.62890625 0.0609375 0.02109375
0 0.40078125 0.68828125 0.0609375 0.02421875
0 0.41640625 0.7484375 0.046875 0.0203125
0 0.62890625 0.74921875 0.04453125 0.0265625
0 0.94296875 0.67109375 0.0453125 0.02578125
0 0.94921875 0.72421875 0.05390625 0.04375
0 0.47265625 0.86953125 0.08203125 0.028125
0 0.24140625 0.8453125 0.07109375 0.02109375
0 0.1578125 0.80625 0.0453125 0.0265625
0 0.2359375 0.78984375 0.0515625 0.0140625
0 0.040625 0.7921875 0.06171875 0.01875
0 0.53828125 0.8953125 0.04296875 0.01484375
0 0.5765625 0.9125 0.04921875 0.015625
0 0.30859375 0.9484375 0.02890625 0.02265625
0 0.4890625 0.95078125 0.04140625 0.0265625
0 0.503125 0.93359375 0.071875 0.01875
0 0.559375 0.9578125 0.0484375 0.02265625
0 0.8375 0.628125 0.04375 0.021875