0 0.74140625 0.09609375 0.025 0.0890625
0 0.50390625 0.24921875 0.040625 0.04375
0 0.521875 0.31328125 0.03125 0.059375
0 0.49296875 0.0671875 0.040625 0.0484375
0 0.42734375 0.6953125 0.03125 0.053125
0 0.44609375 0.3578125 0.03125 0.0765625
0 0.64375 0.73203125 0.034375 0.0453125
0 0.6390625 0.78984375 0.03125 0.0984375
0 0.796875 0.6765625 0.0234375 0.04375
0 0.809375 0.82890625 0.03125 0.0625
0 0.76875 0.93203125 0.028125 0.071875
0 0.875 0.91796875 0.03125 0.06875
0 0.815625 0.53671875 0.0234375 0.040625
0 0.8546875 0.48125 0.0203125 0.0484375
0 0.7390625 0.946875 0.021875 0.05
0 0.478125 0.7671875 0.034375 0.05625
0 0.296875 0.84140625 0.0375 0.090625
0 0.33046875 0.415625 0.0234375 0.0578125
0 0.1796875 0.5375 0.03125 0.065625
0 0.2296875 0.49296875 0.0265625 0.05625
0 0.253125 0.58203125 0.03125 0.0671875
0 0.2234375 0.3984375 0.01875 0.046875
0 0.2875 0.0859375 0.0234375 0.06875
0 0.0984375 0.41171875 0.03125 0.0359375
0 0.11640625 0.4421875 0.025 0.05625
0 0.1578125 0.44765625 0.0234375 0.0625
0 0.10703125 0.87734375 0.0234375 0.071875
0 0.02734375 0.759375 0.025 0.0625
0 0.03125 0.50859375 0.040625 0.0515625
0 0.16328125 0.74921875 0.04375 0.0796875
0 0.16015625 0.86875 0.034375 0.065625
0 0.19921875 0.61796875 0.028125 0.05