0 0.0859375 0.21015625 0.0484375 0.071875
0 0.10703125 0.36875 0.025 0.059375
0 0.0859375 0.4203125 0.0265625 0.0515625
0 0.121875 0.40234375 0.03125 0.053125
0 0.10703125 0.48125 0.025 0.05
0 0.134375 0.446875 0.0375 0.053125
0 0.0890625 0.7359375 0.021875 0.084375
0 0.06875 0.8125 0.028125 0.0578125
0 0.115625 0.82734375 0.028125 0.0625
0 0.146875 0.95 0.0234375 0.053125
0 0.15390625 0.8703125 0.0265625 0.05
0 0.20546875 0.68125 0.0265625 0.065625
0 0.1328125 0.64765625 0.0328125 0.04375
0 0.178125 0.44140625 0.0234375 0.0703125
0 0.178125 0.19375 0.03125 0.065625
0 0.1796875 0.29921875 0.03125 0.0421875
0 0.11171875 0.03046875 0.0234375 0.059375
0 0.21484375 0.29609375 0.021875 0.05625
0 0.24453125 0.34296875 0.025 0.0625
0 0.35390625 0.5984375 0.03125 0.059375
0 0.3703125 0.8484375 0.0375 0.05
0 0.33359375 0.978125 0.021875 0.034375
0 0.3234375 0.1890625 0.028125 0.059375
0 0.390625 0.0703125 0.025 0.0625
0 0.49609375 0.2140625 0.03125 0.0640625
0 0.61953125 0.36484375 0.0375 0.06875
0 0.428125 0.82890625 0.03125 0.0625
0 0.478125 0.9265625 0.025 0.0703125
0 0.48671875 0.82578125 0.0234375 0.053125
0 0.56171875 0.79296875 0.028125 0.09375
0 0.56484375 0.1375 0.0234375 0.0640625
0 0.65390625 0.0390625 0.0390625 0.078125
0 0.67890625 0.72109375 0.021875 0.05625
0 0.7625 0.85078125 0.025 0.046875
0 0.696875 0.4046875 0.025 0.0421875
0 0.71875 0.16171875 0.034375 0.0671875
0 0.8265625 0.8015625 0.028125 0.08125
0 0.80703125 0.8015625 0.0265625 0.084375
0 0.8515625 0.965625 0.025 0.06875
0 0.8765625 0.9359375 0.025 0.04375
0 0.96171875 0.87265625 0.0359375 0.065625
0 0.89140625 0.97421875 0.028125 0.05
0 0.90390625 0.57421875 0.034375 0.0546875
0 0.884375 0.40390625 0.0234375 0.059375
0 0.96171875 0.39140625 0.0234375 0.065625
0 0.92421875 0.365625 0.025 0.0625
0 0.95390625 0.35625 0.034375 0.065625
0 0.93984375 0.0953125 0.025 0.075
0 0.79921875 0.1703125 0.0265625 0.05625
0 0.7609375 0.3484375 0.0203125 0.04375