0 0.93515625 0.35546875 0.0296875 0.0984375
0 0.93046875 0.50390625 0.021875 0.0859375
0 0.93125 0.0625 0.025 0.078125
0 0.9484375 0.07734375 0.0296875 0.075
0 0.87109375 0.03125 0.025 0.059375
0 0.8 0.23125 0.034375 0.075
0 0.85 0.3671875 0.03125 0.046875
0 0.834375 0.5671875 0.028125 0.078125
0 0.796875 0.540625 0.021875 0.075
0 0.79296875 0.6375 0.034375 0.075
0 0.825 0.94609375 0.025 0.084375
0 0.83671875 0.94453125 0.028125 0.096875
0 0.85546875 0.95546875 0.021875 0.08125
0 0.78046875 0.88671875 0.040625 0.053125
0 0.71015625 0.74453125 0.028125 0.059375
0 0.74375 0.409375 0.021875 0.0625
0 0.72421875 0.32890625 0.025 0.04375
0 0.75625 0.18828125 0.021875 0.0625
0 0.71484375 0.1375 0.01875 0.065625
0 0.64140625 0.48671875 0.025 0.053125
0 0.7515625 0.85 0.0265625 0.0625
0 0.40625 0.2546875 0.015625 0.0515625
0 0.390625 0.03828125 0.0203125 0.05625
0 0.4359375 0.6921875 0.025 0.06875
0 0.50078125 0.86640625 0.0375 0.046875
0 0.28359375 0.35859375 0.025 0.0578125
0 0.1875 0.5 0.021875 0.059375
0 0.20078125 0.3375 0.021875 0.0578125
0 0.22734375 0.25625 0.025 0.0515625
0 0.1953125 0.1078125 0.0265625 0.0578125
0 0.228125 0.14140625 0.021875 0.05
0 0.2359375 0.07265625 0.034375 0.0390625
0 0.146875 0.17734375 0.021875 0.05625
0 0.16953125 0.42890625 0.0234375 0.0578125
0 0.13203125 0.32265625 0.028125 0.0515625
0 0.1875 0.7203125 0.0203125 0.078125
0 0.21953125 0.7671875 0.025 0.0828125
0 0.19609375 0.82421875 0.015625 0.059375
0 0.12109375 0.79765625 0.025 0.059375
0 0.13671875 0.81875 0.01875 0.0640625
0 0.046875 0.45078125 0.025 0.084375
0 0.0546875 0.83671875 0.03125 0.0390625
0 0.0765625 0.13203125 0.03125 0.05625