2 0.97109375 0.16640625 0.040625 0.05625
2 0.90390625 0.2421875 0.025 0.05625
2 0.8890625 0.4734375 0.025 0.05625
2 0.93203125 0.87109375 0.025 0.1
2 0.88125 0.8796875 0.04375 0.034375
2 0.88984375 0.94921875 0.015625 0.075
2 0.73359375 0.13203125 0.0375 0.0625
2 0.81171875 0.12421875 0.040625 0.0703125
2 0.5703125 0.3578125 0.021875 0.06875
2 0.57265625 0.1046875 0.046875 0.0515625
2 0.4328125 0.47109375 0.0375 0.034375
2 0.41171875 0.37890625 0.0359375 0.046875
2 0.40546875 0.12265625 0.025 0.05625
2 0.334375 0.12109375 0.0375 0.040625
2 0.24765625 0.2734375 0.0234375 0.065625
2 0.21484375 0.6265625 0.0296875 0.06875
2 0.165625 0.55234375 0.025 0.04375
2 0.13046875 0.7625 0.021875 0.0671875
2 0.12265625 0.9296875 0.025 0.0359375
2 0.1375 0.35234375 0.0265625 0.05625
2 0.16640625 0.2640625 0.0234375 0.075
2 0.1390625 0.1625 0.025 0.059375
2 0.25546875 0.8421875 0.0265625 0.05625
2 0.2453125 0.09921875 0.03125 0.046875
2 0.89921875 0.63515625 0.025 0.08125
2 0.58671875 0.16328125 0.0375 0.0421875
2 0.29765625 0.19609375 0.034375 0.0375
2 0.15546875 0.38828125 0.03125 0.065625
2 0.32890625 0.8734375 0.021875 0.059375