0 0.05 0.953125 0.01875 0.0640625
0 0.24140625 0.69375 0.034375 0.059375
0 0.20234375 0.7140625 0.015625 0.0375
0 0.1609375 0.50859375 0.028125 0.05
0 0.12578125 0.3828125 0.01875 0.05
0 0.0984375 0.384375 0.0234375 0.053125
0 0.1515625 0.2890625 0.025 0.0546875
0 0.19296875 0.22890625 0.028125 0.046875
0 0.1640625 0.14453125 0.034375 0.03125
0 0.03984375 0.36953125 0.025 0.046875
0 0.02890625 0.428125 0.0265625 0.040625
0 0.02890625 0.60859375 0.028125 0.065625
0 0.078125 0.9109375 0.0140625 0.034375
0 0.11484375 0.79375 0.021875 0.0421875
0 0.13125 0.675 0.021875 0.0453125
0 0.07890625 0.3171875 0.0234375 0.053125
0 0.2921875 0.203125 0.034375 0.0546875
0 0.3140625 0.2921875 0.0296875 0.05
0 0.18671875 0.9609375 0.009375 0.034375
0 0.33125 0.91015625 0.028125 0.0546875
0 0.42578125 0.78125 0.0375 0.0515625
0 0.40546875 0.2046875 0.025 0.040625
0 0.4921875 0.2984375 0.03125 0.04375
0 0.48984375 0.74765625 0.015625 0.0640625
0 0.521875 0.7 0.04375 0.071875
0 0.6390625 0.6703125 0.0375 0.059375
0 0.6265625 0.7875 0.028125 0.059375
0 0.6578125 0.87109375 0.0296875 0.0765625
0 0.6265625 0.4421875 0.025 0.084375
0 0.71640625 0.271875 0.021875 0.065625
0 0.609375 0.071875 0.028125 0.0453125
0 0.646875 0.11015625 0.0203125 0.0390625
0 0.54609375 0.27265625 0.0234375 0.08125
0 0.75625 0.415625 0.0328125 0.0421875
0 0.796875 0.5765625 0.0234375 0.065625
0 0.82734375 0.61796875 0.01875 0.06875
0 0.86796875 0.6296875 0.0234375 0.0546875
0 0.89140625 0.3765625 0.0265625 0.059375
0 0.971875 0.80234375 0.03125 0.08125
0 0.86328125 0.17578125 0.0203125 0.05
0 0.84296875 0.17578125 0.015625 0.0375
0 0.89765625 0.18125 0.01875 0.05625
0 0.8453125 0.52265625 0.025 0.05625
0 0.48984375 0.1625 0.0203125 0.0578125
0 0.5109375 0.54296875 0.034375 0.065625