0 0.68203125 0.0265625 0.04765625 0.01484375
0 0.671875 0.096875 0.06484375 0.0203125
0 0.4265625 0.040625 0.05859375 0.015625
0 0.86015625 0.0515625 0.08203125 0.02421875
0 0.16796875 0.09609375 0.0859375 0.0203125
0 0.234375 0.134375 0.0578125 0.02734375
0 0.04921875 0.15 0.05625 0.0234375
0 0.0921875 0.10234375 0.0578125 0.025
0 0.43203125 0.13046875 0.0703125 0.025
0 0.68359375 0.14296875 0.0703125 0.0234375
0 0.56484375 0.16796875 0.06640625 0.025
0 0.1171875 0.209375 0.05 0.02734375
0 0.03125 0.2515625 0.0625 0.02109375
0 0.34375 0.2125 0.071875 0.01640625
0 0.490625 0.29140625 0.05859375 0.021875
0 0.41640625 0.2046875 0.05625 0.0359375
0 0.31015625 0.37421875 0.04609375 0.02265625
0 0.48671875 0.465625 0.0671875 0.03671875
0 0.434375 0.49921875 0.0546875 0.03125
0 0.3 0.48515625 0.06484375 0.03671875
0 0.14375 0.546875 0.06015625 0.025
0 0.13671875 0.51796875 0.0515625 0.02890625
0 0.21953125 0.54765625 0.0734375 0.01875
0 0.04609375 0.55078125 0.0375 0.025
0 0.06953125 0.6875 0.0390625 0.03828125
0 0.234375 0.74921875 0.06875 0.01875
0 0.44453125 0.76875 0.07734375 0.02265625
0 0.15703125 0.7953125 0.06640625 0.0203125
0 0.0765625 0.8296875 0.0734375 0.02109375
0 0.11640625 0.86171875 0.04921875 0.03359375
0 0.1625 0.87578125 0.0859375 0.0234375
0 0.17265625 0.84296875 0.075 0.025
0 0.415625 0.8546875 0.0890625 0.02109375
0 0.41328125 0.89765625 0.053125 0.02734375
0 0.2671875 0.91015625 0.06015625 0.01953125
0 0.2859375 0.67578125 0.04609375 0.03203125
0 0.5375 0.72734375 0.040625 0.03046875
0 0.75078125 0.690625 0.0671875 0.02578125
0 0.66640625 0.3703125 0.05859375 0.025