0 0.990625 0.42109375 0.01875 0.053125
0 0.66015625 0.403125 0.025 0.0515625
0 0.7578125 0.96875 0.025 0.0625
0 0.990625 0.26796875 0.01875 0.0421875
0 0.9546875 0.76171875 0.025 0.059375
0 0.79453125 0.86328125 0.0234375 0.075
0 0.39921875 0.61875 0.034375 0.053125
0 0.0859375 0.746875 0.0328125 0.053125
0 0.16875 0.2984375 0.0234375 0.05625
0 0.1484375 0.95859375 0.01875 0.0828125
0 0.225 0.74609375 0.021875 0.053125
0 0.04609375 0.86796875 0.025 0.053125
0 0.22578125 0.2734375 0.0296875 0.0484375
0 0.825 0.6140625 0.0265625 0.090625
0 0.59375 0.23125 0.028125 0.0796875
0 0.23828125 0.39609375 0.0328125 0.04375
0 0.15546875 0.67890625 0.028125 0.0765625
0 0.18125 0.55859375 0.025 0.053125
0 0.87265625 0.69296875 0.01875 0.0609375
0 0.34921875 0.8 0.03125 0.0515625
0 0.78125 0.60625 0.025 0.075
0 0.12421875 0.2859375 0.0265625 0.059375
0 0.31796875 0.92578125 0.028125 0.0453125
0 0.8390625 0.0234375 0.025 0.046875
0 0.49765625 0.33828125 0.0296875 0.0375
0 0.72109375 0.2671875 0.021875 0.053125
0 0.71015625 0.1 0.01875 0.040625
0 0.7921875 0.503125 0.021875 0.05625
0 0.56171875 0.1359375 0.0359375 0.078125
0 0.0375 0.66328125 0.028125 0.0546875
0 0.94921875 0.79375 0.021875 0.065625
0 0.93359375 0.865625 0.0234375 0.0421875
0 0.1796875 0.64375 0.025 0.0625
0 0.88671875 0.46328125 0.025 0.05625
0 0.1 0.24609375 0.0171875 0.05625
0 0.65234375 0.65390625 0.021875 0.05
0 0.18671875 0.80390625 0.021875 0.06875
0 0.978125 0.1390625 0.025 0.0640625
0 0.88203125 0.72734375 0.021875 0.0546875
0 0.83515625 0.53359375 0.025 0.0515625
0 0.24921875 0.8171875 0.0265625 0.05
0 0.20234375 0.32890625 0.0203125 0.05625