0 0.8578125 0.6859375 0.01875 0.06875
0 0.90625 0.665625 0.01875 0.053125
0 0.76171875 0.1828125 0.0171875 0.040625
0 0.67265625 0.39921875 0.025 0.0515625
0 0.72265625 0.04453125 0.025 0.0625
0 0.990625 0.73203125 0.01875 0.0421875
0 0.85 0.29453125 0.025 0.059375
0 0.834375 0.05078125 0.0234375 0.075
0 0.3703125 0.59765625 0.034375 0.053125
0 0.10234375 0.3015625 0.0328125 0.053125
0 0.14765625 0.4859375 0.0234375 0.05625
0 0.1125 0.11171875 0.01875 0.0828125
0 0.253125 0.4578125 0.021875 0.053125
0 0.0546875 0.3359375 0.025 0.053125
0 0.1984375 0.028125 0.03125 0.05625
0 0.2140625 0.74921875 0.0296875 0.0484375
0 0.8375 0.51875 0.0265625 0.090625
0 0.58515625 0.94140625 0.028125 0.0796875
0 0.14296875 0.71484375 0.021875 0.075
0 0.628125 0.0171875 0.025 0.034375
0 0.31328125 0.68125 0.0328125 0.04375
0 0.1484375 0.484375 0.025 0.053125
0 0.87265625 0.30703125 0.01875 0.0609375
0 0.32265625 0.27421875 0.03125 0.0515625
0 0.84609375 0.2109375 0.025 0.075
0 0.115625 0.6984375 0.0265625 0.059375
0 0.30625 0.78671875 0.028125 0.0453125
0 0.890625 0.94765625 0.015625 0.06875
0 0.88671875 0.72890625 0.025 0.046875
0 0.50390625 0.84140625 0.0296875 0.0375
0 0.73046875 0.73046875 0.021875 0.08125
0 0.73203125 0.865625 0.01875 0.040625
0 0.746875 0.9375 0.021875 0.05625
0 0.51875 0.2515625 0.0265625 0.053125
0 0.49140625 0.896875 0.0359375 0.05
0 0.03984375 0.3578125 0.028125 0.0546875
0 0.96640625 0.403125 0.021875 0.065625
0 0.88984375 0.11328125 0.0234375 0.0421875
0 0.1953125 0.321875 0.025 0.0625
0 0.97890625 0.88984375 0.025 0.0578125
0 0.99140625 0.13203125 0.0171875 0.084375
0 0.10703125 0.4515625 0.0171875 0.05625
0 0.98671875 0.328125 0.0203125 0.0625
0 0.60234375 0.0421875 0.025 0.046875
0 0.5671875 0.36875 0.021875 0.05