0 0.465625 0.0703125 0.046875 0.0203125
0 0.29765625 0.1015625 0.04375 0.025
0 0.51875 0.121875 0.046875 0.0265625
0 0.4515625 0.134375 0.084375 0.025
0 0.3890625 0.16484375 0.040625 0.0296875
0 0.578125 0.14140625 0.084375 0.025
0 0.753125 0.1390625 0.121875 0.03125
0 0.703125 0.22109375 0.14375 0.0375
0 0.61640625 0.25390625 0.103125 0.0546875
0 0.4671875 0.26015625 0.0625 0.0421875
0 0.17578125 0.29609375 0.0890625 0.05
0 0.51484375 0.446875 0.05 0.03125
0 0.6328125 0.47734375 0.071875 0.025
0 0.7546875 0.6171875 0.05625 0.046875
0 0.690625 0.6296875 0.05 0.03125
0 0.66796875 0.6796875 0.0359375 0.025
0 0.72265625 0.71875 0.084375 0.025
0 0.48359375 0.70546875 0.046875 0.034375
0 0.39296875 0.753125 0.078125 0.046875
0 0.2703125 0.68515625 0.115625 0.0390625
0 0.25390625 0.55234375 0.04375 0.028125
0 0.46171875 0.86328125 0.078125 0.034375
0 0.36640625 0.85 0.0375 0.028125
0 0.4875 0.803125 0.0515625 0.0390625
0 0.64453125 0.84609375 0.053125 0.0203125
0 0.8921875 0.85390625 0.0625 0.01875
0 0.775 0.7984375 0.065625 0.034375
0 0.05546875 0.61953125 0.0390625 0.03125
0 0.21640625 0.41953125 0.06875 0.025