0 0.1796875 0.05078125 0.0765625 0.03046875
0 0.175 0.02265625 0.05 0.02265625
0 0.29921875 0.0890625 0.0375 0.01484375
0 0.5625 0.07734375 0.03984375 0.01484375
0 0.71796875 0.09765625 0.04140625 0.015625
0 0.81953125 0.15703125 0.04921875 0.025
0 0.4046875 0.18984375 0.06328125 0.0296875
0 0.0828125 0.171875 0.04296875 0.02890625
0 0.45390625 0.271875 0.05859375 0.02890625
0 0.02421875 0.30625 0.0484375 0.0234375
0 0.11484375 0.27578125 0.04921875 0.03515625
0 0.82421875 0.34296875 0.02890625 0.03984375
0 0.8578125 0.32265625 0.0625 0.025
0 0.84296875 0.29375 0.08046875 0.0296875
0 0.62890625 0.053125 0.03984375 0.025
0 0.51953125 0.02265625 0.0421875 0.01875
0 0.28203125 0.14375 0.06015625 0.02578125
0 0.0796875 0.1453125 0.06953125 0.01796875
0 0.07734375 0.1015625 0.04296875 0.01484375
0 0.2734375 0.50625 0.06953125 0.05703125
0 0.2984375 0.465625 0.04609375 0.02734375
0 0.5953125 0.525 0.0265625 0.02421875
0 0.80859375 0.39921875 0.06015625 0.02265625
0 0.23828125 0.58046875 0.05625 0.028125
0 0.32734375 0.5671875 0.05625 0.021875
0 0.32578125 0.6375 0.0609375 0.0375
0 0.14921875 0.67265625 0.0453125 0.0265625
0 0.48671875 0.75625 0.04296875 0.0328125
0 0.93828125 0.8203125 0.04921875 0.03125
0 0.7734375 0.88203125 0.04140625 0.0234375
0 0.2234375 0.953125 0.09296875 0.0390625
0 0.425 0.86484375 0.0609375 0.03125
0 0.50078125 0.80390625 0.09765625 0.01484375
0 0.2671875 0.8328125 0.0578125 0.0203125
0 0.5546875 0.84140625 0.071875 0.03125
0 0.10859375 0.81875 0.05625 0.03515625
0 0.675 0.859375 0.02890625 0.0265625
0 0.7640625 0.56875 0.06015625 0.0390625