0 0.39765625 0.68828125 0.04140625 0.025
0 0.12109375 0.76015625 0.0421875 0.01796875
0 0.134375 0.7796875 0.0328125 0.0203125
0 0.0828125 0.78125 0.04453125 0.02109375
0 0.07890625 0.81875 0.04609375 0.01328125
0 0.01875 0.80703125 0.0328125 0.01640625
0 0.2046875 0.834375 0.0625 0.01875
0 0.20703125 0.8609375 0.046875 0.01640625
0 0.05546875 0.89375 0.05234375 0.01875
0 0.06796875 0.91328125 0.03359375 0.0125
0 0.1640625 0.97890625 0.0640625 0.03046875
0 0.2828125 0.96328125 0.1015625 0.01796875
0 0.68984375 0.8453125 0.10390625 0.015625
0 0.70546875 0.696875 0.05078125 0.0203125
0 0.80859375 0.6578125 0.07265625 0.01953125
0 0.90234375 0.6421875 0.0609375 0.02578125
0 0.975 0.6515625 0.04921875 0.015625
0 0.8015625 0.75078125 0.04296875 0.02265625
0 0.59296875 0.57109375 0.05546875 0.03828125
0 0.75546875 0.45 0.1140625 0.0171875
0 0.80859375 0.4265625 0.04453125 0.01640625
0 0.765625 0.434375 0.046875 0.025
0 0.3375 0.35625 0.07734375 0.04375
0 0.62578125 0.3796875 0.071875 0.040625
0 0.81015625 0.3578125 0.06875 0.02109375
0 0.31328125 0.2359375 0.0359375 0.01953125
0 0.22109375 0.27421875 0.065625 0.028125
0 0.0796875 0.221875 0.04453125 0.0203125
0 0.09921875 0.18515625 0.06484375 0.0109375
0 0.19609375 0.190625 0.0671875 0.0265625
0 0.34296875 0.209375 0.0875 0.01875
0 0.615625 0.184375 0.05 0.02890625
0 0.8953125 0.25703125 0.046875 0.0265625
0 0.825 0.253125 0.053125 0.02578125
0 0.68046875 0.12109375 0.04375 0.02109375
0 0.8359375 0.16640625 0.06328125 0.0265625
0 0.58046875 0.1515625 0.046875 0.03125
0 0.34453125 0.1359375 0.0703125 0.02890625
0 0.203125 0.125 0.05625 0.02734375
0 0.5921875 0.02109375 0.053125 0.0234375
0 0.5671875 0.10390625 0.05625 0.03828125
0 0.33671875 0.02421875 0.040625 0.0234375
0 0.171875 0.015625 0.059375 0.0203125
0 0.8265625 0.1078125 0.05859375 0.025
0 0.9546875 0.065625 0.03125 0.0140625