2 0.14921875 0.0515625 0.07890625 0.01640625
2 0.3171875 0.1078125 0.0421875 0.01953125
2 0.38125 0.14921875 0.04453125 0.028125
2 0.51640625 0.1015625 0.0734375 0.02421875
2 0.68203125 0.08671875 0.0640625 0.021875
2 0.97265625 0.24140625 0.025 0.02734375
2 0.128125 0.14609375 0.07734375 0.02265625
2 0.18828125 0.29921875 0.05 0.02890625
2 0.034375 0.36484375 0.03203125 0.03125
2 0.40859375 0.44921875 0.040625 0.02734375
2 0.50234375 0.38046875 0.04765625 0.02734375
2 0.6453125 0.37265625 0.053125 0.03203125
2 0.55 0.6 0.04765625 0.025
2 0.6203125 0.5734375 0.04453125 0.0265625
2 0.71875 0.59375 0.0484375 0.02578125
2 0.76171875 0.67265625 0.05234375 0.0296875
2 0.7484375 0.74921875 0.03984375 0.025
2 0.5171875 0.740625 0.04453125 0.02265625
2 0.584375 0.77421875 0.0390625 0.0203125
2 0.63125 0.8421875 0.053125 0.0265625
2 0.89140625 0.8578125 0.0453125 0.02734375
2 0.4078125 0.821875 0.04453125 0.02578125
2 0.44296875 0.7296875 0.05 0.01875
2 0.4359375 0.71171875 0.0421875 0.01875
2 0.11328125 0.63671875 0.0421875 0.021875
2 0.128125 0.840625 0.0453125 0.03671875
2 0.084375 0.82890625 0.0359375 0.01875