0 0.05234375 0.509375 0.01875 0.08125
0 0.08046875 0.2609375 0.021875 0.0640625
0 0.0140625 0.81328125 0.021875 0.0578125
0 0.03046875 0.859375 0.021875 0.08125
0 0.11875 0.82109375 0.01875 0.0609375
0 0.15390625 0.58359375 0.0203125 0.059375
0 0.14609375 0.62734375 0.021875 0.059375
0 0.18125 0.44296875 0.0203125 0.0703125
0 0.1234375 0.396875 0.0125 0.059375
0 0.240625 0.15 0.025 0.0484375
0 0.16796875 0.11015625 0.025 0.0546875
0 0.125 0.2125 0.021875 0.0484375
0 0.25234375 0.5671875 0.021875 0.06875
0 0.26484375 0.8984375 0.021875 0.059375
0 0.26953125 0.796875 0.0203125 0.0609375
0 0.3296875 0.81328125 0.0140625 0.053125
0 0.365625 0.88515625 0.0125 0.059375
0 0.35859375 0.0171875 0.028125 0.034375
0 0.440625 0.18046875 0.028125 0.0484375
0 0.490625 0.43515625 0.0203125 0.0546875
0 0.4890625 0.771875 0.0203125 0.0625
0 0.5578125 0.24765625 0.0296875 0.04375
0 0.58828125 0.25625 0.028125 0.0484375
0 0.6125 0.43359375 0.03125 0.040625
0 0.58671875 0.47265625 0.028125 0.046875
0 0.5328125 0.02421875 0.0265625 0.0484375
0 0.640625 0.24296875 0.015625 0.046875
0 0.6515625 0.30859375 0.021875 0.0375
0 0.63125 0.303125 0.01875 0.04375
0 0.64453125 0.48359375 0.0234375 0.040625
0 0.684375 0.54609375 0.01875 0.0421875
0 0.6671875 0.53515625 0.0140625 0.05
0 0.5671875 0.878125 0.0265625 0.040625
0 0.7515625 0.26328125 0.01875 0.053125
0 0.7578125 0.28671875 0.015625 0.04375
0 0.75546875 0.146875 0.0203125 0.0453125
0 0.7328125 0.11015625 0.015625 0.053125
0 0.77734375 0.16796875 0.021875 0.0421875
0 0.84453125 0.203125 0.01875 0.0625
0 0.81953125 0.06796875 0.015625 0.046875
0 0.809375 0.5453125 0.01875 0.0578125
0 0.74296875 0.76484375 0.01875 0.040625
0 0.80625 0.35625 0.015625 0.059375
0 0.91328125 0.5484375 0.015625 0.053125
0 0.85234375 0.51953125 0.01875 0.059375
0 0.953125 0.79296875 0.0296875 0.0421875
0 0.17890625 0.67578125 0.0140625 0.046875
0 0.0484375 0.97421875 0.021875 0.0515625
0 0.71484375 0.85703125 0.028125 0.04375