2 0.0953125 0.4375 0.025 0.059375
2 0.1328125 0.046875 0.03125 0.028125
2 0.046875 0.8546875 0.0359375 0.1125
2 0.0984375 0.828125 0.025 0.05625
2 0.15234375 0.94140625 0.0375 0.0671875
2 0.2828125 0.909375 0.034375 0.0453125
2 0.27109375 0.96640625 0.03125 0.034375
2 0.28828125 0.4546875 0.028125 0.0796875
2 0.59140625 0.50703125 0.028125 0.05
2 0.53515625 0.4328125 0.0375 0.034375
2 0.37578125 0.51015625 0.025 0.059375
2 0.43203125 0.54140625 0.04375 0.046875
2 0.61640625 0.78046875 0.034375 0.065625
2 0.6453125 0.740625 0.03125 0.06875
2 0.5625 0.91953125 0.0265625 0.053125
2 0.64296875 0.521875 0.021875 0.05625
2 0.67421875 0.590625 0.03125 0.0390625
2 0.7171875 0.44609375 0.028125 0.040625
2 0.74609375 0.24921875 0.028125 0.05
2 0.7046875 0.0921875 0.0296875 0.053125
2 0.84296875 0.21640625 0.0234375 0.078125
2 0.83984375 0.34140625 0.0375 0.05
2 0.85703125 0.31875 0.025 0.05625
2 0.69921875 0.78125 0.03125 0.0375
2 0.665625 0.9265625 0.0265625 0.034375
2 0.815625 0.91875 0.0296875 0.05625
2 0.759375 0.5765625 0.0234375 0.05625
2 0.77109375 0.6890625 0.021875 0.05
2 0.7921875 0.6203125 0.025 0.0375