0 0.11484375 0.69296875 0.0140625 0.0671875
0 0.140625 0.9296875 0.015625 0.0484375
0 0.1421875 0.6234375 0.0140625 0.06875
0 0.1296875 0.5171875 0.01875 0.059375
0 0.12265625 0.24375 0.015625 0.0625
0 0.1234375 0.14296875 0.025 0.04375
0 0.04609375 0.0203125 0.01875 0.040625
0 0.14140625 0.2796875 0.015625 0.0609375
0 0.175 0.53984375 0.0265625 0.0484375
0 0.20703125 0.35859375 0.01875 0.059375
0 0.18515625 0.3390625 0.01875 0.06875
0 0.15 0.40625 0.028125 0.0515625
0 0.24765625 0.83828125 0.025 0.059375
0 0.278125 0.06875 0.028125 0.05
0 0.2 0.0328125 0.025 0.05
0 0.30234375 0.33359375 0.015625 0.0515625
0 0.34296875 0.2984375 0.0125 0.0484375
0 0.3125 0.084375 0.015625 0.0375
0 0.29921875 0.01171875 0.015625 0.0234375
0 0.37265625 0.81640625 0.03125 0.04375
0 0.40078125 0.5875 0.015625 0.0671875
0 0.47109375 0.709375 0.021875 0.0421875
0 0.50546875 0.74140625 0.01875 0.0671875
0 0.5109375 0.49609375 0.025 0.034375
0 0.52265625 0.21953125 0.021875 0.0609375
0 0.5046875 0.94296875 0.0234375 0.059375
0 0.54921875 0.640625 0.0171875 0.059375
0 0.59609375 0.4125 0.01875 0.053125
0 0.70625 0.5484375 0.03125 0.053125
0 0.74609375 0.534375 0.021875 0.0609375
0 0.74765625 0.83046875 0.021875 0.053125
0 0.8015625 0.77109375 0.0203125 0.05625
0 0.87578125 0.6875 0.021875 0.0640625
0 0.90078125 0.765625 0.01875 0.053125
0 0.96171875 0.6359375 0.021875 0.0703125
0 0.965625 0.22578125 0.028125 0.04375
0 0.80078125 0.1546875 0.025 0.05625
0 0.796875 0.0859375 0.03125 0.04375
0 0.8296875 0.55390625 0.01875 0.0453125
0 0.81015625 0.6 0.025 0.053125
0 0.11953125 0.9625 0.025 0.0625