0 0.02421875 0.91328125 0.0203125 0.05625
0 0.02109375 0.80390625 0.028125 0.071875
0 0.1578125 0.79609375 0.034375 0.09375
0 0.11953125 0.82890625 0.025 0.0546875
0 0.0703125 0.5609375 0.0203125 0.059375
0 0.05625 0.30546875 0.028125 0.0875
0 0.14375 0.15 0.028125 0.05
0 0.14609375 0.3359375 0.025 0.05625
0 0.12421875 0.30859375 0.021875 0.0359375
0 0.1234375 0.20859375 0.03125 0.0546875
0 0.2296875 0.50078125 0.04375 0.084375
0 0.20390625 0.40078125 0.03125 0.090625
0 0.3359375 0.925 0.025 0.08125
0 0.3828125 0.6546875 0.03125 0.08125
0 0.4421875 0.784375 0.0203125 0.0734375
0 0.52734375 0.771875 0.034375 0.04375
0 0.56484375 0.86015625 0.03125 0.046875
0 0.50078125 0.9609375 0.0375 0.0609375
0 0.49921875 0.73828125 0.034375 0.04375
0 0.62265625 0.49375 0.0359375 0.0734375
0 0.69609375 0.14453125 0.0234375 0.05
0 0.765625 0.0671875 0.028125 0.0546875
0 0.81328125 0.890625 0.015625 0.075
0 0.78515625 0.7515625 0.034375 0.084375
0 0.8421875 0.72265625 0.01875 0.05
0 0.78125 0.840625 0.025 0.059375
0 0.71484375 0.934375 0.0359375 0.05625
0 0.84921875 0.4734375 0.0234375 0.053125
0 0.8828125 0.40234375 0.028125 0.0484375
0 0.8171875 0.66640625 0.025 0.065625
0 0.41171875 0.20859375 0.0375 0.065625