0 0.915625 0.9796875 0.028125 0.040625
0 0.875 0.7390625 0.021875 0.05
0 0.83359375 0.7953125 0.021875 0.0421875
0 0.8484375 0.703125 0.025 0.0375
0 0.7515625 0.72421875 0.03125 0.021875
0 0.8375 0.490625 0.025 0.04375
0 0.80859375 0.48828125 0.0265625 0.05625
0 0.78828125 0.89140625 0.025 0.034375
0 0.7359375 0.87265625 0.021875 0.046875
0 0.765625 0.8578125 0.015625 0.053125
0 0.7140625 0.953125 0.025 0.04375
0 0.8578125 0.10078125 0.0171875 0.06875
0 0.89140625 0.0859375 0.01875 0.05
0 0.690625 0.1015625 0.021875 0.04375
0 0.62109375 0.525 0.03125 0.034375
0 0.58671875 0.8859375 0.021875 0.0671875
0 0.51640625 0.425 0.025 0.0453125
0 0.5046875 0.53671875 0.0265625 0.034375
0 0.415625 0.3953125 0.03125 0.053125
0 0.440625 0.68671875 0.01875 0.021875
0 0.4359375 0.7421875 0.0234375 0.046875
0 0.50546875 0.24375 0.01875 0.046875
0 0.49453125 0.0421875 0.021875 0.034375
0 0.46953125 0.125 0.01875 0.059375
0 0.5859375 0.9390625 0.015625 0.0328125
0 0.328125 0.29296875 0.01875 0.05
0 0.215625 0.590625 0.0296875 0.0375
0 0.215625 0.46328125 0.01875 0.0359375
0 0.18125 0.51171875 0.021875 0.0375
0 0.1578125 0.56484375 0.0171875 0.053125
0 0.15859375 0.3734375 0.015625 0.03125
0 0.15078125 0.27734375 0.021875 0.034375
0 0.19921875 0.1609375 0.015625 0.0296875
0 0.178125 0.2046875 0.0203125 0.0453125
0 0.20546875 0.065625 0.015625 0.040625
0 0.25625 0.053125 0.0234375 0.06875
0 0.3375 0.18515625 0.01875 0.040625