0 0.965625 0.89375 0.040625 0.075
0 0.971875 0.0984375 0.021875 0.128125
0 0.95625 0.0640625 0.0203125 0.0625
0 0.86796875 0.0578125 0.015625 0.090625
0 0.94140625 0.32734375 0.03125 0.053125
0 0.86484375 0.3171875 0.028125 0.0734375
0 0.8578125 0.38984375 0.0234375 0.090625
0 0.865625 0.8359375 0.03125 0.0484375
0 0.821875 0.89765625 0.0265625 0.053125
0 0.834375 0.79375 0.034375 0.059375
0 0.90390625 0.7375 0.034375 0.046875
0 0.84140625 0.2015625 0.025 0.0859375
0 0.80234375 0.22578125 0.0203125 0.05
0 0.8234375 0.12890625 0.0265625 0.078125
0 0.778125 0.521875 0.028125 0.078125
0 0.7984375 0.5265625 0.034375 0.053125
0 0.7359375 0.56015625 0.021875 0.04375
0 0.76953125 0.30390625 0.025 0.04375
0 0.646875 0.3453125 0.03125 0.0546875
0 0.6890625 0.640625 0.034375 0.0703125
0 0.78125 0.89375 0.015625 0.0515625
0 0.7546875 0.96640625 0.025 0.0671875
0 0.71015625 0.921875 0.021875 0.0484375
0 0.6859375 0.8125 0.015625 0.0859375
0 0.71015625 0.778125 0.0140625 0.05625
0 0.5796875 0.7890625 0.021875 0.09375
0 0.5484375 0.74296875 0.0296875 0.0546875
0 0.425 0.5875 0.01875 0.090625
0 0.29921875 0.39375 0.028125 0.0765625
0 0.29921875 0.73359375 0.0453125 0.0484375
0 0.303125 0.91484375 0.0296875 0.0375
0 0.3078125 0.9625 0.025 0.03125
0 0.25 0.56171875 0.034375 0.071875
0 0.2078125 0.55859375 0.0265625 0.0484375
0 0.2078125 0.36328125 0.028125 0.046875
0 0.240625 0.24765625 0.0265625 0.04375
0 0.22890625 0.07734375 0.0171875 0.046875
0 0.225 0.025 0.021875 0.0453125
0 0.14453125 0.21171875 0.021875 0.05
0 0.1546875 0.31640625 0.0296875 0.0515625
0 0.1609375 0.3484375 0.025 0.04375
0 0.18203125 0.18125 0.03125 0.09375
0 0.13203125 0.115625 0.0125 0.059375
0 0.0890625 0.178125 0.028125 0.065625
0 0.0453125 0.15234375 0.021875 0.0375
0 0.0640625 0.14921875 0.015625 0.034375
0 0.03203125 0.05859375 0.028125 0.078125
0 0.034375 0.4078125 0.028125 0.0875
0 0.07890625 0.34453125 0.028125 0.05625
0 0.10703125 0.203125 0.01875 0.0375
0 0.1484375 0.51953125 0.01875 0.034375
0 0.134375 0.5546875 0.025 0.05625
0 0.13828125 0.84375 0.0171875 0.071875
0 0.16796875 0.86953125 0.0234375 0.0671875
0 0.0625 0.58515625 0.021875 0.078125
0 0.0125 0.7640625 0.025 0.0828125