0 0.05390625 0.3265625 0.025 0.065625
0 0.0171875 0.24140625 0.0203125 0.0625
0 0.03828125 0.56796875 0.03125 0.078125
0 0.09140625 0.109375 0.0171875 0.0609375
0 0.10390625 0.4328125 0.021875 0.065625
0 0.15625 0.4890625 0.0203125 0.053125
0 0.14375 0.10625 0.028125 0.034375
0 0.1453125 0.24453125 0.01875 0.05625
0 0.203125 0.4703125 0.015625 0.0484375
0 0.10625 0.79453125 0.021875 0.04375
0 0.10546875 0.86796875 0.021875 0.05625
0 0.16171875 0.71484375 0.01875 0.05
0 0.16484375 0.61015625 0.0265625 0.0734375
0 0.296875 0.5484375 0.021875 0.08125
0 0.2640625 0.55078125 0.028125 0.046875
0 0.2953125 0.1703125 0.0203125 0.05625
0 0.3671875 0.08359375 0.025 0.05625
0 0.31640625 0.81328125 0.021875 0.04375
0 0.34609375 0.8859375 0.015625 0.05
0 0.334375 0.89609375 0.0203125 0.0515625
0 0.40703125 0.80625 0.025 0.0328125
0 0.396875 0.82578125 0.021875 0.04375
0 0.50625 0.2984375 0.021875 0.046875
0 0.49140625 0.34296875 0.025 0.0375
0 0.4921875 0.27421875 0.015625 0.065625
0 0.5484375 0.22421875 0.0328125 0.03125
0 0.56875 0.33359375 0.0234375 0.046875
0 0.515625 0.45234375 0.0171875 0.05625
0 0.6671875 0.14921875 0.028125 0.040625
0 0.6390625 0.33046875 0.025 0.053125
0 0.75 0.440625 0.021875 0.05625
0 0.7640625 0.59609375 0.0265625 0.05625
0 0.71796875 0.7640625 0.03125 0.05
0 0.63984375 0.8328125 0.028125 0.04375
0 0.56015625 0.7703125 0.025 0.0546875
0 0.8140625 0.11640625 0.01875 0.059375
0 0.8125 0.0203125 0.01875 0.040625
0 0.846875 0.4328125 0.03125 0.0625
0 0.86015625 0.1421875 0.0171875 0.075
0 0.84375 0.15234375 0.0140625 0.05625
0 0.940625 0.16484375 0.025 0.08125
0 0.91640625 0.53046875 0.021875 0.05625
0 0.83203125 0.734375 0.021875 0.075
0 0.4625 0.7625 0.03125 0.0453125
0 0.67265625 0.959375 0.03125 0.053125