0 0.9875 0.66953125 0.0140625 0.05625
0 0.9640625 0.6453125 0.028125 0.053125
0 0.990625 0.63984375 0.01875 0.05625
0 0.90625 0.75546875 0.015625 0.06875
0 0.92578125 0.60390625 0.025 0.0453125
0 0.90078125 0.43359375 0.0203125 0.05625
0 0.90078125 0.36171875 0.03125 0.075
0 0.89921875 0.11640625 0.025 0.0875
0 0.8296875 0.14140625 0.025 0.0625
0 0.89296875 0.94140625 0.021875 0.05
0 0.7078125 0.65078125 0.0375 0.040625
0 0.77578125 0.41953125 0.0203125 0.0578125
0 0.7671875 0.3859375 0.025 0.0640625
0 0.72578125 0.07421875 0.03125 0.05
0 0.80859375 0.06875 0.0265625 0.0625
0 0.64453125 0.2046875 0.028125 0.059375
0 0.6140625 0.11484375 0.021875 0.05
0 0.54609375 0.1484375 0.025 0.03125
0 0.5921875 0.35234375 0.028125 0.04375
0 0.6078125 0.403125 0.034375 0.040625
0 0.48203125 0.8171875 0.0390625 0.046875
0 0.42734375 0.30546875 0.009375 0.05
0 0.5328125 0.425 0.01875 0.071875
0 0.409375 0.61484375 0.021875 0.071875
0 0.3640625 0.671875 0.0375 0.0328125
0 0.3640625 0.903125 0.0296875 0.0546875
0 0.4046875 0.96875 0.0203125 0.0625
0 0.315625 0.703125 0.025 0.053125
0 0.30234375 0.2734375 0.03125 0.0921875
0 0.18515625 0.715625 0.025 0.04375
0 0.2296875 0.8015625 0.0171875 0.05625
0 0.20703125 0.72734375 0.01875 0.0625
0 0.1734375 0.78671875 0.028125 0.0359375
0 0.16015625 0.9328125 0.0265625 0.059375
0 0.05 0.8921875 0.028125 0.084375
0 0.0859375 0.58671875 0.0203125 0.078125
0 0.0625 0.95859375 0.025 0.05625
0 0.1375 0.675 0.028125 0.06875
0 0.2046875 0.27734375 0.0296875 0.059375