0 0.33046875 0.00703125 0.0625 0.0140625
0 0.18359375 0.00625 0.0453125 0.0125
0 0.059375 0.053125 0.05625 0.025
0 0.17109375 0.11015625 0.04375 0.021875
0 0.44921875 0.034375 0.071875 0.021875
0 0.51953125 0.11484375 0.065625 0.01875
0 0.64296875 0.16171875 0.06875 0.025
0 0.27734375 0.01328125 0.05 0.0265625
0 0.83515625 0.0171875 0.065625 0.0171875
0 0.66484375 0.19140625 0.0546875 0.0265625
0 0.70546875 0.23203125 0.0890625 0.025
0 0.92265625 0.2484375 0.0453125 0.015625
0 0.2203125 0.23046875 0.0625 0.025
0 0.03359375 0.22890625 0.0671875 0.0265625
0 0.25 0.3765625 0.0796875 0.040625
0 0.61328125 0.359375 0.059375 0.0296875
0 0.67421875 0.3421875 0.071875 0.03125
0 0.19140625 0.47890625 0.09375 0.021875
0 0.43359375 0.46171875 0.0359375 0.021875
0 0.44921875 0.60234375 0.078125 0.03125
0 0.61015625 0.54296875 0.0546875 0.0296875
0 0.8390625 0.6203125 0.05 0.015625
0 0.76328125 0.64609375 0.065625 0.028125
0 0.921875 0.63125 0.04375 0.03125
0 0.0546875 0.653125 0.05 0.03125
0 0.028125 0.69765625 0.0359375 0.025
0 0.05234375 0.715625 0.0578125 0.0265625
0 0.62421875 0.75234375 0.05625 0.0296875
0 0.271875 0.765625 0.053125 0.0265625
0 0.52578125 0.690625 0.0625 0.0203125
0 0.6484375 0.8625 0.065625 0.03125
0 0.784375 0.86171875 0.05625 0.028125
0 0.596875 0.95234375 0.071875 0.025
0 0.4671875 0.9171875 0.08125 0.028125
0 0.77578125 0.4875 0.046875 0.0125
0 0.70234375 0.615625 0.0515625 0.015625
0 0.63984375 0.83203125 0.0703125 0.01875
0 0.93125 0.93671875 0.05 0.0234375
0 0.403125 0.7375 0.034375 0.03125
0 0.53984375 0.7390625 0.075 0.0171875
0 0.57109375 0.890625 0.046875 0.025
0 0.73046875 0.03125 0.04375 0.0171875
0 0.37109375 0.25625 0.05 0.034375