0 0.04296875 0.4828125 0.028125 0.05625
0 0.06640625 0.3609375 0.028125 0.05625
0 0.04609375 0.09453125 0.0265625 0.065625
0 0.115625 0.0671875 0.01875 0.05
0 0.196875 0.01875 0.028125 0.0375
0 0.19921875 0.30390625 0.01875 0.0625
0 0.20234375 0.39453125 0.025 0.040625
0 0.184375 0.5375 0.025 0.06875
0 0.17109375 0.72734375 0.01875 0.0390625
0 0.171875 0.66328125 0.025 0.075
0 0.12734375 0.80546875 0.01875 0.0375
0 0.16875 0.89765625 0.025 0.0375
0 0.1140625 0.87421875 0.021875 0.046875
0 0.084375 0.6640625 0.01875 0.04375
0 0.37421875 0.7765625 0.0265625 0.0609375
0 0.34921875 0.725 0.01875 0.05625
0 0.31640625 0.24453125 0.025 0.046875
0 0.36328125 0.24296875 0.0296875 0.078125
0 0.41875 0.23125 0.0171875 0.0421875
0 0.396875 0.17109375 0.034375 0.0484375
0 0.53359375 0.56796875 0.0328125 0.084375
0 0.4765625 0.784375 0.025 0.0875
0 0.6296875 0.67421875 0.025 0.0625
0 0.68125 0.84375 0.028125 0.0640625
0 0.64296875 0.17421875 0.040625 0.08125
0 0.55078125 0.14765625 0.0234375 0.0546875
0 0.67734375 0.61328125 0.025 0.0765625
0 0.73359375 0.57890625 0.03125 0.065625
0 0.803125 0.7875 0.0359375 0.0890625
0 0.81171875 0.8984375 0.0265625 0.059375
0 0.91953125 0.52734375 0.01875 0.0671875
0 0.88203125 0.22421875 0.034375 0.059375
0 0.84921875 0.778125 0.028125 0.046875
0 0.78984375 0.51796875 0.0390625 0.025
0 0.6671875 0.1046875 0.025 0.06875
0 0.50703125 0.709375 0.021875 0.01875
0 0.5625 0.93671875 0.03125 0.084375
0 0.44453125 0.18125 0.046875 0.05625
0 0.15546875 0.14296875 0.0359375 0.05625
0 0.33515625 0.06015625 0.0375 0.065625