0 0.9640625 0.45546875 0.0296875 0.0625
0 0.875 0.8 0.028125 0.059375
0 0.90390625 0.7640625 0.0328125 0.05
0 0.88359375 0.94921875 0.0375 0.034375
0 0.91875 0.90703125 0.0375 0.05
0 0.76171875 0.65234375 0.03125 0.0625
0 0.81171875 0.53125 0.021875 0.0375
0 0.84609375 0.459375 0.034375 0.046875
0 0.72421875 0.446875 0.0296875 0.046875
0 0.68203125 0.3984375 0.025 0.065625
0 0.90078125 0.2328125 0.03125 0.034375
0 0.8625 0.05546875 0.028125 0.05
0 0.6796875 0.0546875 0.025 0.0609375
0 0.5484375 0.79375 0.034375 0.0703125
0 0.6375 0.75390625 0.0265625 0.059375
0 0.42890625 0.2984375 0.034375 0.053125
0 0.39296875 0.2671875 0.0328125 0.040625
0 0.48671875 0.9296875 0.03125 0.0875
0 0.50078125 0.75078125 0.028125 0.075
0 0.3109375 0.8875 0.0390625 0.0671875
0 0.25 0.60859375 0.040625 0.0734375
0 0.19375 0.7109375 0.0359375 0.053125
0 0.1859375 0.47890625 0.0515625 0.065625
0 0.12109375 0.40859375 0.040625 0.0796875
0 0.12109375 0.25703125 0.028125 0.0625
0 0.26328125 0.184375 0.028125 0.0953125
0 0.39140625 0.68828125 0.028125 0.08125
0 0.74921875 0.1234375 0.025 0.04375
0 0.79296875 0.8640625 0.028125 0.0859375
0 0.81875 0.83125 0.01875 0.115625