0 0.0671875 0.1375 0.05625 0.01875
0 0.11875 0.1125 0.0734375 0.0171875
0 0.03359375 0.1015625 0.0390625 0.0171875
0 0.21796875 0.01015625 0.0765625 0.0203125
0 0.58203125 0.01484375 0.08359375 0.0234375
0 0.61796875 0.09453125 0.07734375 0.02265625
0 0.75546875 0.09375 0.06171875 0.03125
0 0.82578125 0.11875 0.0671875 0.0234375
0 0.5625 0.128125 0.08203125 0.02109375
0 0.728125 0.14921875 0.0765625 0.01953125
0 0.5890625 0.1765625 0.06640625 0.02890625
0 0.3515625 0.16171875 0.0703125 0.02109375
0 0.31484375 0.23125 0.06015625 0.03203125
0 0.1859375 0.2421875 0.05625 0.02109375
0 0.21953125 0.3078125 0.06171875 0.0328125
0 0.04609375 0.1515625 0.06015625 0.021875
0 0.29140625 0.1296875 0.0671875 0.02109375
0 0.3390625 0.34765625 0.06015625 0.034375
0 0.1265625 0.5171875 0.06484375 0.02578125
0 0.27890625 0.5421875 0.0609375 0.02421875
0 0.5390625 0.50625 0.06328125 0.02734375
0 0.58671875 0.5765625 0.07578125 0.02578125
0 0.19609375 0.67734375 0.0390625 0.03828125
0 0.2546875 0.72421875 0.06875 0.028125
0 0.2359375 0.759375 0.06484375 0.0234375
0 0.43359375 0.7421875 0.0734375 0.02421875
0 0.53125 0.75546875 0.05390625 0.03125
0 0.8125 0.65390625 0.034375 0.0265625
0 0.9 0.6625 0.0578125 0.015625
0 0.909375 0.634375 0.06875 0.01640625
0 0.49375 0.6046875 0.06640625 0.021875
0 0.38125 0.67734375 0.0515625 0.025
0 0.07265625 0.8609375 0.090625 0.01875
0 0.078125 0.84140625 0.075 0.02421875
0 0.32890625 0.84921875 0.06640625 0.0203125
0 0.25625 0.88515625 0.06796875 0.01953125
0 0.29609375 0.8828125 0.0515625 0.02578125
0 0.07265625 0.95625 0.0765625 0.01875
0 0.02265625 0.95703125 0.0453125 0.0390625
0 0.2328125 0.971875 0.0625 0.028125
0 0.634375 0.87265625 0.109375 0.01484375