0 0.065625 0.06875 0.08046875 0.02578125
0 0.303125 0.01171875 0.08359375 0.0234375
0 0.36015625 0.0578125 0.09765625 0.03046875
0 0.665625 0.053125 0.065625 0.0265625
0 0.859375 0.0171875 0.08359375 0.02578125
0 0.79296875 0.06953125 0.09296875 0.02890625
0 0.76015625 0.13828125 0.08046875 0.02890625
0 0.9140625 0.1296875 0.06875 0.025
0 0.48046875 0.190625 0.09609375 0.02890625
0 0.50703125 0.1640625 0.09609375 0.0234375
0 0.39375 0.1484375 0.0640625 0.02265625
0 0.4765625 0.13203125 0.09140625 0.0296875
0 0.11328125 0.121875 0.09921875 0.02578125
0 0.0203125 0.16953125 0.040625 0.03125
0 0.24453125 0.1421875 0.0734375 0.0234375
0 0.6265625 0.1921875 0.06875 0.0234375
0 0.74609375 0.1796875 0.078125 0.0234375
0 0.9671875 0.26328125 0.05625 0.0328125
0 0.24375 0.25859375 0.040625 0.02734375
0 0.33828125 0.290625 0.0609375 0.0296875
0 0.51953125 0.23125 0.071875 0.03671875
0 0.05859375 0.30859375 0.0765625 0.0359375
0 0.22421875 0.30703125 0.046875 0.034375
0 0.08203125 0.478125 0.05 0.03984375
0 0.33203125 0.42421875 0.0453125 0.0375
0 0.64609375 0.3703125 0.09453125 0.0203125
0 0.90390625 0.39296875 0.0421875 0.03671875
0 0.68203125 0.3453125 0.0640625 0.02890625
0 0.93046875 0.21640625 0.0640625 0.0296875
0 0.36953125 0.66640625 0.0484375 0.040625
0 0.4 0.59140625 0.0765625 0.028125
0 0.04375 0.60390625 0.08671875 0.03203125
0 0.709375 0.5734375 0.07890625 0.01796875
0 0.5765625 0.76875 0.065625 0.034375
0 0.78828125 0.828125 0.071875 0.04140625
0 0.58359375 0.85625 0.0765625 0.04375
0 0.24609375 0.784375 0.0765625 0.021875
0 0.240625 0.8359375 0.04375 0.03828125
0 0.21875 0.88203125 0.07890625 0.03125
0 0.32421875 0.8640625 0.0671875 0.02734375
0 0.9078125 0.91328125 0.09296875 0.0328125
0 0.68359375 0.94140625 0.0703125 0.02734375
0 0.04296875 0.9421875 0.08515625 0.03203125
0 0.95859375 0.93984375 0.0828125 0.0265625