0 0.915625 0.12890625 0.01875 0.05
0 0.93046875 0.3015625 0.0171875 0.05
0 0.86328125 0.03828125 0.0234375 0.059375
0 0.815625 0.19765625 0.021875 0.040625
0 0.79921875 0.34453125 0.025 0.0390625
0 0.82890625 0.35 0.01875 0.0671875
0 0.85546875 0.4640625 0.01875 0.0578125
0 0.86796875 0.75625 0.01875 0.0515625
0 0.8796875 0.775 0.01875 0.05
0 0.83359375 0.684375 0.0140625 0.05625
0 0.7453125 0.503125 0.03125 0.053125
0 0.75234375 0.53203125 0.034375 0.040625
0 0.7828125 0.4859375 0.03125 0.04375
0 0.76953125 0.41484375 0.01875 0.0359375
0 0.86640625 0.18046875 0.015625 0.059375
0 0.88046875 0.6203125 0.021875 0.0421875
0 0.85703125 0.89375 0.015625 0.0421875
0 0.74453125 0.921875 0.021875 0.028125
0 0.8390625 0.84140625 0.025 0.0375
0 0.83046875 0.7375 0.021875 0.05
0 0.61953125 0.7625 0.021875 0.040625
0 0.615625 0.55546875 0.025 0.0375
0 0.5203125 0.375 0.01875 0.046875
0 0.490625 0.27109375 0.01875 0.04375
0 0.50625 0.27578125 0.015625 0.04375
0 0.4359375 0.32734375 0.021875 0.0375
0 0.44765625 0.3515625 0.015625 0.040625
0 0.43125 0.48203125 0.0203125 0.0453125
0 0.43828125 0.81796875 0.01875 0.0359375
0 0.45546875 0.821875 0.0171875 0.0328125
0 0.57421875 0.571875 0.01875 0.034375
0 0.5828125 0.7109375 0.01875 0.0375
0 0.61875 0.82578125 0.01875 0.028125
0 0.62734375 0.9125 0.0171875 0.0359375
0 0.3390625 0.8578125 0.046875 0.0140625
0 0.33515625 0.9 0.034375 0.0421875
0 0.35234375 0.8546875 0.028125 0.04375
0 0.36796875 0.45 0.01875 0.0453125
0 0.40234375 0.4125 0.028125 0.05625
0 0.3515625 0.2015625 0.0203125 0.046875
0 0.31171875 0.2640625 0.021875 0.0453125
0 0.54140625 0.071875 0.021875 0.046875
0 0.25625 0.46640625 0.025 0.053125
0 0.20546875 0.3484375 0.021875 0.05
0 0.18515625 0.61875 0.01875 0.04375
0 0.0796875 0.409375 0.021875 0.0546875
0 0.05546875 0.31171875 0.025 0.028125
0 0.0921875 0.171875 0.015625 0.05
0 0.1125 0.70859375 0.025 0.075
0 0.18828125 0.71328125 0.0203125 0.04375
0 0.35703125 0.97734375 0.01875 0.0453125