0 0.56640625 0.07421875 0.08125 0.025
0 0.871875 0.05390625 0.08125 0.03125
0 0.9546875 0.128125 0.040625 0.021875
0 0.87578125 0.115625 0.0328125 0.028125
0 0.3453125 0.1890625 0.05 0.028125
0 0.321875 0.2296875 0.1 0.0203125
0 0.515625 0.22890625 0.065625 0.021875
0 0.503125 0.30546875 0.071875 0.021875
0 0.490625 0.2765625 0.071875 0.0296875
0 0.234375 0.0765625 0.0203125 0.025
0 0.43515625 0.0609375 0.0484375 0.025
0 0.3640625 0.11875 0.053125 0.028125
0 0.4609375 0.39765625 0.053125 0.025
0 0.634375 0.54609375 0.065625 0.021875
0 0.73515625 0.5015625 0.0515625 0.021875
0 0.86640625 0.42421875 0.0875 0.025
0 0.9265625 0.53671875 0.04375 0.028125
0 0.3125 0.57109375 0.0484375 0.03125
0 0.13125 0.5421875 0.05 0.028125
0 0.04921875 0.3328125 0.05 0.021875
0 0.45859375 0.665625 0.053125 0.05
0 0.6828125 0.784375 0.0625 0.0328125
0 0.81875 0.83203125 0.08125 0.0234375
0 0.78046875 0.8203125 0.046875 0.03125
0 0.4953125 0.8109375 0.053125 0.028125
0 0.88671875 0.790625 0.040625 0.034375
0 0.359375 0.8890625 0.06875 0.040625