0 0.94765625 0.31015625 0.021875 0.0625
0 0.94375 0.37421875 0.015625 0.028125
0 0.975 0.43203125 0.01875 0.0609375
0 0.8734375 0.7796875 0.021875 0.0828125
0 0.7765625 0.41796875 0.028125 0.065625
0 0.71171875 0.49453125 0.021875 0.06875
0 0.7234375 0.5125 0.021875 0.046875
0 0.76796875 0.54921875 0.03125 0.046875
0 0.79765625 0.2421875 0.0265625 0.090625
0 0.896875 0.2859375 0.0265625 0.0625
0 0.87421875 0.0703125 0.01875 0.0765625
0 0.7640625 0.03359375 0.028125 0.05
0 0.7734375 0.1046875 0.0265625 0.046875
0 0.66875 0.95390625 0.0265625 0.0625
0 0.665625 0.79140625 0.025 0.05
0 0.603125 0.47578125 0.025 0.0671875
0 0.596875 0.41484375 0.028125 0.059375
0 0.48671875 0.62265625 0.034375 0.05625
0 0.3765625 0.47109375 0.028125 0.03125
0 0.39453125 0.51015625 0.0234375 0.0390625
0 0.38671875 0.8625 0.021875 0.05
0 0.40390625 0.728125 0.025 0.05625
0 0.37890625 0.6359375 0.021875 0.034375
0 0.3453125 0.6234375 0.028125 0.05
0 0.315625 0.46171875 0.0203125 0.040625
0 0.234375 0.0671875 0.0203125 0.05625
0 0.2546875 0.05625 0.0140625 0.040625
0 0.38203125 0.0671875 0.025 0.0421875
0 0.1328125 0.27109375 0.025 0.028125
0 0.14296875 0.14140625 0.03125 0.05
0 0.16171875 0.09296875 0.021875 0.028125
0 0.1578125 0.0296875 0.015625 0.0375
0 0.15625 0.63359375 0.01875 0.0375
0 0.2578125 0.93359375 0.021875 0.0578125