0 0.921875 0.10703125 0.021875 0.06875
0 0.93671875 0.25234375 0.025 0.084375
0 0.87109375 0.246875 0.0328125 0.09375
0 0.8984375 0.30078125 0.028125 0.0578125
0 0.84609375 0.115625 0.0265625 0.0703125
0 0.803125 0.06328125 0.040625 0.078125
0 0.77578125 0.6546875 0.0265625 0.090625
0 0.75625 0.55703125 0.01875 0.10625
0 0.6859375 0.4796875 0.0265625 0.08125
0 0.69296875 0.9203125 0.025 0.0734375
0 0.68828125 0.69921875 0.0296875 0.075
0 0.5078125 0.22734375 0.028125 0.1
0 0.52109375 0.47109375 0.034375 0.0828125
0 0.478125 0.54140625 0.0265625 0.084375
0 0.5140625 0.6921875 0.0265625 0.0765625
0 0.52578125 0.840625 0.0328125 0.0875
0 0.484375 0.71796875 0.0234375 0.065625
0 0.38671875 0.67265625 0.0421875 0.05
0 0.3171875 0.89375 0.03125 0.059375
0 0.35 0.85078125 0.028125 0.0625
0 0.42265625 0.86875 0.028125 0.05625
0 0.3609375 0.44765625 0.0375 0.0640625
0 0.3375 0.2765625 0.025 0.065625
0 0.40078125 0.175 0.0328125 0.05
0 0.29453125 0.0296875 0.0265625 0.05
0 0.26953125 0.2359375 0.025 0.0359375
0 0.27109375 0.18671875 0.021875 0.0625
0 0.24140625 0.1453125 0.01875 0.078125
0 0.1890625 0.0546875 0.03125 0.0828125
0 0.209375 0.25390625 0.025 0.09375
0 0.2765625 0.49765625 0.025 0.053125
0 0.12578125 0.2453125 0.03125 0.0734375
0 0.1453125 0.37421875 0.021875 0.04375
0 0.1375 0.47265625 0.0234375 0.06875
0 0.1578125 0.78671875 0.034375 0.040625
0 0.1078125 0.74375 0.0234375 0.075
0 0.0859375 0.76796875 0.0171875 0.06875
0 0.06875 0.60625 0.01875 0.0546875
0 0.13359375 0.5875 0.0296875 0.06875
0 0.1921875 0.78125 0.028125 0.053125