2 0.603125 0.8265625 0.0796875 0.03046875
2 0.6 0.79375 0.0828125 0.034375
2 0.821875 0.8328125 0.08828125 0.03125
2 0.928125 0.67109375 0.05078125 0.025
2 0.26796875 0.8234375 0.0421875 0.025
2 0.1921875 0.6390625 0.046875 0.03671875
2 0.17578125 0.71328125 0.04765625 0.03828125
2 0.15625 0.778125 0.046875 0.028125
2 0.58125 0.684375 0.0734375 0.03125
2 0.7234375 0.534375 0.0640625 0.034375
2 0.653125 0.5515625 0.0265625 0.02734375
2 0.38125 0.546875 0.05546875 0.02890625
2 0.3046875 0.521875 0.03671875 0.021875
2 0.45234375 0.490625 0.0625 0.0296875
2 0.36484375 0.45703125 0.06171875 0.021875
2 0.46484375 0.45859375 0.08359375 0.0265625
2 0.13671875 0.5296875 0.0828125 0.04609375
2 0.13515625 0.40390625 0.05390625 0.021875
2 0.2703125 0.17734375 0.0625 0.03203125
2 0.56171875 0.3171875 0.0734375 0.0203125
2 0.80703125 0.2625 0.05546875 0.0171875
2 0.52421875 0.16953125 0.06875 0.0375
2 0.55625 0.165625 0.04453125 0.01796875
2 0.7453125 0.15859375 0.05859375 0.015625
2 0.7421875 0.10546875 0.0421875 0.02265625
2 0.54453125 0.0984375 0.07578125 0.0140625
2 0.28515625 0.14609375 0.0796875 0.01484375
2 0.10234375 0.10625 0.05546875 0.0296875
2 0.1375 0.10234375 0.06171875 0.028125