0 0.73984375 0.025 0.10546875 0.02578125
0 0.1703125 0.04765625 0.0625 0.02890625
0 0.246875 0.01640625 0.09921875 0.01953125
0 0.175 0.065625 0.07421875 0.028125
0 0.36875 0.121875 0.0671875 0.0234375
0 0.69296875 0.1375 0.07109375 0.03515625
0 0.62890625 0.18671875 0.0796875 0.02578125
0 0.36953125 0.1640625 0.0671875 0.03046875
0 0.57734375 0.153125 0.0546875 0.034375
0 0.409375 0.22734375 0.05390625 0.03671875
0 0.59453125 0.2125 0.08203125 0.0328125
0 0.92734375 0.3109375 0.08046875 0.0375
0 0.4984375 0.39375 0.06171875 0.02734375
0 0.63046875 0.259375 0.0703125 0.0328125
0 0.025 0.26484375 0.04921875 0.03671875
0 0.3734375 0.35234375 0.1 0.0328125
0 0.88984375 0.41875 0.08046875 0.02890625
0 0.94921875 0.43828125 0.05390625 0.03828125
0 0.646875 0.4921875 0.07421875 0.03203125
0 0.42109375 0.59453125 0.10234375 0.03671875
0 0.03515625 0.690625 0.0703125 0.0453125
0 0.58125 0.68828125 0.05859375 0.02890625
0 0.73125 0.6484375 0.08671875 0.03359375
0 0.703125 0.70234375 0.04765625 0.0296875
0 0.55546875 0.76796875 0.04765625 0.03515625
0 0.30546875 0.6703125 0.0515625 0.040625
0 0.165625 0.825 0.06875 0.0234375
0 0.18828125 0.79140625 0.05 0.02421875
0 0.38203125 0.8265625 0.06484375 0.040625
0 0.22578125 0.82734375 0.07734375 0.02734375
0 0.1875 0.6484375 0.071875 0.03515625
0 0.45625 0.85859375 0.08125 0.0171875
0 0.27109375 0.7703125 0.07578125 0.0390625
0 0.78046875 0.83125 0.090625 0.0453125
0 0.5921875 0.88671875 0.0625 0.0375
0 0.81328125 0.8859375 0.06171875 0.03828125
0 0.81171875 0.8171875 0.0546875 0.03671875
0 0.0453125 0.81171875 0.08671875 0.0328125
0 0.66171875 0.42421875 0.04453125 0.021875
0 0.23203125 0.6109375 0.06015625 0.02890625
0 0.1265625 0.90234375 0.06171875 0.0234375
0 0.22109375 0.9578125 0.06796875 0.02109375
0 0.3515625 0.89609375 0.05703125 0.0296875
0 0.34375 0.59609375 0.1 0.05078125
0 0.5875 0.825 0.04921875 0.02109375
0 0.9078125 0.9203125 0.05859375 0.0296875
0 0.93671875 0.85625 0.0546875 0.03125
0 0.809375 0.784375 0.0609375 0.01875
0 0.73203125 0.9390625 0.04765625 0.028125
0 0.765625 0.91328125 0.04453125 0.0265625