0 0.90546875 0.02578125 0.040625 0.03125
0 0.73359375 0.06953125 0.0609375 0.0125
0 0.80234375 0.09765625 0.078125 0.021875
0 0.2984375 0.040625 0.0734375 0.0171875
0 0.24375 0.0078125 0.0703125 0.015625
0 0.80390625 0.13515625 0.065625 0.01875
0 0.91875 0.1515625 0.0515625 0.021875
0 0.38515625 0.15390625 0.0609375 0.021875
0 0.17578125 0.11953125 0.065625 0.025
0 0.68984375 0.22890625 0.0640625 0.025
0 0.8515625 0.25078125 0.05 0.03125
0 0.4265625 0.23359375 0.065625 0.021875
0 0.246875 0.2203125 0.075 0.01875
0 0.66328125 0.35703125 0.0734375 0.01875
0 0.43828125 0.3703125 0.040625 0.028125
0 0.384375 0.4578125 0.0375 0.0296875
0 0.2375 0.3859375 0.065625 0.0203125
0 0.97421875 0.50390625 0.0515625 0.025
0 0.97890625 0.54140625 0.0421875 0.0265625
0 0.4203125 0.60546875 0.0578125 0.0296875
0 0.40625 0.58359375 0.0578125 0.025
0 0.18125 0.69765625 0.059375 0.028125
0 0.50234375 0.72421875 0.0515625 0.025
0 0.65 0.69921875 0.05 0.01875
0 0.76484375 0.678125 0.0640625 0.015625
0 0.69296875 0.63515625 0.075 0.01875
0 0.853125 0.61171875 0.05 0.01875
0 0.16953125 0.51796875 0.053125 0.0203125
0 0.140625 0.46171875 0.0640625 0.015625
0 0.3375 0.765625 0.04375 0.01875
0 0.1546875 0.74921875 0.03125 0.034375
0 0.9421875 0.7640625 0.06875 0.025
0 0.76328125 0.80625 0.071875 0.025
0 0.49921875 0.8 0.0484375 0.0328125
0 0.2703125 0.8515625 0.0640625 0.015625
0 0.2796875 0.825 0.078125 0.0171875
0 0.865625 0.96640625 0.071875 0.028125
0 0.55859375 0.909375 0.071875 0.028125
0 0.21953125 0.87578125 0.065625 0.021875
0 0.54609375 0.17421875 0.0640625 0.0203125
0 0.7171875 0.9578125 0.0375 0.03125
0 0.61015625 0.740625 0.0703125 0.0171875
0 0.434375 0.853125 0.065625 0.025