0 0.53671875 0.06640625 0.046875 0.025
0 0.37265625 0.065625 0.059375 0.0265625
0 0.23828125 0.10625 0.065625 0.021875
0 0.12890625 0.11640625 0.0828125 0.0265625
0 0.128125 0.15078125 0.0796875 0.0375
0 0.33125 0.19921875 0.0578125 0.03125
0 0.14765625 0.23671875 0.065625 0.03125
0 0.603125 0.14921875 0.0578125 0.0234375
0 0.634375 0.17734375 0.04375 0.028125
0 0.76171875 0.165625 0.05625 0.025
0 0.83359375 0.1765625 0.0703125 0.025
0 0.934375 0.13359375 0.046875 0.0265625
0 0.8765625 0.065625 0.0484375 0.0234375
0 0.68984375 0.1375 0.046875 0.0234375
0 0.78125 0.13984375 0.04375 0.021875
0 0.53203125 0.29375 0.05625 0.034375
0 0.975 0.24296875 0.05 0.01875
0 0.5265625 0.3828125 0.06875 0.0140625
0 0.61015625 0.434375 0.071875 0.021875
0 0.690625 0.5625 0.071875 0.0359375
0 0.83046875 0.57734375 0.034375 0.040625
0 0.23359375 0.59296875 0.05 0.01875
0 0.11171875 0.6171875 0.053125 0.0203125
0 0.2640625 0.68515625 0.040625 0.0265625
0 0.784375 0.7625 0.0546875 0.0234375
0 0.728125 0.83359375 0.046875 0.021875
0 0.78984375 0.8625 0.046875 0.0125
0 0.73515625 0.915625 0.059375 0.028125
0 0.54296875 0.84375 0.071875 0.021875
0 0.53515625 0.815625 0.05625 0.01875