0 0.1078125 0.06328125 0.015625 0.028125
0 0.0625 0.2828125 0.028125 0.0625
0 0.05 0.47734375 0.03125 0.0515625
0 0.1 0.34296875 0.021875 0.065625
0 0.1328125 0.18046875 0.0296875 0.071875
0 0.20546875 0.24296875 0.03125 0.065625
0 0.1890625 0.6203125 0.0359375 0.065625
0 0.15234375 0.59765625 0.0359375 0.075
0 0.190625 0.8046875 0.025 0.040625
0 0.14765625 0.9453125 0.03125 0.05625
0 0.1140625 0.9671875 0.0375 0.0625
0 0.2546875 0.48828125 0.028125 0.0546875
0 0.29375 0.53359375 0.0328125 0.065625
0 0.375 0.58828125 0.021875 0.0625
0 0.43671875 0.565625 0.034375 0.0671875
0 0.53828125 0.6828125 0.028125 0.05625
0 0.56640625 0.82421875 0.0296875 0.059375
0 0.54765625 0.9078125 0.034375 0.0515625
0 0.52421875 0.22890625 0.0296875 0.0703125
0 0.65 0.615625 0.025 0.08125
0 0.67890625 0.08203125 0.028125 0.065625
0 0.775 0.709375 0.0296875 0.0515625
0 0.69375 0.959375 0.034375 0.06875
0 0.834375 0.7515625 0.028125 0.0578125
0 0.86875 0.928125 0.034375 0.059375