2 0.04921875 0.18671875 0.0203125 0.0796875
2 0.10625 0.4890625 0.021875 0.059375
2 0.1109375 0.74375 0.0171875 0.0875
2 0.09609375 0.746875 0.015625 0.059375
2 0.1546875 0.43515625 0.0265625 0.0546875
2 0.17578125 0.15859375 0.028125 0.040625
2 0.09140625 0.16640625 0.021875 0.059375
2 0.23828125 0.0671875 0.01875 0.05625
2 0.38203125 0.06796875 0.034375 0.046875
2 0.340625 0.2234375 0.0453125 0.0484375
2 0.41875 0.3859375 0.0375 0.046875
2 0.49765625 0.15859375 0.025 0.034375
2 0.6125 0.4671875 0.040625 0.0375
2 0.59140625 0.3890625 0.0265625 0.03125
2 0.58828125 0.09140625 0.0296875 0.0453125
2 0.71640625 0.1453125 0.03125 0.046875
2 0.77578125 0.14296875 0.021875 0.04375
2 0.84765625 0.27890625 0.021875 0.065625
2 0.8296875 0.4078125 0.025 0.05625
2 0.8015625 0.46484375 0.021875 0.071875
2 0.8359375 0.728125 0.021875 0.059375
2 0.7578125 0.38359375 0.025 0.0734375
2 0.70703125 0.271875 0.025 0.0453125
2 0.77578125 0.203125 0.03125 0.04375
2 0.4640625 0.5328125 0.021875 0.0484375
2 0.15 0.9234375 0.021875 0.0484375
2 0.0484375 0.9375 0.021875 0.078125
2 0.10625 0.22890625 0.028125 0.046875
2 0.0875 0.26484375 0.025 0.059375