0 0.13515625 0.021875 0.09375 0.0234375
0 0.95 0.015625 0.1 0.028125
0 0.7046875 0.1046875 0.06875 0.021875
0 0.4375 0.24375 0.1 0.0234375
0 0.2984375 0.09609375 0.084375 0.0265625
0 0.28203125 0.1328125 0.0625 0.0265625
0 0.80234375 0.11328125 0.06875 0.01875
0 0.6625 0.13828125 0.0390625 0.0265625
0 0.41640625 0.290625 0.0375 0.028125
0 0.63203125 0.1203125 0.053125 0.0375
0 0.22890625 0.04453125 0.06875 0.015625
0 0.77109375 0.140625 0.053125 0.01875
0 0.0609375 0.19375 0.075 0.03125
0 0.434375 0.21640625 0.06875 0.03125
0 0.50234375 0.1046875 0.0640625 0.0375
0 0.0671875 0.28125 0.05625 0.034375
0 0.64921875 0.3484375 0.05625 0.034375
0 0.703125 0.5453125 0.059375 0.03125
0 0.159375 0.36953125 0.0734375 0.028125
0 0.50859375 0.71796875 0.0765625 0.0296875
0 0.1953125 0.64296875 0.0625 0.028125
0 0.36171875 0.68984375 0.05625 0.025
0 0.31875 0.46171875 0.075 0.03125
0 0.603125 0.5828125 0.04375 0.025
0 0.8515625 0.61484375 0.0609375 0.021875
0 0.58828125 0.5625 0.0359375 0.021875
0 0.97890625 0.61875 0.0421875 0.021875
0 0.75078125 0.71171875 0.0671875 0.03125
0 0.68359375 0.80859375 0.046875 0.01875
0 0.9546875 0.7984375 0.084375 0.028125
0 0.81015625 0.859375 0.053125 0.025
0 0.75234375 0.83203125 0.0546875 0.015625
0 0.728125 0.765625 0.0421875 0.021875
0 0.63671875 0.82109375 0.040625 0.025
0 0.4328125 0.8109375 0.040625 0.021875
0 0.46015625 0.75625 0.0375 0.015625
0 0.6109375 0.828125 0.040625 0.01875
0 0.30859375 0.86953125 0.046875 0.0203125
0 0.6421875 0.9703125 0.034375 0.021875
0 0.7640625 0.90390625 0.0453125 0.0203125
0 0.85546875 0.80390625 0.04375 0.0125
0 0.6828125 0.8828125 0.046875 0.025
0 0.1671875 0.825 0.059375 0.0234375
0 0.42421875 0.89921875 0.034375 0.021875
0 0.25546875 0.90859375 0.0578125 0.0328125
0 0.1875 0.79140625 0.053125 0.028125
0 0.2875 0.8421875 0.0765625 0.03125
0 0.3453125 0.815625 0.0515625 0.025
0 0.8171875 0.7 0.05 0.0328125
0 0.0328125 0.840625 0.0375 0.0296875
0 0.56953125 0.63671875 0.059375 0.0296875
0 0.065625 0.546875 0.0859375 0.0359375
0 0.584375 0.22890625 0.0484375 0.021875
0 0.47265625 0.25546875 0.046875 0.028125
0 0.12578125 0.325 0.053125 0.025
0 0.77109375 0.1984375 0.0703125 0.034375
0 0.86640625 0.94296875 0.0625 0.0203125
0 0.0421875 0.484375 0.06875 0.021875
0 0.5125 0.49765625 0.0875 0.03125