2 0.33671875 0.05859375 0.0796875 0.04453125
2 0.4453125 0.09140625 0.0703125 0.03984375
2 0.40703125 0.14765625 0.13671875 0.0265625
2 0.69609375 0.18984375 0.1359375 0.04296875
2 0.57109375 0.18984375 0.06875 0.03203125
2 0.4953125 0.2125 0.05703125 0.0234375
2 0.775 0.25078125 0.08203125 0.03828125
2 0.70546875 0.08671875 0.06484375 0.03515625
2 0.96640625 0.09453125 0.0671875 0.04296875
2 0.09921875 0.065625 0.09296875 0.04453125
2 0.11171875 0.1109375 0.0609375 0.02265625
2 0.04765625 0.21171875 0.0296875 0.03671875
2 0.10390625 0.26875 0.0453125 0.04609375
2 0.2203125 0.38984375 0.0578125 0.04296875
2 0.29296875 0.40859375 0.08046875 0.02890625
2 0.43984375 0.36015625 0.0546875 0.03203125
2 0.50390625 0.390625 0.05 0.03359375
2 0.03359375 0.159375 0.04296875 0.040625
2 0.0453125 0.41484375 0.034375 0.03828125
2 0.1421875 0.42890625 0.0515625 0.0375
2 0.10234375 0.471875 0.05546875 0.03359375
2 0.15234375 0.51875 0.040625 0.05078125
2 0.35703125 0.784375 0.0609375 0.0359375
2 0.409375 0.8296875 0.0546875 0.02578125
2 0.77265625 0.80625 0.0453125 0.02578125
2 0.1125 0.7234375 0.0859375 0.02109375
2 0.08125 0.6375 0.059375 0.028125