0 0.94453125 0.825 0.021875 0.03125
0 0.9484375 0.8890625 0.028125 0.0484375
0 0.7703125 0.5234375 0.025 0.0421875
0 0.86640625 0.06796875 0.0296875 0.05625
0 0.65546875 0.390625 0.0421875 0.04375
0 0.66640625 0.71796875 0.0390625 0.065625
0 0.68671875 0.93125 0.025 0.04375
0 0.78203125 0.77734375 0.034375 0.053125
0 0.85 0.76640625 0.0234375 0.0640625
0 0.5765625 0.0671875 0.028125 0.04375
0 0.51171875 0.15625 0.01875 0.040625
0 0.421875 0.0359375 0.021875 0.040625
0 0.4625 0.16875 0.025 0.0625
0 0.42890625 0.72265625 0.028125 0.0484375
0 0.28828125 0.94140625 0.028125 0.05625
0 0.1234375 0.35859375 0.0234375 0.04375
0 0.09375 0.440625 0.025 0.05625
0 0.08828125 0.5734375 0.01875 0.053125
0 0.0484375 0.20859375 0.021875 0.0328125
0 0.1734375 0.1203125 0.021875 0.071875
0 0.2421875 0.1671875 0.040625 0.0375
0 0.30390625 0.21953125 0.025 0.06875
0 0.2328125 0.315625 0.0171875 0.053125
0 0.2265625 0.5046875 0.028125 0.0671875
0 0.25859375 0.38671875 0.028125 0.0625
0 0.45234375 0.35859375 0.034375 0.053125
0 0.496875 0.271875 0.028125 0.05
0 0.3921875 0.590625 0.0375 0.0609375
0 0.49453125 0.77265625 0.04375 0.0640625
0 0.8875 0.39140625 0.03125 0.0796875
0 0.18125 0.23359375 0.0125 0.05625
0 0.19921875 0.38671875 0.025 0.046875
0 0.1625 0.63359375 0.015625 0.065625