0 0.62734375 0.02421875 0.0859375 0.03828125
0 0.7796875 0.06796875 0.1125 0.0453125
0 0.64140625 0.096875 0.10078125 0.04765625
0 0.7015625 0.12734375 0.078125 0.02578125
0 0.53125 0.11015625 0.0546875 0.021875
0 0.21640625 0.05859375 0.0765625 0.0234375
0 0.17421875 0.0765625 0.084375 0.025
0 0.28671875 0.128125 0.05078125 0.03046875
0 0.1125 0.09765625 0.0890625 0.025
0 0.403125 0.21328125 0.075 0.03203125
0 0.86015625 0.2640625 0.05703125 0.0265625
0 0.4875 0.34140625 0.0421875 0.03359375
0 0.38515625 0.34453125 0.04375 0.021875
0 0.240625 0.26796875 0.0734375 0.03984375
0 0.04609375 0.33046875 0.06015625 0.0265625
0 0.015625 0.34609375 0.03125 0.0234375
0 0.29375 0.3265625 0.03828125 0.02890625
0 0.596875 0.409375 0.053125 0.02734375
0 0.05546875 0.409375 0.0484375 0.02578125
0 0.66015625 0.49609375 0.06875 0.02578125
0 0.9171875 0.5265625 0.08359375 0.025
0 0.359375 0.5640625 0.059375 0.02890625
0 0.02890625 0.54765625 0.05390625 0.02734375
0 0.340625 0.628125 0.06484375 0.02109375
0 0.21796875 0.68203125 0.0546875 0.03046875
0 0.2921875 0.6625 0.05234375 0.025
0 0.328125 0.66875 0.0625 0.02265625
0 0.640625 0.665625 0.05859375 0.0296875
0 0.6234375 0.5296875 0.05859375 0.025
0 0.753125 0.66953125 0.03671875 0.01484375
0 0.74375 0.7734375 0.0734375 0.02890625
0 0.31015625 0.75703125 0.071875 0.02265625
0 0.0765625 0.78828125 0.05078125 0.021875
0 0.23515625 0.83828125 0.05546875 0.0328125
0 0.1453125 0.8375 0.04765625 0.025
0 0.06875 0.83125 0.06953125 0.02734375
0 0.52890625 0.8953125 0.05703125 0.02421875
0 0.0703125 0.878125 0.05234375 0.015625
0 0.57109375 0.859375 0.0734375 0.0265625
0 0.48359375 0.81484375 0.075 0.03046875
0 0.72734375 0.90390625 0.04765625 0.028125
0 0.55546875 0.89140625 0.06640625 0.01875
0 0.328125 0.96796875 0.090625 0.02421875
0 0.4171875 0.94296875 0.05625 0.02421875
0 0.3234375 0.8546875 0.05 0.0171875
0 0.3734375 0.84609375 0.07578125 0.03359375