0 0.090625 0.109375 0.0765625 0.01640625
0 0.38984375 0.084375 0.06015625 0.01640625
0 0.34296875 0.15625 0.0765625 0.015625
0 0.48828125 0.1234375 0.06328125 0.0171875
0 0.7828125 0.0328125 0.06796875 0.01875
0 0.9046875 0.103125 0.0671875 0.0234375
0 0.63515625 0.1296875 0.05859375 0.0203125
0 0.525 0.15546875 0.06640625 0.025
0 0.446875 0.184375 0.06015625 0.01640625
0 0.57109375 0.24765625 0.03984375 0.02734375
0 0.2375 0.234375 0.05703125 0.0140625
0 0.23125 0.19453125 0.0453125 0.025
0 0.634375 0.3234375 0.06328125 0.01640625
0 0.34375 0.38984375 0.05390625 0.0265625
0 0.2796875 0.4515625 0.04375 0.02265625
0 0.54765625 0.45703125 0.04296875 0.02734375
0 0.95859375 0.30625 0.0609375 0.01640625
0 0.77890625 0.51875 0.065625 0.02265625
0 0.69140625 0.5765625 0.04921875 0.01640625
0 0.40625 0.57421875 0.0359375 0.01953125
0 0.3203125 0.5625 0.04609375 0.0171875
0 0.36171875 0.5484375 0.06328125 0.0203125
0 0.265625 0.50390625 0.05390625 0.01796875
0 0.40546875 0.7640625 0.05 0.0203125
0 0.03125 0.753125 0.0625 0.01953125
0 0.1078125 0.796875 0.05625 0.0203125
0 0.3953125 0.81953125 0.06953125 0.02421875
0 0.48515625 0.834375 0.05703125 0.01953125
0 0.490625 0.76015625 0.0546875 0.034375
0 0.7453125 0.7484375 0.034375 0.02578125
0 0.73515625 0.7796875 0.04296875 0.02734375
0 0.846875 0.85390625 0.05234375 0.01875
0 0.4 0.8921875 0.0765625 0.028125
0 0.978125 0.4109375 0.0421875 0.02578125
0 0.828125 0.1953125 0.040625 0.015625
0 0.7859375 0.18359375 0.05 0.01484375
0 0.04296875 0.659375 0.05234375 0.01875
0 0.1421875 0.96015625 0.0625 0.028125
0 0.828125 0.81953125 0.046875 0.02109375
0 0.8203125 0.76328125 0.04765625 0.025
0 0.9484375 0.653125 0.0640625 0.025
0 0.65625 0.59140625 0.06015625 0.02421875
0 0.3296875 0.78359375 0.05390625 0.01875