0 0.70234375 0.04609375 0.0484375 0.025
0 0.70078125 0.01171875 0.0828125 0.0234375
0 0.65234375 0.01015625 0.065625 0.0203125
0 0.5875 0.09140625 0.0515625 0.021875
0 0.496875 0.1140625 0.06875 0.021875
0 0.9734375 0.09921875 0.053125 0.0265625
0 0.16484375 0.1015625 0.0625 0.03125
0 0.30078125 0.096875 0.071875 0.025
0 0.225 0.153125 0.0703125 0.025
0 0.109375 0.19140625 0.0875 0.03125
0 0.03828125 0.07890625 0.05625 0.021875
0 0.4640625 0.22265625 0.05625 0.028125
0 0.38984375 0.22890625 0.065625 0.04375
0 0.61875 0.26484375 0.0609375 0.0328125
0 0.1140625 0.26015625 0.0578125 0.025
0 0.0296875 0.30859375 0.059375 0.021875
0 0.3734375 0.38671875 0.053125 0.0265625
0 0.50546875 0.4578125 0.0609375 0.034375
0 0.48203125 0.475 0.053125 0.025
0 0.40546875 0.46640625 0.053125 0.025
0 0.2 0.43125 0.046875 0.0296875
0 0.2265625 0.3625 0.0453125 0.0265625
0 0.1625 0.35625 0.065625 0.021875
0 0.815625 0.496875 0.0484375 0.03125
0 0.96640625 0.596875 0.0484375 0.03125
0 0.896875 0.63203125 0.05 0.0328125
0 0.64453125 0.59296875 0.040625 0.0375
0 0.54140625 0.60625 0.0609375 0.0265625
0 0.31796875 0.5671875 0.05625 0.025
0 0.39921875 0.73671875 0.0484375 0.025
0 0.6671875 0.70625 0.075 0.025
0 0.90625 0.671875 0.06875 0.034375
0 0.75859375 0.8390625 0.0625 0.021875
0 0.71875 0.8078125 0.0453125 0.03125
0 0.73046875 0.7890625 0.078125 0.025
0 0.9703125 0.846875 0.059375 0.025
0 0.63359375 0.9109375 0.071875 0.021875
0 0.71328125 0.90625 0.05 0.0296875
0 0.425 0.9421875 0.078125 0.034375
0 0.203125 0.8171875 0.0453125 0.028125
0 0.42421875 0.83359375 0.065625 0.0328125
0 0.37890625 0.8453125 0.059375 0.025