0 0.22578125 0.06640625 0.0625 0.03203125
0 0.62734375 0.0671875 0.075 0.03046875
0 0.85234375 0.14921875 0.10703125 0.0421875
0 0.74453125 0.1390625 0.06328125 0.03828125
0 0.7328125 0.1828125 0.0546875 0.04453125
0 0.625 0.20078125 0.06796875 0.03203125
0 0.4125 0.1765625 0.0703125 0.01953125
0 0.1765625 0.1484375 0.06953125 0.02734375
0 0.0875 0.1734375 0.06171875 0.03046875
0 0.06875 0.15 0.04921875 0.01953125
0 0.28359375 0.225 0.053125 0.02578125
0 0.4 0.3140625 0.08671875 0.04140625
0 0.29921875 0.321875 0.07578125 0.02265625
0 0.3015625 0.2390625 0.05078125 0.02578125
0 0.10078125 0.328125 0.075 0.0390625
0 0.3265625 0.13125 0.0546875 0.02578125
0 0.4203125 0.121875 0.071875 0.0265625
0 0.809375 0.18125 0.0453125 0.0171875
0 0.92890625 0.10234375 0.0421875 0.01484375
0 0.690625 0.56015625 0.053125 0.02890625
0 0.3046875 0.590625 0.0703125 0.03203125
0 0.04296875 0.61328125 0.04296875 0.025
0 0.02578125 0.4765625 0.0515625 0.021875
0 0.50625 0.7875 0.04921875 0.03515625
0 0.2828125 0.79453125 0.04921875 0.03515625
0 0.2421875 0.77890625 0.08203125 0.03203125
0 0.3953125 0.81328125 0.040625 0.021875
0 0.5328125 0.846875 0.07578125 0.02109375
0 0.14296875 0.8296875 0.028125 0.015625
0 0.940625 0.9171875 0.0578125 0.03515625
0 0.86640625 0.8296875 0.05703125 0.028125
0 0.88359375 0.8046875 0.0421875 0.0296875