0 0.965625 0.05078125 0.028125 0.0671875
0 0.8953125 0.4375 0.025 0.0859375
0 0.87265625 0.3578125 0.025 0.0828125
0 0.85703125 0.03046875 0.01875 0.0609375
0 0.86328125 0.09765625 0.0375 0.0609375
0 0.81640625 0.8515625 0.0296875 0.0625
0 0.9296875 0.44375 0.025 0.0859375
0 0.93046875 0.609375 0.0296875 0.0546875
0 0.92734375 0.83515625 0.021875 0.0640625
0 0.94765625 0.94375 0.021875 0.08125
0 0.98828125 0.778125 0.0234375 0.0875
0 0.90703125 0.21640625 0.025 0.075
0 0.8625 0.90625 0.01875 0.0625
0 0.7921875 0.396875 0.021875 0.05
0 0.7875 0.67578125 0.015625 0.0734375
0 0.82578125 0.68671875 0.01875 0.0515625
0 0.703125 0.71875 0.034375 0.053125
0 0.74296875 0.89296875 0.025 0.04375
0 0.74453125 0.91484375 0.03125 0.0421875
0 0.62734375 0.02578125 0.0234375 0.0515625
0 0.56953125 0.05390625 0.025 0.0390625
0 0.59296875 0.0734375 0.028125 0.046875
0 0.5296875 0.0484375 0.021875 0.0453125
0 0.47265625 0.6828125 0.028125 0.078125
0 0.540625 0.05625 0.021875 0.0578125
0 0.62109375 0.91015625 0.025 0.0546875
0 0.41953125 0.58984375 0.025 0.05
0 0.34453125 0.596875 0.025 0.053125
0 0.3734375 0.63046875 0.0171875 0.0546875
0 0.3421875 0.56015625 0.0171875 0.053125
0 0.28828125 0.646875 0.0390625 0.046875
0 0.33359375 0.790625 0.021875 0.05625
0 0.26640625 0.0328125 0.021875 0.0484375
0 0.17890625 0.0890625 0.025 0.0578125
0 0.1875 0.20859375 0.021875 0.05
0 0.20859375 0.596875 0.01875 0.0578125
0 0.13984375 0.69140625 0.021875 0.06875
0 0.18984375 0.81875 0.0375 0.0421875
0 0.0390625 0.9015625 0.025 0.06875
0 0.07265625 0.57578125 0.0296875 0.0703125
0 0.09296875 0.4109375 0.025 0.075
0 0.11015625 0.4 0.0328125 0.065625
0 0.05546875 0.07734375 0.028125 0.06875
0 0.14765625 0.01484375 0.0265625 0.0296875