2 0.85078125 0.0515625 0.078125 0.015625
2 0.6828125 0.1078125 0.0421875 0.01875
2 0.61875 0.14921875 0.04375 0.028125
2 0.48359375 0.1015625 0.0734375 0.025
2 0.31796875 0.08671875 0.0640625 0.021875
2 0.02734375 0.24140625 0.025 0.028125
2 0.871875 0.14609375 0.078125 0.021875
2 0.81171875 0.29921875 0.05 0.028125
2 0.965625 0.36484375 0.03125 0.03125
2 0.59140625 0.44921875 0.040625 0.028125
2 0.49765625 0.38046875 0.046875 0.028125
2 0.3546875 0.37265625 0.053125 0.03125
2 0.45 0.6 0.046875 0.025
2 0.3796875 0.5734375 0.04375 0.0265625
2 0.28125 0.59375 0.0484375 0.025
2 0.23828125 0.67265625 0.053125 0.0296875
2 0.2515625 0.74921875 0.040625 0.025
2 0.4828125 0.740625 0.04375 0.021875
2 0.415625 0.77421875 0.0390625 0.0203125
2 0.36875 0.8421875 0.053125 0.0265625
2 0.10859375 0.8578125 0.0453125 0.028125
2 0.5921875 0.821875 0.04375 0.025
2 0.55703125 0.7296875 0.05 0.01875
2 0.5640625 0.71171875 0.0421875 0.01875
2 0.88671875 0.63671875 0.0421875 0.021875
2 0.871875 0.840625 0.0453125 0.0375
2 0.915625 0.82890625 0.0359375 0.01875