2 0.9203125 0.8296875 0.0703125 0.028125
2 0.88359375 0.78984375 0.05078125 0.0203125
2 0.5953125 0.8015625 0.06015625 0.025
2 0.29296875 0.8421875 0.05625 0.02265625
2 0.37109375 0.86328125 0.05390625 0.02109375
2 0.19921875 0.8421875 0.04140625 0.02578125
2 0.11875 0.7703125 0.05234375 0.01484375
2 0.6515625 0.57890625 0.04765625 0.034375
2 0.8140625 0.67890625 0.04921875 0.02265625
2 0.853125 0.58046875 0.04609375 0.02734375
2 0.25390625 0.565625 0.06875 0.028125
2 0.33046875 0.5671875 0.046875 0.03203125
2 0.165625 0.62890625 0.0421875 0.02421875
2 0.11953125 0.58203125 0.0328125 0.021875
2 0.55 0.45859375 0.06171875 0.03359375
2 0.51328125 0.49921875 0.05234375 0.02421875
2 0.446875 0.4375 0.0515625 0.034375
2 0.04140625 0.29453125 0.0828125 0.0359375
2 0.16328125 0.2609375 0.04375 0.02734375
2 0.459375 0.22265625 0.04453125 0.01953125
2 0.390625 0.22109375 0.05 0.0265625
2 0.690625 0.28203125 0.07109375 0.0171875
2 0.70859375 0.22109375 0.046875 0.025
2 0.89296875 0.2265625 0.03984375 0.02265625
2 0.70078125 0.18515625 0.06015625 0.025
2 0.5859375 0.14375 0.0515625 0.0265625
2 0.67734375 0.1140625 0.05625 0.0359375
2 0.64140625 0.08203125 0.0453125 0.0203125
2 0.95546875 0.084375 0.05546875 0.0296875
2 0.5109375 0.1109375 0.06171875 0.01796875
2 0.3828125 0.1015625 0.07890625 0.0203125
2 0.21171875 0.1203125 0.07578125 0.0140625
2 0.12578125 0.1015625 0.06015625 0.015625
2 0.42109375 0.190625 0.059375 0.021875