0 0.35859375 0.08203125 0.09453125 0.02578125
0 0.47734375 0.090625 0.08046875 0.028125
0 0.33046875 0.15 0.0703125 0.02890625
0 0.0953125 0.19453125 0.05078125 0.02578125
0 0.13828125 0.16015625 0.0703125 0.01796875
0 0.45390625 0.1640625 0.075 0.01640625
0 0.52734375 0.16640625 0.0578125 0.021875
0 0.63984375 0.11796875 0.06328125 0.02421875
0 0.85859375 0.17578125 0.05234375 0.02421875
0 0.69765625 0.16953125 0.08046875 0.0296875
0 0.759375 0.06875 0.04921875 0.02421875
0 0.3296875 0.2875 0.04375 0.034375
0 0.53828125 0.271875 0.06875 0.0234375
0 0.5453125 0.26015625 0.0625 0.02265625
0 0.909375 0.13203125 0.0546875 0.01953125
0 0.84765625 0.24140625 0.06796875 0.025
0 0.90625 0.353125 0.0578125 0.01796875
0 0.93203125 0.33515625 0.0703125 0.0234375
0 0.38828125 0.47265625 0.07421875 0.0140625
0 0.8640625 0.4328125 0.0359375 0.02890625
0 0.75546875 0.51015625 0.0625 0.0296875
0 0.2375 0.625 0.06171875 0.0265625
0 0.02265625 0.54453125 0.0453125 0.01875
0 0.02890625 0.5359375 0.0578125 0.02265625
0 0.6359375 0.58125 0.06484375 0.01484375
0 0.40859375 0.6390625 0.06875 0.01875
0 0.46953125 0.67265625 0.0546875 0.02578125
0 0.2953125 0.703125 0.0484375 0.0359375
0 0.2328125 0.6890625 0.06640625 0.025
0 0.28671875 0.746875 0.0546875 0.034375
0 0.27890625 0.74140625 0.0640625 0.01796875
0 0.57734375 0.7078125 0.06875 0.03359375
0 0.76015625 0.69375 0.05390625 0.02734375
0 0.8046875 0.703125 0.06171875 0.025
0 0.18125 0.84765625 0.0640625 0.03046875
0 0.04765625 0.809375 0.0578125 0.015625
0 0.42890625 0.84296875 0.0578125 0.025
0 0.6046875 0.8640625 0.07890625 0.0265625
0 0.26875 0.85390625 0.06796875 0.02578125
0 0.7 0.828125 0.06796875 0.01875
0 0.709375 0.809375 0.06875 0.021875
0 0.9484375 0.20625 0.06015625 0.02265625