0 0.68984375 0.040625 0.0859375 0.03828125
0 0.921875 0.0796875 0.1125 0.0453125
0 0.73984375 0.10078125 0.10078125 0.04765625
0 0.7125 0.11953125 0.078125 0.02578125
0 0.53125 0.11015625 0.0546875 0.021875
0 0.21640625 0.05859375 0.0765625 0.0234375
0 0.2953125 0.09140625 0.084375 0.025
0 0.25703125 0.121875 0.05078125 0.03046875
0 0.1765625 0.11640625 0.0890625 0.025
0 0.403125 0.21328125 0.075 0.03203125
0 0.80390625 0.27578125 0.05703125 0.0265625
0 0.55546875 0.36484375 0.0421875 0.03359375
0 0.38515625 0.34453125 0.04375 0.021875
0 0.22265625 0.23203125 0.0734375 0.03984375
0 0.03828125 0.325 0.06015625 0.0265625
0 0.015625 0.34609375 0.03125 0.0234375
0 0.31015625 0.2984375 0.03828125 0.02890625
0 0.64609375 0.41953125 0.053125 0.02734375
0 0.03125 0.403125 0.0484375 0.02578125
0 0.66015625 0.49609375 0.06875 0.02578125
0 0.828125 0.5765625 0.08359375 0.025
0 0.40234375 0.5484375 0.059375 0.02890625
0 0.02890625 0.54765625 0.05390625 0.02734375
0 0.340625 0.628125 0.06484375 0.02109375
0 0.2078125 0.67109375 0.0546875 0.03046875
0 0.2078125 0.78125 0.05234375 0.025
0 0.28828125 0.66875 0.0625 0.02265625
0 0.61015625 0.66171875 0.05859375 0.0296875
0 0.96953125 0.5859375 0.06015625 0.02578125
0 0.753125 0.66953125 0.03671875 0.01484375
0 0.74375 0.7734375 0.0734375 0.02890625
0 0.27890625 0.7828125 0.071875 0.02265625
0 0.0765625 0.78828125 0.05078125 0.021875
0 0.22578125 0.8234375 0.05546875 0.0328125
0 0.1453125 0.8375 0.04765625 0.025
0 0.06875 0.83125 0.06953125 0.02734375
0 0.5578125 0.8984375 0.05703125 0.02421875
0 0.0671875 0.88046875 0.06484375 0.0296875
0 0.496875 0.871875 0.0734375 0.0265625
0 0.52421875 0.821875 0.075 0.03046875
0 0.69140625 0.9078125 0.04765625 0.028125
0 0.07734375 0.95703125 0.06640625 0.01875
0 0.228125 0.9703125 0.090625 0.02421875
0 0.43515625 0.9671875 0.05625 0.02421875
0 0.29921875 0.84921875 0.05 0.0171875
0 0.42421875 0.80703125 0.07578125 0.03359375
0 0.68828125 0.15703125 0.0671875 0.01796875
0 0.75625 0.1890625 0.065625 0.0203125
0 0.78828125 0.14765625 0.078125 0.01484375
0 0.6515625 0.0171875 0.07578125 0.021875
0 0.61328125 0.71328125 0.06484375 0.0296875