2 0.9578125 0.90234375 0.025 0.05
2 0.9640625 0.85546875 0.01875 0.04375
2 0.96171875 0.5390625 0.021875 0.075
2 0.8828125 0.16015625 0.015625 0.059375
2 0.865625 0.3890625 0.025 0.071875
2 0.8890625 0.63984375 0.021875 0.046875
2 0.8453125 0.94765625 0.015625 0.0546875
2 0.87109375 0.91484375 0.03125 0.040625
2 0.915625 0.6203125 0.015625 0.0546875
2 0.77421875 0.92421875 0.0328125 0.0328125
2 0.7703125 0.8578125 0.0265625 0.04375
2 0.80234375 0.27109375 0.025 0.0546875
2 0.76484375 0.29296875 0.021875 0.046875
2 0.71328125 0.17265625 0.0375 0.0359375
2 0.73125 0.42578125 0.01875 0.059375
2 0.7046875 0.27109375 0.015625 0.065625
2 0.775 0.109375 0.021875 0.05
2 0.6359375 0.65859375 0.021875 0.0375
2 0.57578125 0.93203125 0.01875 0.0265625
2 0.37109375 0.83984375 0.028125 0.0203125
2 0.43828125 0.89453125 0.03125 0.0375
2 0.30625 0.81171875 0.021875 0.0328125
2 0.3609375 0.465625 0.0125 0.05
2 0.375 0.50546875 0.01875 0.0625
2 0.3 0.9421875 0.025 0.040625
2 0.18828125 0.7234375 0.021875 0.0625
2 0.1671875 0.440625 0.021875 0.075
2 0.15625 0.32890625 0.0171875 0.046875
2 0.1359375 0.29921875 0.0328125 0.0375
2 0.13984375 0.79140625 0.0125 0.0515625
2 0.21328125 0.9125 0.034375 0.0375
2 0.2328125 0.8984375 0.015625 0.0390625
2 0.65546875 0.1390625 0.0171875 0.04375
2 0.85390625 0.6 0.0171875 0.05
2 0.8796875 0.7390625 0.025 0.03125
2 0.79296875 0.20390625 0.01875 0.05625
2 0.75234375 0.73671875 0.028125 0.0375