0 0.7671875 0.0265625 0.09375 0.034375
0 0.69765625 0.08203125 0.078125 0.034375
0 0.7953125 0.0890625 0.0875 0.03125
0 0.77734375 0.11484375 0.08125 0.03125
0 0.15390625 0.09453125 0.0765625 0.04375
0 0.14921875 0.0109375 0.0890625 0.021875
0 0.30078125 0.13046875 0.084375 0.0296875
0 0.2609375 0.15703125 0.0734375 0.03125
0 0.74921875 0.18671875 0.078125 0.03125
0 0.71796875 0.2328125 0.08125 0.0359375
0 0.4078125 0.2125 0.0546875 0.0359375
0 0.56015625 0.3234375 0.0625 0.034375
0 0.75078125 0.36328125 0.0734375 0.034375
0 0.9671875 0.31484375 0.065625 0.04375
0 0.790625 0.40078125 0.046875 0.028125
0 0.64921875 0.43046875 0.0546875 0.025
0 0.57109375 0.41875 0.0578125 0.0265625
0 0.22890625 0.48203125 0.0765625 0.028125
0 0.121875 0.60859375 0.075 0.034375
0 0.0328125 0.60546875 0.04375 0.0359375
0 0.684375 0.5671875 0.0765625 0.028125
0 0.846875 0.65 0.05 0.0234375
0 0.9046875 0.70390625 0.078125 0.0328125
0 0.3453125 0.825 0.065625 0.0296875
0 0.184375 0.76875 0.05 0.034375
0 0.28359375 0.74453125 0.0875 0.025
0 0.5203125 0.84453125 0.0625 0.0328125
0 0.4734375 0.88984375 0.0484375 0.0328125
0 0.6765625 0.840625 0.0765625 0.028125
0 0.74921875 0.91015625 0.05 0.0265625
0 0.77109375 0.9265625 0.05625 0.025
0 0.68515625 0.92265625 0.0625 0.028125
0 0.31796875 0.93984375 0.0734375 0.028125