0 0.98671875 0.1984375 0.025 0.046875
0 0.91640625 0.446875 0.0265625 0.059375
0 0.96875 0.0328125 0.021875 0.065625
0 0.8765625 0.4328125 0.0265625 0.0828125
0 0.753125 0.8703125 0.0375 0.0796875
0 0.69921875 0.88046875 0.03125 0.0578125
0 0.92265625 0.55625 0.03125 0.065625
0 0.82890625 0.4625 0.0234375 0.0578125
0 0.79375 0.715625 0.028125 0.04375
0 0.91875 0.09609375 0.025 0.0703125
0 0.56875 0.8296875 0.0265625 0.046875
0 0.54921875 0.69921875 0.0234375 0.0484375
0 0.90859375 0.3765625 0.0234375 0.046875
0 0.8796875 0.20859375 0.021875 0.04375
0 0.70234375 0.44921875 0.034375 0.05625
0 0.75703125 0.025 0.01875 0.05
0 0.3046875 0.01796875 0.028125 0.0359375
0 0.64140625 0.2859375 0.021875 0.071875
0 0.28359375 0.43984375 0.0359375 0.071875
0 0.42109375 0.18203125 0.040625 0.034375
0 0.3640625 0.65234375 0.01875 0.05
0 0.42109375 0.88359375 0.0203125 0.053125
0 0.41640625 0.5984375 0.0265625 0.040625
0 0.18984375 0.21796875 0.0234375 0.0546875
0 0.27421875 0.56484375 0.021875 0.046875
0 0.2515625 0.490625 0.0125 0.046875
0 0.10234375 0.215625 0.028125 0.059375
0 0.20703125 0.89453125 0.021875 0.071875
0 0.1703125 0.38515625 0.01875 0.05625
0 0.37578125 0.10234375 0.0296875 0.0765625
0 0.23359375 0.17734375 0.040625 0.05
0 0.82734375 0.26796875 0.025 0.0734375
0 0.5328125 0.89765625 0.021875 0.059375
0 0.60078125 0.63984375 0.03125 0.071875
0 0.325 0.80078125 0.021875 0.078125
0 0.84453125 0.61171875 0.021875 0.06875
0 0.87265625 0.74921875 0.021875 0.0546875
0 0.90234375 0.0734375 0.021875 0.08125