0 0.1375 0.12421875 0.06328125 0.02734375
0 0.44296875 0.13359375 0.08046875 0.021875
0 0.4984375 0.2890625 0.05546875 0.03203125
0 0.6140625 0.22734375 0.06484375 0.02890625
0 0.69140625 0.12109375 0.06015625 0.0203125
0 0.6234375 0.09453125 0.0359375 0.028125
0 0.7671875 0.07734375 0.04296875 0.0265625
0 0.37109375 0.1203125 0.04140625 0.0125
0 0.3703125 0.1015625 0.034375 0.015625
0 0.08515625 0.1875 0.04765625 0.02265625
0 0.16484375 0.1796875 0.05859375 0.03828125
0 0.253125 0.3984375 0.0484375 0.0453125
0 0.26015625 0.49375 0.0421875 0.015625
0 0.29296875 0.509375 0.0421875 0.02265625
0 0.33828125 0.58203125 0.06484375 0.0265625
0 0.73046875 0.4 0.053125 0.03046875
0 0.68359375 0.5296875 0.03828125 0.040625
0 0.675 0.709375 0.06328125 0.02890625
0 0.309375 0.64765625 0.04453125 0.021875
0 0.10546875 0.6578125 0.06015625 0.0203125
0 0.36015625 0.725 0.0515625 0.025
0 0.728125 0.7515625 0.05 0.02890625
0 0.553125 0.81640625 0.05546875 0.021875
0 0.603125 0.79765625 0.04609375 0.0359375
0 0.83828125 0.72890625 0.08671875 0.04375
0 0.94453125 0.6890625 0.0578125 0.04453125
0 0.7734375 0.85234375 0.03828125 0.025
0 0.83359375 0.81796875 0.0359375 0.02734375
0 0.684375 0.8921875 0.06875 0.0234375
0 0.7125 0.8765625 0.06015625 0.02265625
0 0.9234375 0.88046875 0.04609375 0.01640625
0 0.52109375 0.8578125 0.04609375 0.025
0 0.40234375 0.8796875 0.06796875 0.0375
0 0.2328125 0.8609375 0.0390625 0.0234375
0 0.25859375 0.9203125 0.0421875 0.0265625
0 0.7609375 0.946875 0.08203125 0.03125
0 0.94296875 0.9484375 0.034375 0.02890625
0 0.17734375 0.81328125 0.03671875 0.0265625
0 0.0546875 0.921875 0.03359375 0.02578125
0 0.02734375 0.77265625 0.03671875 0.034375
0 0.4671875 0.51953125 0.0578125 0.04140625
0 0.77890625 0.58203125 0.07109375 0.03125
0 0.96484375 0.4078125 0.059375 0.0203125
0 0.98203125 0.37578125 0.0328125 0.0296875
0 0.96640625 0.1328125 0.05 0.02265625
0 0.97109375 0.24765625 0.0578125 0.0359375
0 0.22578125 0.84375 0.0484375 0.01484375
0 0.2640625 0.81640625 0.046875 0.0203125
0 0.2984375 0.89296875 0.05 0.01875
0 0.0234375 0.3890625 0.046875 0.03125