0 0.95859375 0.06171875 0.040625 0.103125
0 0.9609375 0.65078125 0.03125 0.09375
0 0.971875 0.78671875 0.015625 0.0796875
0 0.95234375 0.8125 0.01875 0.0703125
0 0.91171875 0.94140625 0.025 0.053125
0 0.86953125 0.8703125 0.028125 0.065625
0 0.83515625 0.74765625 0.0234375 0.0734375
0 0.8234375 0.7734375 0.025 0.046875
0 0.80546875 0.8890625 0.0265625 0.059375
0 0.7609375 0.6703125 0.028125 0.0453125
0 0.76640625 0.4015625 0.015625 0.053125
0 0.78203125 0.3953125 0.0109375 0.08125
0 0.83671875 0.4578125 0.028125 0.08125
0 0.84609375 0.29921875 0.025 0.059375
0 0.86484375 0.08984375 0.021875 0.046875
0 0.89453125 0.190625 0.021875 0.03125
0 0.8703125 0.13828125 0.01875 0.0484375
0 0.8140625 0.071875 0.01875 0.040625
0 0.78203125 0.0640625 0.021875 0.03125
0 0.7953125 0.05 0.015625 0.046875
0 0.784375 0.234375 0.028125 0.0546875
0 0.68515625 0.3515625 0.03125 0.04375
0 0.7171875 0.38046875 0.028125 0.04375
0 0.66640625 0.20546875 0.03125 0.040625
0 0.67578125 0.1796875 0.021875 0.034375
0 0.70390625 0.0640625 0.01875 0.034375
0 0.6515625 0.63515625 0.03125 0.065625
0 0.55078125 0.2609375 0.021875 0.04375
0 0.571875 0.22109375 0.0125 0.0609375
0 0.42578125 0.40625 0.0171875 0.046875
0 0.296875 0.59140625 0.0265625 0.053125
0 0.2953125 0.28359375 0.03125 0.040625
0 0.30625 0.2046875 0.025 0.05
0 0.259375 0.38671875 0.025 0.0609375
0 0.2390625 0.71953125 0.028125 0.075
0 0.225 0.90546875 0.021875 0.0671875
0 0.25078125 0.93828125 0.0234375 0.046875
0 0.19296875 0.83828125 0.021875 0.071875
0 0.146875 0.7078125 0.025 0.08125
0 0.13671875 0.85703125 0.01875 0.06875
0 0.1625 0.56484375 0.025 0.046875
0 0.14296875 0.58203125 0.0171875 0.06875
0 0.1375 0.25703125 0.0125 0.071875
0 0.1140625 0.34375 0.01875 0.0515625
0 0.02578125 0.61171875 0.028125 0.0671875
0 0.07734375 0.7984375 0.01875 0.06875
0 0.04609375 0.81875 0.021875 0.0734375
0 0.06171875 0.971875 0.015625 0.05625
0 0.0515625 0.9046875 0.015625 0.05
0 0.015625 0.3328125 0.03125 0.071875