0 0.75859375 0.06484375 0.0703125 0.0375
0 0.471875 0.08046875 0.1125 0.0265625
0 0.49140625 0.12109375 0.065625 0.0234375
0 0.359375 0.10859375 0.06875 0.01875
0 0.3671875 0.14765625 0.065625 0.028125
0 0.17421875 0.071875 0.0796875 0.025
0 0.32265625 0.02578125 0.0734375 0.028125
0 0.05 0.1390625 0.0359375 0.028125
0 0.1109375 0.22109375 0.0875 0.028125
0 0.028125 0.18515625 0.05625 0.040625
0 0.046875 0.25546875 0.065625 0.034375
0 0.82578125 0.1171875 0.053125 0.021875
0 0.403125 0.3234375 0.08125 0.0359375
0 0.83515625 0.33828125 0.0640625 0.0375
0 0.43984375 0.6234375 0.0625 0.01875
0 0.18203125 0.66953125 0.0515625 0.021875
0 0.02421875 0.75078125 0.046875 0.028125
0 0.40234375 0.821875 0.1125 0.053125
0 0.39765625 0.7828125 0.0546875 0.03125
0 0.4 0.878125 0.05 0.0375
0 0.65390625 0.8671875 0.078125 0.028125
0 0.15546875 0.875 0.0828125 0.021875
0 0.2234375 0.9515625 0.059375 0.0296875
0 0.1875 0.121875 0.0625 0.021875
0 0.43125 0.1671875 0.075 0.01875
0 0.83203125 0.0234375 0.05625 0.01875
0 0.27734375 0.80234375 0.084375 0.03125
0 0.7078125 0.8234375 0.08125 0.03125
0 0.90390625 0.66328125 0.0609375 0.03125