0 0.98046875 0.58046875 0.021875 0.0921875
0 0.88515625 0.18203125 0.021875 0.05625
0 0.86796875 0.06953125 0.04375 0.0375
0 0.88515625 0.31640625 0.0328125 0.075
0 0.76796875 0.11640625 0.0375 0.071875
0 0.86171875 0.4296875 0.028125 0.071875
0 0.8890625 0.56875 0.028125 0.071875
0 0.8234375 0.53046875 0.01875 0.09375
0 0.771875 0.50625 0.0421875 0.053125
0 0.86015625 0.7296875 0.021875 0.0578125
0 0.8625 0.60234375 0.028125 0.0671875
0 0.84921875 0.1609375 0.01875 0.05
0 0.8953125 0.7875 0.015625 0.0625
0 0.86328125 0.97265625 0.025 0.0546875
0 0.86015625 0.89453125 0.0296875 0.05625
0 0.809375 0.965625 0.021875 0.05
0 0.74765625 0.840625 0.025 0.05625
0 0.7 0.03828125 0.034375 0.0453125
0 0.6640625 0.340625 0.021875 0.08125
0 0.64140625 0.24140625 0.04375 0.05625
0 0.66015625 0.684375 0.025 0.034375
0 0.68515625 0.715625 0.0265625 0.046875
0 0.571875 0.76171875 0.0203125 0.04375
0 0.56484375 0.46953125 0.021875 0.046875
0 0.55 0.1078125 0.0234375 0.0625
0 0.609375 0.825 0.028125 0.06875
0 0.4875 0.2734375 0.01875 0.0546875
0 0.50625 0.275 0.0203125 0.065625
0 0.45 0.221875 0.0203125 0.04375
0 0.44921875 0.30703125 0.01875 0.05
0 0.36796875 0.49609375 0.0234375 0.053125
0 0.3234375 0.3171875 0.025 0.0375
0 0.4265625 0.02578125 0.0234375 0.0515625
0 0.6453125 0.96640625 0.0203125 0.0609375
0 0.59140625 0.97421875 0.025 0.040625
0 0.43671875 0.8953125 0.025 0.05
0 0.18984375 0.73671875 0.03125 0.046875
0 0.17734375 0.8171875 0.034375 0.053125
0 0.2453125 0.85703125 0.01875 0.0640625
0 0.17890625 0.29609375 0.0296875 0.06875
0 0.1421875 0.35703125 0.021875 0.065625
0 0.14453125 0.4203125 0.01875 0.065625
0 0.01796875 0.48203125 0.0234375 0.09375
0 0.04921875 0.55234375 0.025 0.078125
0 0.02421875 0.9203125 0.034375 0.0515625
0 0.27265625 0.6015625 0.01875 0.06875
0 0.19921875 0.26015625 0.021875 0.046875
0 0.0734375 0.36796875 0.0265625 0.0765625
0 0.34296875 0.87734375 0.01875 0.053125
0 0.35078125 0.90078125 0.0265625 0.05