0 0.2671875 0.4140625 0.0296875 0.075
0 0.11328125 0.5125 0.040625 0.0640625
0 0.12265625 0.40390625 0.04375 0.05625
0 0.140625 0.69921875 0.03125 0.1046875
0 0.1171875 0.83359375 0.021875 0.0765625
0 0.13984375 0.95390625 0.0203125 0.034375
0 0.1953125 0.83203125 0.025 0.0859375
0 0.215625 0.71796875 0.034375 0.075
0 0.28515625 0.76015625 0.0375 0.084375
0 0.375 0.7515625 0.03125 0.071875
0 0.39140625 0.296875 0.0421875 0.05625
0 0.3703125 0.5859375 0.0453125 0.090625
0 0.284375 0.5265625 0.0453125 0.09375
0 0.31015625 0.66796875 0.05 0.0859375
0 0.3609375 0.07109375 0.0265625 0.0796875
0 0.56640625 0.2875 0.03125 0.08125
0 0.6078125 0.31953125 0.0359375 0.0875
0 0.52578125 0.68046875 0.040625 0.0796875
0 0.53359375 0.1890625 0.028125 0.053125
0 0.65234375 0.20234375 0.028125 0.0859375
0 0.67109375 0.371875 0.0296875 0.1046875
0 0.77578125 0.53828125 0.025 0.115625
0 0.7328125 0.52734375 0.03125 0.090625
0 0.82109375 0.2828125 0.034375 0.075
0 0.87265625 0.66484375 0.028125 0.1375
0 0.93046875 0.665625 0.03125 0.078125
0 0.8890625 0.9484375 0.034375 0.071875
0 0.86171875 0.45703125 0.034375 0.1
0 0.8390625 0.646875 0.0296875 0.075
0 0.5171875 0.56875 0.034375 0.065625