2 0.846875 0.83984375 0.04453125 0.02265625
2 0.70078125 0.8078125 0.05078125 0.025
2 0.671875 0.85078125 0.0875 0.028125
2 0.9375 0.7171875 0.02578125 0.02890625
2 0.54921875 0.70390625 0.06171875 0.02421875
2 0.46015625 0.74609375 0.0796875 0.0375
2 0.2015625 0.85 0.028125 0.021875
2 0.18515625 0.78359375 0.05546875 0.01015625
2 0.2640625 0.778125 0.0390625 0.0140625
2 0.1703125 0.7625 0.07578125 0.02734375
2 0.29140625 0.56484375 0.04921875 0.02109375
2 0.340625 0.48984375 0.0796875 0.01796875
2 0.3609375 0.51953125 0.065625 0.021875
2 0.23671875 0.46796875 0.06953125 0.0203125
2 0.44609375 0.4515625 0.0640625 0.01796875
2 0.675 0.40703125 0.065625 0.01796875
2 0.70859375 0.54453125 0.059375 0.03359375
2 0.09453125 0.5 0.0328125 0.03359375
2 0.084375 0.39921875 0.05078125 0.03203125
2 0.06875 0.2984375 0.04765625 0.0234375
2 0.0515625 0.159375 0.03515625 0.0296875
2 0.10546875 0.11015625 0.0390625 0.015625
2 0.503125 0.17109375 0.04921875 0.02109375
2 0.525 0.2796875 0.06796875 0.02578125
2 0.68828125 0.15234375 0.0890625 0.01484375
2 0.7640625 0.25078125 0.06328125 0.02734375
2 0.67578125 0.20078125 0.05859375 0.0328125
2 0.97265625 0.2671875 0.03203125 0.0375
2 0.96484375 0.1203125 0.0703125 0.0328125
2 0.45 0.09140625 0.08046875 0.015625
2 0.82890625 0.09609375 0.09609375 0.0234375
2 0.1640625 0.5234375 0.0625 0.0265625