0 0.04140625 0.06171875 0.040625 0.103125
0 0.0390625 0.65078125 0.03125 0.09375
0 0.028125 0.78671875 0.015625 0.0796875
0 0.04765625 0.8125 0.01875 0.0703125
0 0.08828125 0.94140625 0.025 0.053125
0 0.13046875 0.8703125 0.028125 0.065625
0 0.16484375 0.74765625 0.0234375 0.0734375
0 0.1765625 0.7734375 0.025 0.046875
0 0.19453125 0.8890625 0.0265625 0.059375
0 0.2390625 0.6703125 0.028125 0.0453125
0 0.23359375 0.4015625 0.015625 0.053125
0 0.21796875 0.3953125 0.0109375 0.08125
0 0.16328125 0.4578125 0.028125 0.08125
0 0.15390625 0.29921875 0.025 0.059375
0 0.13515625 0.08984375 0.021875 0.046875
0 0.10546875 0.190625 0.021875 0.03125
0 0.1296875 0.13828125 0.01875 0.0484375
0 0.1859375 0.071875 0.01875 0.040625
0 0.21796875 0.0640625 0.021875 0.03125
0 0.2046875 0.05 0.015625 0.046875
0 0.215625 0.234375 0.028125 0.0546875
0 0.31484375 0.3515625 0.03125 0.04375
0 0.2828125 0.38046875 0.028125 0.04375
0 0.33359375 0.20546875 0.03125 0.040625
0 0.32421875 0.1796875 0.021875 0.034375
0 0.29609375 0.0640625 0.01875 0.034375
0 0.3484375 0.63515625 0.03125 0.065625
0 0.44921875 0.2609375 0.021875 0.04375
0 0.428125 0.22109375 0.0125 0.0609375
0 0.57421875 0.40625 0.0171875 0.046875
0 0.703125 0.59140625 0.0265625 0.053125
0 0.7046875 0.28359375 0.03125 0.040625
0 0.69375 0.2046875 0.025 0.05
0 0.740625 0.38671875 0.025 0.0609375
0 0.7609375 0.71953125 0.028125 0.075
0 0.775 0.90546875 0.021875 0.0671875
0 0.74921875 0.93828125 0.0234375 0.046875
0 0.80703125 0.83828125 0.021875 0.071875
0 0.853125 0.7078125 0.025 0.08125
0 0.86328125 0.85703125 0.01875 0.06875
0 0.8375 0.56484375 0.025 0.046875
0 0.85703125 0.58203125 0.0171875 0.06875
0 0.8625 0.25703125 0.0125 0.071875
0 0.8859375 0.34375 0.01875 0.0515625
0 0.97421875 0.61171875 0.028125 0.0671875
0 0.92265625 0.7984375 0.01875 0.06875
0 0.95390625 0.81875 0.021875 0.0734375
0 0.93828125 0.971875 0.015625 0.05625
0 0.9484375 0.9046875 0.015625 0.05
0 0.984375 0.3328125 0.03125 0.071875