2 0.0796875 0.8296875 0.0703125 0.028125
2 0.11640625 0.78984375 0.05 0.0203125
2 0.4046875 0.8015625 0.059375 0.025
2 0.70703125 0.8421875 0.05625 0.021875
2 0.62890625 0.86328125 0.053125 0.021875
2 0.80078125 0.8421875 0.040625 0.025
2 0.88125 0.7703125 0.053125 0.015625
2 0.3484375 0.57890625 0.046875 0.034375
2 0.1859375 0.67890625 0.05 0.021875
2 0.146875 0.58046875 0.046875 0.028125
2 0.74609375 0.565625 0.06875 0.028125
2 0.66953125 0.5671875 0.046875 0.03125
2 0.834375 0.62890625 0.0421875 0.025
2 0.88046875 0.58203125 0.0328125 0.021875
2 0.45 0.45859375 0.0625 0.034375
2 0.48671875 0.49921875 0.053125 0.025
2 0.553125 0.4375 0.0515625 0.034375
2 0.95859375 0.29453125 0.0828125 0.0359375
2 0.83671875 0.2609375 0.04375 0.028125
2 0.540625 0.22265625 0.04375 0.01875
2 0.609375 0.22109375 0.05 0.0265625
2 0.309375 0.28203125 0.071875 0.0171875
2 0.29140625 0.22109375 0.046875 0.025
2 0.10703125 0.2265625 0.040625 0.021875
2 0.29921875 0.18515625 0.059375 0.025
2 0.4140625 0.14375 0.0515625 0.0265625
2 0.32265625 0.1140625 0.05625 0.0359375
2 0.35859375 0.08203125 0.0453125 0.0203125
2 0.04453125 0.084375 0.05625 0.0296875
2 0.4890625 0.1109375 0.0625 0.01875
2 0.6171875 0.1015625 0.078125 0.0203125
2 0.78828125 0.1203125 0.075 0.0140625
2 0.87421875 0.1015625 0.059375 0.015625
2 0.57890625 0.190625 0.059375 0.021875