0 0.98125 0.1078125 0.0203125 0.0265625
0 0.93046875 0.3109375 0.01875 0.0609375
0 0.89921875 0.171875 0.015625 0.084375
0 0.95078125 0.4203125 0.028125 0.0359375
0 0.96015625 0.7453125 0.0234375 0.075
0 0.99296875 0.75625 0.0125 0.075
0 0.86875 0.7703125 0.01875 0.0546875
0 0.85859375 0.225 0.01875 0.08125
0 0.7640625 0.31953125 0.025 0.0546875
0 0.75859375 0.159375 0.028125 0.028125
0 0.7609375 0.62265625 0.021875 0.0546875
0 0.846875 0.65703125 0.0203125 0.071875
0 0.85234375 0.12265625 0.015625 0.034375
0 0.6390625 0.33671875 0.03125 0.053125
0 0.6390625 0.57109375 0.0296875 0.0328125
0 0.5390625 0.6171875 0.021875 0.0203125
0 0.5765625 0.8609375 0.01875 0.046875
0 0.61640625 0.76171875 0.015625 0.05
0 0.559375 0.62734375 0.025 0.025
0 0.5578125 0.71171875 0.0125 0.04375
0 0.53515625 0.85703125 0.0140625 0.0671875
0 0.5015625 0.0234375 0.01875 0.046875
0 0.40546875 0.5875 0.015625 0.040625
0 0.4171875 0.58515625 0.021875 0.0546875
0 0.3609375 0.31328125 0.021875 0.065625
0 0.38828125 0.153125 0.0203125 0.059375
0 0.5078125 0.478125 0.021875 0.0375
0 0.27109375 0.49375 0.01875 0.040625
0 0.325 0.6375 0.0140625 0.0453125
0 0.3109375 0.3640625 0.028125 0.0375
0 0.3296875 0.19921875 0.021875 0.0578125
0 0.2265625 0.0734375 0.0140625 0.059375
0 0.18828125 0.26875 0.0171875 0.04375
0 0.30859375 0.83515625 0.01875 0.0546875
0 0.2515625 0.73046875 0.021875 0.059375
0 0.25625 0.84765625 0.0296875 0.05625
0 0.20234375 0.84609375 0.0125 0.0578125
0 0.15 0.70625 0.0171875 0.059375
0 0.1765625 0.7234375 0.01875 0.0703125
0 0.14921875 0.57734375 0.021875 0.046875
0 0.12265625 0.2921875 0.021875 0.05
0 0.0875 0.43984375 0.025 0.0578125
0 0.0328125 0.290625 0.01875 0.0375
0 0.121875 0.7703125 0.025 0.06875