2 0.81953125 0.9375 0.0265625 0.046875
2 0.85625 0.92734375 0.028125 0.053125
2 0.68515625 0.94140625 0.0265625 0.0578125
2 0.83828125 0.4421875 0.025 0.071875
2 0.8296875 0.67890625 0.028125 0.0453125
2 0.8328125 0.5546875 0.021875 0.0375
2 0.85390625 0.3421875 0.0265625 0.046875
2 0.8171875 0.33515625 0.0171875 0.0578125
2 0.77265625 0.17734375 0.021875 0.046875
2 0.73203125 0.0625 0.0234375 0.040625
2 0.696875 0.8828125 0.028125 0.04375
2 0.690625 0.7046875 0.0328125 0.04375
2 0.66875 0.76484375 0.01875 0.0296875
2 0.79140625 0.25 0.015625 0.05625
2 0.81875 0.02734375 0.025 0.0546875
2 0.55546875 0.86171875 0.0265625 0.034375
2 0.61796875 0.84765625 0.040625 0.034375
2 0.44375 0.9390625 0.03125 0.0375
2 0.46640625 0.76875 0.034375 0.05625
2 0.4984375 0.4578125 0.0234375 0.053125
2 0.6109375 0.2109375 0.021875 0.046875
2 0.365625 0.8171875 0.025 0.0421875
2 0.43984375 0.8515625 0.028125 0.03125
2 0.11640625 0.90703125 0.03125 0.0421875
2 0.1671875 0.5328125 0.0171875 0.0375
2 0.16640625 0.36796875 0.0203125 0.0453125
2 0.22265625 0.74609375 0.01875 0.059375
2 0.2328125 0.54765625 0.021875 0.040625
2 0.33359375 0.4390625 0.025 0.0375
2 0.40625 0.50546875 0.01875 0.053125
2 0.3921875 0.45859375 0.025 0.0375
2 0.20078125 0.259375 0.021875 0.05625
2 0.16484375 0.19296875 0.015625 0.053125
2 0.29296875 0.921875 0.028125 0.040625
2 0.2125 0.95625 0.028125 0.0484375
2 0.240625 0.2 0.025 0.0375
2 0.184375 0.1421875 0.01875 0.053125
2 0.2609375 0.03359375 0.025 0.040625
2 0.29375 0.3796875 0.01875 0.034375
2 0.32578125 0.73671875 0.0234375 0.0484375
2 0.67265625 0.825 0.0265625 0.0359375
2 0.75234375 0.86953125 0.0375 0.0375
2 0.90078125 0.325 0.015625 0.0625
2 0.87578125 0.12109375 0.021875 0.053125
2 0.87265625 0.73828125 0.021875 0.05625
2 0.8171875 0.21328125 0.0265625 0.04375
2 0.5125 0.79765625 0.028125 0.053125