0 0.18203125 0.071875 0.08125 0.01875
0 0.48203125 0.07109375 0.065625 0.0203125
0 0.4546875 0.0328125 0.096875 0.028125
0 0.48359375 0.0484375 0.0734375 0.01875
0 0.60625 0.13203125 0.06875 0.021875
0 0.36640625 0.1828125 0.05 0.025
0 0.471875 0.18125 0.0890625 0.01875
0 0.6140625 0.2375 0.06875 0.021875
0 0.75078125 0.2671875 0.0390625 0.028125
0 0.89453125 0.2421875 0.05625 0.034375
0 0.83359375 0.18828125 0.08125 0.025
0 0.94140625 0.24140625 0.075 0.03125
0 0.321875 0.2328125 0.078125 0.021875
0 0.13125 0.10546875 0.065625 0.01875
0 0.346875 0.34765625 0.05625 0.0328125
0 0.16796875 0.42734375 0.0390625 0.025
0 0.3890625 0.434375 0.040625 0.03125
0 0.17578125 0.50078125 0.0921875 0.021875
0 0.225 0.525 0.040625 0.0375
0 0.725 0.4546875 0.065625 0.0171875
0 0.75234375 0.41796875 0.065625 0.01875
0 0.13125 0.56953125 0.0734375 0.028125
0 0.4734375 0.66484375 0.053125 0.0375
0 0.0953125 0.66171875 0.075 0.028125
0 0.0953125 0.7265625 0.0453125 0.0375
0 0.78359375 0.69921875 0.046875 0.034375
0 0.965625 0.690625 0.046875 0.0328125
0 0.09453125 0.82265625 0.0734375 0.0234375
0 0.29765625 0.81953125 0.08125 0.01875
0 0.621875 0.9546875 0.065625 0.03125
0 0.8015625 0.978125 0.075 0.0265625
0 0.4140625 0.978125 0.0625 0.01875
0 0.478125 0.928125 0.0703125 0.01875
0 0.334375 0.12734375 0.05625 0.025
0 0.2328125 0.14453125 0.0578125 0.0234375
0 0.05625 0.30234375 0.0375 0.0375
0 0.28671875 0.01171875 0.065625 0.021875