0 0.353125 0.06640625 0.046875 0.02578125
0 0.446875 0.08359375 0.06015625 0.0265625
0 0.73359375 0.103125 0.065625 0.021875
0 0.7046875 0.01328125 0.0828125 0.0265625
0 0.69609375 0.21953125 0.0796875 0.03671875
0 0.775 0.25546875 0.0578125 0.03046875
0 0.625 0.08984375 0.06484375 0.03125
0 0.825 0.165625 0.0578125 0.0234375
0 0.58828125 0.16484375 0.04375 0.028125
0 0.04765625 0.14609375 0.0703125 0.02421875
0 0.22421875 0.04296875 0.046875 0.0265625
0 0.296875 0.0984375 0.0484375 0.0234375
0 0.18984375 0.08671875 0.04609375 0.0234375
0 0.20859375 0.1203125 0.04296875 0.02109375
0 0.46171875 0.29765625 0.05625 0.034375
0 0.025 0.24296875 0.05 0.01875
0 0.01796875 0.6953125 0.0359375 0.028125
0 0.34609375 0.396875 0.071875 0.02109375
0 0.37421875 0.6671875 0.071875 0.0359375
0 0.165625 0.57890625 0.03359375 0.03984375
0 0.60234375 0.6375 0.04921875 0.01875
0 0.8671875 0.57890625 0.05234375 0.0203125
0 0.7234375 0.5953125 0.04140625 0.0265625
0 0.15390625 0.81015625 0.0546875 0.0234375
0 0.38359375 0.78984375 0.04765625 0.02109375
0 0.4921875 0.77578125 0.046875 0.01328125
0 0.215625 0.89765625 0.06015625 0.028125
0 0.82578125 0.7375 0.07109375 0.02109375
0 0.39140625 0.8296875 0.05625 0.01953125
0 0.09921875 0.603125 0.0765625 0.0296875
0 0.02421875 0.77265625 0.0484375 0.0390625
0 0.3109375 0.16484375 0.0734375 0.02578125
0 0.8484375 0.44765625 0.06015625 0.02109375
0 0.65390625 0.33203125 0.07109375 0.03046875
0 0.55234375 0.8328125 0.07734375 0.02265625
0 0.41953125 0.13515625 0.06875 0.021875
0 0.959375 0.17578125 0.0546875 0.02109375
0 0.040625 0.128125 0.08125 0.021875