0 0.1875 0.84765625 0.040625 0.0640625
0 0.24140625 0.96640625 0.021875 0.0234375
0 0.153125 0.77421875 0.021875 0.0671875
0 0.153125 0.43203125 0.025 0.0625
0 0.2203125 0.18203125 0.03125 0.053125
0 0.2171875 0.45234375 0.0125 0.05
0 0.228125 0.296875 0.021875 0.05625
0 0.2734375 0.46796875 0.01875 0.05625
0 0.35390625 0.29921875 0.021875 0.065625
0 0.13984375 0.12109375 0.0125 0.0578125
0 0.115625 0.13203125 0.015625 0.06875
0 0.41171875 0.19921875 0.034375 0.05625
0 0.39921875 0.4546875 0.015625 0.0640625
0 0.47421875 0.734375 0.0265625 0.0375
0 0.4734375 0.64609375 0.025 0.0765625
0 0.49609375 0.95234375 0.0171875 0.04375
0 0.47265625 0.93203125 0.0234375 0.084375
0 0.5734375 0.66484375 0.025 0.046875
0 0.6109375 0.8578125 0.025 0.05625
0 0.61796875 0.734375 0.021875 0.071875
0 0.615625 0.2296875 0.0203125 0.0765625
0 0.5703125 0.4203125 0.025 0.059375
0 0.4765625 0.1796875 0.01875 0.0578125
0 0.44765625 0.3671875 0.021875 0.0640625
0 0.6546875 0.2046875 0.0265625 0.0640625
0 0.659375 0.61015625 0.0171875 0.059375
0 0.71796875 0.6046875 0.025 0.04375
0 0.73828125 0.57578125 0.0296875 0.0578125
0 0.71484375 0.52734375 0.028125 0.06875
0 0.72578125 0.7859375 0.034375 0.0484375
0 0.73203125 0.69453125 0.03125 0.059375
0 0.8296875 0.50546875 0.021875 0.0875
0 0.81640625 0.3890625 0.015625 0.06875
0 0.803125 0.384375 0.0203125 0.0734375
0 0.84140625 0.83125 0.021875 0.0890625
0 0.815625 0.83203125 0.015625 0.05625
0 0.9015625 0.47265625 0.028125 0.0625
0 0.9546875 0.75390625 0.025 0.0765625
0 0.90859375 0.89765625 0.03125 0.0296875
0 0.86484375 0.33203125 0.0234375 0.078125
0 0.83828125 0.20859375 0.0203125 0.071875