0 0.54921875 0.065625 0.09140625 0.025
0 0.7703125 0.15390625 0.07578125 0.0453125
0 0.78359375 0.27265625 0.059375 0.0296875
0 0.55625 0.1078125 0.06328125 0.02109375
0 0.30234375 0.246875 0.0625 0.0234375
0 0.41796875 0.32578125 0.046875 0.02734375
0 0.52578125 0.215625 0.0484375 0.03515625
0 0.55078125 0.25390625 0.05703125 0.02421875
0 0.07578125 0.19453125 0.065625 0.02265625
0 0.03125 0.25390625 0.05546875 0.025
0 0.03046875 0.23203125 0.06015625 0.02265625
0 0.11328125 0.25390625 0.05390625 0.03671875
0 0.11015625 0.10859375 0.059375 0.034375
0 0.02578125 0.37109375 0.0515625 0.04453125
0 0.01484375 0.4125 0.0296875 0.028125
0 0.025 0.453125 0.04921875 0.01875
0 0.33671875 0.62734375 0.0609375 0.0296875
0 0.33828125 0.60703125 0.0578125 0.01640625
0 0.09296875 0.68203125 0.04375 0.02890625
0 0.2109375 0.7421875 0.0609375 0.0234375
0 0.37578125 0.84375 0.0546875 0.03046875
0 0.2046875 0.78203125 0.06796875 0.03671875
0 0.1390625 0.87265625 0.06015625 0.03203125
0 0.228125 0.9359375 0.03203125 0.0296875
0 0.42109375 0.80625 0.0578125 0.021875
0 0.4984375 0.81875 0.059375 0.0234375
0 0.44453125 0.75390625 0.04921875 0.0296875
0 0.5140625 0.75859375 0.040625 0.021875
0 0.728125 0.7296875 0.05234375 0.0296875
0 0.84296875 0.2890625 0.03203125 0.02421875
0 0.825 0.05546875 0.071875 0.025
0 0.11796875 0.0734375 0.0546875 0.0125