0 0.0921875 0.10078125 0.034375 0.071875
0 0.13046875 0.36875 0.0296875 0.0484375
0 0.090625 0.54140625 0.021875 0.040625
0 0.0921875 0.38046875 0.025 0.028125
0 0.11171875 0.4125 0.0140625 0.028125
0 0.134375 0.6546875 0.025 0.03125
0 0.1015625 0.75703125 0.021875 0.04375
0 0.071875 0.8328125 0.01875 0.05
0 0.18203125 0.07109375 0.0203125 0.05
0 0.2296875 0.559375 0.0234375 0.059375
0 0.27890625 0.45234375 0.0234375 0.04375
0 0.38984375 0.6984375 0.034375 0.040625
0 0.41015625 0.328125 0.0234375 0.05
0 0.4890625 0.26640625 0.025 0.05
0 0.50625 0.28984375 0.03125 0.05
0 0.5875 0.346875 0.03125 0.0421875
0 0.6515625 0.303125 0.021875 0.075
0 0.65390625 0.10703125 0.028125 0.075
0 0.71015625 0.2390625 0.034375 0.05
0 0.51484375 0.45390625 0.03125 0.05625
0 0.64296875 0.790625 0.0484375 0.040625
0 0.61484375 0.84609375 0.03125 0.05625
0 0.71796875 0.65859375 0.028125 0.046875
0 0.79609375 0.71015625 0.015625 0.059375
0 0.7703125 0.8 0.028125 0.0421875
0 0.88515625 0.7296875 0.025 0.053125
0 0.834375 0.4171875 0.034375 0.0625
0 0.84609375 0.07109375 0.0203125 0.053125
0 0.93515625 0.15390625 0.025 0.0625
0 0.8953125 0.23046875 0.0234375 0.0328125
0 0.90390625 0.2875 0.028125 0.065625
0 0.95078125 0.73828125 0.040625 0.05
0 0.68984375 0.859375 0.025 0.034375
0 0.58125 0.7734375 0.0453125 0.053125
0 0.12890625 0.9046875 0.0234375 0.0453125
0 0.13828125 0.93046875 0.025 0.0265625
0 0.2078125 0.93515625 0.028125 0.03125
0 0.221875 0.9859375 0.0375 0.021875
0 0.95859375 0.35 0.025 0.05625
0 0.89296875 0.8515625 0.025 0.0421875
0 0.68515625 0.934375 0.025 0.046875
0 0.27109375 0.98828125 0.0328125 0.0234375