0 0.06640625 0.6421875 0.021875 0.059375
0 0.15234375 0.93203125 0.04375 0.053125
0 0.19609375 0.79765625 0.028125 0.0546875
0 0.21796875 0.91015625 0.03125 0.053125
0 0.20078125 0.528125 0.028125 0.065625
0 0.25625 0.5609375 0.034375 0.05625
0 0.3484375 0.7859375 0.04375 0.053125
0 0.2234375 0.0765625 0.0421875 0.084375
0 0.11953125 0.46640625 0.025 0.0921875
0 0.4125 0.21328125 0.0453125 0.115625
0 0.47578125 0.19453125 0.03125 0.1
0 0.5359375 0.20390625 0.03125 0.08125
0 0.56875 0.49453125 0.0296875 0.046875
0 0.6140625 0.496875 0.0234375 0.0796875
0 0.63828125 0.2578125 0.03125 0.05
0 0.60703125 0.2390625 0.021875 0.0578125
0 0.67265625 0.30703125 0.028125 0.06875
0 0.659375 0.49921875 0.025 0.090625
0 0.70078125 0.5140625 0.0375 0.078125
0 0.825 0.48515625 0.034375 0.096875
0 0.85546875 0.65625 0.0296875 0.0609375
0 0.84453125 0.39765625 0.034375 0.0578125
0 0.78125 0.121875 0.046875 0.0625
0 0.67109375 0.875 0.040625 0.0703125
0 0.61484375 0.84375 0.04375 0.10625