0 0.93828125 0.04140625 0.103125 0.03984375
0 0.34921875 0.0390625 0.09375 0.03046875
0 0.21328125 0.028125 0.0796875 0.01640625
0 0.1875 0.04765625 0.0703125 0.01953125
0 0.05859375 0.08828125 0.05234375 0.025
0 0.1296875 0.13046875 0.065625 0.02890625
0 0.25234375 0.16484375 0.0734375 0.0234375
0 0.2265625 0.1765625 0.04609375 0.02421875
0 0.1109375 0.19453125 0.05859375 0.0265625
0 0.3296875 0.2390625 0.0453125 0.02734375
0 0.5984375 0.23359375 0.05234375 0.01484375
0 0.6046875 0.21796875 0.08046875 0.0109375
0 0.5421875 0.16328125 0.08203125 0.02890625
0 0.70078125 0.15390625 0.06015625 0.02421875
0 0.91015625 0.13515625 0.04609375 0.02265625
0 0.809375 0.10546875 0.03203125 0.02265625
0 0.86171875 0.1296875 0.0484375 0.01953125
0 0.928125 0.1859375 0.040625 0.01796875
0 0.9359375 0.21796875 0.03203125 0.021875
0 0.95 0.2046875 0.04609375 0.015625
0 0.765625 0.215625 0.0546875 0.02890625
0 0.6484375 0.31484375 0.04375 0.03203125
0 0.61953125 0.2828125 0.04453125 0.028125
0 0.79453125 0.33359375 0.04140625 0.03125
0 0.8203125 0.32421875 0.034375 0.02265625
0 0.9359375 0.29609375 0.03359375 0.01796875
0 0.36484375 0.3484375 0.065625 0.03203125
0 0.7390625 0.44921875 0.04453125 0.02265625
0 0.77890625 0.428125 0.0609375 0.01171875
0 0.59375 0.57421875 0.04609375 0.0171875
0 0.40859375 0.703125 0.053125 0.0265625
0 0.71640625 0.7046875 0.04140625 0.03203125
0 0.7953125 0.69375 0.05078125 0.025
0 0.61328125 0.740625 0.0609375 0.025
0 0.28046875 0.7609375 0.075 0.028125
0 0.09453125 0.775 0.0671875 0.021875
0 0.06171875 0.74921875 0.04765625 0.0234375
0 0.16171875 0.80703125 0.07265625 0.021875
0 0.2921875 0.853125 0.08125 0.025
0 0.14296875 0.86328125 0.06796875 0.01953125
0 0.43515625 0.8375 0.04765625 0.025
0 0.41796875 0.85703125 0.06796875 0.0171875
0 0.74296875 0.8625 0.07265625 0.01171875
0 0.65625 0.8859375 0.0515625 0.01796875
0 0.38828125 0.97421875 0.06796875 0.02734375
0 0.2015625 0.92265625 0.06875 0.01875
0 0.18125 0.95390625 0.0734375 0.02109375
0 0.028125 0.93828125 0.05625 0.015625
0 0.0953125 0.9484375 0.05078125 0.015625
0 0.6671875 0.984375 0.071875 0.03125