0 0.31796875 0.0265625 0.046875 0.015625
0 0.328125 0.096875 0.065625 0.0203125
0 0.5734375 0.040625 0.059375 0.015625
0 0.13984375 0.0515625 0.08125 0.025
0 0.83203125 0.09609375 0.0859375 0.0203125
0 0.765625 0.134375 0.0578125 0.028125
0 0.95078125 0.15 0.05625 0.0234375
0 0.9078125 0.10234375 0.0578125 0.025
0 0.56796875 0.13046875 0.0703125 0.025
0 0.31640625 0.14296875 0.0703125 0.0234375
0 0.43515625 0.16796875 0.065625 0.025
0 0.8828125 0.209375 0.05 0.028125
0 0.96875 0.2515625 0.0625 0.021875
0 0.65625 0.2125 0.071875 0.015625
0 0.509375 0.29140625 0.059375 0.021875
0 0.58359375 0.2046875 0.05625 0.0359375
0 0.68984375 0.37421875 0.046875 0.021875
0 0.51328125 0.465625 0.0671875 0.0375
0 0.565625 0.49921875 0.0546875 0.03125
0 0.7 0.48515625 0.065625 0.0375
0 0.85625 0.546875 0.059375 0.025
0 0.86328125 0.51796875 0.0515625 0.028125
0 0.78046875 0.54765625 0.0734375 0.01875
0 0.95390625 0.55078125 0.0375 0.025
0 0.93046875 0.6875 0.0390625 0.0375
0 0.765625 0.74921875 0.06875 0.01875
0 0.55546875 0.76875 0.078125 0.021875
0 0.84296875 0.7953125 0.065625 0.0203125
0 0.9234375 0.8296875 0.0734375 0.021875
0 0.88359375 0.86171875 0.05 0.034375
0 0.8375 0.87578125 0.0859375 0.0234375
0 0.82734375 0.84296875 0.075 0.025
0 0.584375 0.8546875 0.0890625 0.021875
0 0.58671875 0.89765625 0.053125 0.028125
0 0.7328125 0.91015625 0.059375 0.01875
0 0.7140625 0.67578125 0.046875 0.03125
0 0.4625 0.72734375 0.040625 0.03125
0 0.24921875 0.690625 0.0671875 0.025
0 0.33359375 0.3703125 0.059375 0.025