2 0.06328125 0.2046875 0.0203125 0.040625
2 0.06875 0.1734375 0.025 0.0625
2 0.146875 0.0875 0.021875 0.04375
2 0.134375 0.0515625 0.028125 0.06875
2 0.1484375 0.30078125 0.025 0.040625
2 0.209375 0.1015625 0.021875 0.0625
2 0.17265625 0.0359375 0.03125 0.0484375
2 0.17890625 0.2109375 0.025 0.0390625
2 0.1984375 0.3546875 0.021875 0.06875
2 0.09140625 0.48515625 0.01875 0.065625
2 0.11953125 0.8015625 0.01875 0.0578125
2 0.1109375 0.77578125 0.01875 0.0390625
2 0.0875 0.7421875 0.015625 0.053125
2 0.07578125 0.840625 0.025 0.059375
2 0.11015625 0.92890625 0.0234375 0.0515625
2 0.1515625 0.58125 0.0125 0.0953125
2 0.14296875 0.57421875 0.009375 0.090625
2 0.11875 0.63984375 0.015625 0.06875
2 0.1546875 0.97890625 0.0203125 0.03125
2 0.2890625 0.909375 0.025 0.03125
2 0.259375 0.96953125 0.0265625 0.03125
2 0.38984375 0.98515625 0.0390625 0.0296875
2 0.365625 0.95 0.028125 0.034375
2 0.4671875 0.92734375 0.0203125 0.0421875
2 0.53046875 0.946875 0.028125 0.0359375
2 0.5484375 0.8921875 0.015625 0.046875
2 0.5984375 0.92578125 0.03125 0.05
2 0.6546875 0.89609375 0.028125 0.040625
2 0.62890625 0.8515625 0.03125 0.0375
2 0.48125 0.534375 0.021875 0.065625
2 0.58125 0.534375 0.025 0.04375
2 0.67734375 0.50390625 0.0203125 0.05
2 0.68046875 0.25859375 0.0203125 0.04375
2 0.80546875 0.178125 0.01875 0.05625
2 0.82265625 0.3765625 0.0234375 0.0296875
2 0.8265625 0.51015625 0.0203125 0.0671875
2 0.778125 0.66015625 0.01875 0.0546875
2 0.73671875 0.92890625 0.028125 0.0421875
2 0.81171875 0.89375 0.01875 0.065625
2 0.75859375 0.86875 0.015625 0.0421875
2 0.7171875 0.89140625 0.0125 0.0453125
2 0.60859375 0.78359375 0.01875 0.053125
2 0.75078125 0.80859375 0.025 0.059375
2 0.7375 0.7921875 0.028125 0.0578125
2 0.665625 0.01953125 0.03125 0.0390625
2 0.60390625 0.23203125 0.021875 0.046875
2 0.22109375 0.928125 0.021875 0.046875