2 0.128125 0.08828125 0.03828125 0.03984375
2 0.234375 0.14765625 0.05234375 0.01875
2 0.26875 0.16015625 0.0421875 0.0109375
2 0.10625 0.12890625 0.04609375 0.03671875
2 0.48203125 0.134375 0.06796875 0.025
2 0.63828125 0.09296875 0.0703125 0.0171875
2 0.734375 0.109375 0.07890625 0.0203125
2 0.7078125 0.09765625 0.05625 0.0125
2 0.875 0.14296875 0.07890625 0.025
2 0.728125 0.171875 0.05625 0.0234375
2 0.06171875 0.32578125 0.03359375 0.03828125
2 0.04375 0.2515625 0.0359375 0.03671875
2 0.05625 0.23203125 0.04375 0.034375
2 0.3859375 0.4359375 0.040625 0.025
2 0.71015625 0.4859375 0.06015625 0.02265625
2 0.275 0.525 0.05 0.02265625
2 0.39765625 0.5890625 0.03671875 0.028125
2 0.17265625 0.4828125 0.04375 0.03671875
2 0.21796875 0.48671875 0.03203125 0.02265625
2 0.1421875 0.5421875 0.03359375 0.03046875
2 0.0609375 0.478125 0.03203125 0.03046875
2 0.08203125 0.62890625 0.03984375 0.0296875
2 0.11875 0.79453125 0.03828125 0.03515625
2 0.25546875 0.8296875 0.03828125 0.03125
2 0.5046875 0.76484375 0.05390625 0.01875
2 0.13671875 0.7015625 0.04375 0.03046875
2 0.7359375 0.77734375 0.03828125 0.0296875
2 0.128125 0.8453125 0.0765625 0.01875
2 0.1984375 0.86875 0.05234375 0.02265625
2 0.80625 0.87265625 0.08671875 0.021875
2 0.9234375 0.6921875 0.03203125 0.0265625
2 0.87265625 0.203125 0.06171875 0.0265625
2 0.0421875 0.58046875 0.0359375 0.04453125
2 0.29765625 0.77265625 0.04609375 0.0234375