0 0.2671875 0.09375 0.0765625 0.021875
0 0.421875 0.01875 0.090625 0.0203125
0 0.365625 0.08984375 0.078125 0.0515625
0 0.8734375 0.11640625 0.09375 0.028125
0 0.921875 0.15390625 0.05625 0.0265625
0 0.4109375 0.1734375 0.103125 0.0359375
0 0.69765625 0.225 0.0578125 0.046875
0 0.8140625 0.234375 0.084375 0.0375
0 0.78828125 0.3140625 0.10625 0.0625
0 0.7 0.13125 0.0703125 0.025
0 0.28984375 0.14140625 0.071875 0.028125
0 0.16484375 0.12578125 0.10625 0.040625
0 0.4453125 0.12734375 0.0953125 0.0328125
0 0.23046875 0.4015625 0.0609375 0.05625
0 0.6734375 0.34609375 0.121875 0.0375
0 0.77265625 0.4859375 0.0890625 0.01875
0 0.846875 0.5234375 0.059375 0.0421875
0 0.475 0.76875 0.046875 0.046875
0 0.61796875 0.6703125 0.0625 0.034375
0 0.6046875 0.73359375 0.0546875 0.025
0 0.734375 0.72265625 0.065625 0.025
0 0.8046875 0.67890625 0.0671875 0.0265625
0 0.95078125 0.66796875 0.0734375 0.034375
0 0.94140625 0.79140625 0.075 0.0375
0 0.45546875 0.8109375 0.0578125 0.028125
0 0.50859375 0.85703125 0.03125 0.0296875
0 0.0828125 0.65625 0.059375 0.03125
0 0.18828125 0.528125 0.0984375 0.03125
0 0.44296875 0.496875 0.0671875 0.0328125
0 0.94921875 0.85703125 0.09375 0.034375
0 0.73984375 0.88984375 0.0671875 0.021875
0 0.71015625 0.8875 0.06875 0.025
0 0.321875 0.8640625 0.0625 0.021875
0 0.9625 0.95546875 0.075 0.0375
0 0.4828125 0.5875 0.084375 0.0359375
0 0.1703125 0.59921875 0.0875 0.034375
0 0.56796875 0.78046875 0.065625 0.0234375
0 0.725 0.54140625 0.06875 0.028125
0 0.04453125 0.303125 0.084375 0.046875
0 0.30078125 0.459375 0.08125 0.0453125
0 0.77421875 0.7640625 0.071875 0.025