0 0.22578125 0.05 0.053125 0.025
0 0.07109375 0.0671875 0.05390625 0.0296875
0 0.1046875 0.09453125 0.05625 0.02109375
0 0.321875 0.15390625 0.08359375 0.01796875
0 0.396875 0.115625 0.09609375 0.01953125
0 0.3390625 0.08984375 0.08125 0.02109375
0 0.77265625 0.028125 0.06640625 0.025
0 0.6015625 0.24375 0.07265625 0.0140625
0 0.54765625 0.25 0.06484375 0.02265625
0 0.6625 0.265625 0.059375 0.021875
0 0.7609375 0.153125 0.0765625 0.03125
0 0.2078125 0.4484375 0.034375 0.0359375
0 0.47890625 0.47421875 0.090625 0.01953125
0 0.76328125 0.46796875 0.08515625 0.02109375
0 0.24609375 0.5 0.05390625 0.01875
0 0.07890625 0.6 0.06171875 0.040625
0 0.03125 0.67890625 0.028125 0.04140625
0 0.240625 0.66796875 0.0390625 0.0296875
0 0.26484375 0.6625 0.0703125 0.021875
0 0.30625 0.72578125 0.04296875 0.02578125
0 0.67734375 0.5703125 0.059375 0.0171875
0 0.7953125 0.6546875 0.0453125 0.03125
0 0.69765625 0.796875 0.08125 0.0328125
0 0.7859375 0.784375 0.04296875 0.0265625
0 0.34375 0.83515625 0.0578125 0.0296875
0 0.36484375 0.80546875 0.0765625 0.0265625
0 0.0484375 0.81953125 0.05546875 0.03125
0 0.10859375 0.9125 0.0625 0.025
0 0.5046875 0.9046875 0.05625 0.02421875
0 0.70859375 0.90390625 0.05546875 0.02265625
0 0.153125 0.95 0.07265625 0.025
0 0.81171875 0.7375 0.05 0.0328125
0 0.95234375 0.646875 0.05 0.0375
0 0.059375 0.73046875 0.0578125 0.02734375
0 0.29609375 0.815625 0.0546875 0.02578125