0 0.96796875 0.890625 0.0328125 0.065625
0 0.91640625 0.590625 0.01875 0.075
0 0.87578125 0.8484375 0.028125 0.0609375
0 0.83125 0.925 0.028125 0.065625
0 0.85 0.94921875 0.0375 0.05
0 0.7953125 0.8875 0.028125 0.06875
0 0.790625 0.8 0.025 0.0546875
0 0.93046875 0.14765625 0.0203125 0.059375
0 0.96015625 0.153125 0.01875 0.05625
0 0.98125 0.10703125 0.01875 0.059375
0 0.91015625 0.3671875 0.021875 0.0625
0 0.8546875 0.41640625 0.021875 0.05625
0 0.81015625 0.3 0.028125 0.0734375
0 0.71328125 0.47734375 0.0140625 0.0578125
0 0.80625 0.36875 0.021875 0.065625
0 0.70859375 0.88203125 0.0171875 0.06875
0 0.56953125 0.8015625 0.03125 0.071875
0 0.5125 0.7484375 0.015625 0.05
0 0.53984375 0.63515625 0.015625 0.053125
0 0.5375 0.70546875 0.021875 0.046875
0 0.46953125 0.1890625 0.028125 0.0390625
0 0.46875 0.48046875 0.0265625 0.05
0 0.41640625 0.8796875 0.028125 0.0296875
0 0.40234375 0.95234375 0.03125 0.0390625
0 0.33125 0.71328125 0.0265625 0.059375
0 0.34921875 0.55625 0.0234375 0.078125
0 0.33984375 0.4328125 0.021875 0.0625
0 0.2859375 0.51640625 0.021875 0.065625
0 0.275 0.703125 0.028125 0.0578125
0 0.2546875 0.67265625 0.0265625 0.0703125
0 0.33125 0.10703125 0.03125 0.0375
0 0.22421875 0.11015625 0.025 0.04375
0 0.25 0.11171875 0.0296875 0.071875
0 0.17890625 0.61015625 0.0203125 0.078125
0 0.17578125 0.67734375 0.021875 0.0625
0 0.20859375 0.66796875 0.0171875 0.0625
0 0.17109375 0.496875 0.021875 0.065625
0 0.04609375 0.328125 0.025 0.053125
0 0.08359375 0.45625 0.028125 0.0359375
0 0.0765625 0.53125 0.03125 0.040625
0 0.084375 0.584375 0.025 0.0703125
0 0.40234375 0.58203125 0.0234375 0.0875