0 0.259375 0.096875 0.065625 0.025
0 0.15703125 0.14140625 0.04375 0.0265625
0 0.19609375 0.12734375 0.071875 0.0203125
0 0.2265625 0.16171875 0.0578125 0.0234375
0 0.115625 0.22734375 0.0390625 0.03515625
0 0.02734375 0.08046875 0.0546875 0.03125
0 0.48046875 0.11484375 0.05078125 0.02109375
0 0.715625 0.05234375 0.07578125 0.01875
0 0.746875 0.14296875 0.05625 0.02109375
0 0.67265625 0.2140625 0.07265625 0.01640625
0 0.86640625 0.14609375 0.04140625 0.02421875
0 0.9625 0.14765625 0.0546875 0.0171875
0 0.7859375 0.18046875 0.05078125 0.01875
0 0.521875 0.1421875 0.0453125 0.0203125
0 0.65234375 0.2546875 0.04296875 0.0171875
0 0.89375 0.265625 0.04296875 0.01875
0 0.75625 0.3453125 0.03515625 0.03203125
0 0.34453125 0.44453125 0.0453125 0.0171875
0 0.43828125 0.4734375 0.05234375 0.028125
0 0.046875 0.4703125 0.0484375 0.028125
0 0.0703125 0.47265625 0.04765625 0.0171875
0 0.3640625 0.5515625 0.0546875 0.0171875
0 0.39296875 0.6109375 0.04921875 0.02265625
0 0.63828125 0.65625 0.040625 0.02890625
0 0.2171875 0.66328125 0.05703125 0.025
0 0.10859375 0.76484375 0.0484375 0.02890625
0 0.3125 0.690625 0.0515625 0.01875
0 0.22421875 0.7953125 0.05859375 0.0171875
0 0.2484375 0.7875 0.0546875 0.01796875
0 0.0921875 0.7953125 0.046875 0.01875
0 0.46875 0.771875 0.02890625 0.01328125
0 0.90078125 0.70859375 0.02890625 0.034375
0 0.1578125 0.87578125 0.05546875 0.025
0 0.23515625 0.89140625 0.053125 0.02578125
0 0.05390625 0.953125 0.05859375 0.0234375
0 0.465625 0.88046875 0.0515625 0.02578125
0 0.6703125 0.92265625 0.05625 0.015625
0 0.53828125 0.8109375 0.05546875 0.028125
0 0.0234375 0.65859375 0.046875 0.0234375
0 0.10703125 0.1625 0.05546875 0.01796875
0 0.5078125 0.021875 0.05390625 0.01875