2 0.05625 0.1015625 0.025 0.0625
2 0.11484375 0.15859375 0.0328125 0.034375
2 0.0703125 0.19453125 0.025 0.0484375
2 0.0828125 0.43046875 0.0203125 0.040625
2 0.0625 0.44765625 0.0171875 0.06875
2 0.08671875 0.675 0.025 0.05625
2 0.11328125 0.7078125 0.0234375 0.0609375
2 0.0671875 0.81796875 0.0171875 0.040625
2 0.17421875 0.47421875 0.025 0.06875
2 0.17421875 0.53125 0.021875 0.05
2 0.1671875 0.58359375 0.021875 0.05
2 0.15625 0.7828125 0.021875 0.0375
2 0.1328125 0.953125 0.0171875 0.046875
2 0.10859375 0.97890625 0.0171875 0.040625
2 0.2171875 0.98359375 0.021875 0.0328125
2 0.15703125 0.05546875 0.0328125 0.04375
2 0.2859375 0.0296875 0.028125 0.0390625
2 0.271875 0.09453125 0.0328125 0.0390625
2 0.25390625 0.1203125 0.0203125 0.053125
2 0.24140625 0.14765625 0.01875 0.059375
2 0.41328125 0.0171875 0.03125 0.034375
2 0.375 0.09296875 0.025 0.053125
2 0.4453125 0.178125 0.0140625 0.028125
2 0.56953125 0.14453125 0.028125 0.0421875
2 0.52265625 0.09140625 0.01875 0.034375
2 0.52265625 0.31796875 0.01875 0.0421875
2 0.61875 0.41171875 0.01875 0.075
2 0.503125 0.64765625 0.01875 0.08125
2 0.4984375 0.675 0.021875 0.0625
2 0.4015625 0.76640625 0.0296875 0.040625
2 0.8140625 0.17734375 0.0171875 0.053125
2 0.81484375 0.25625 0.021875 0.059375
2 0.85703125 0.24453125 0.015625 0.053125
2 0.8265625 0.1203125 0.0234375 0.0375
2 0.7578125 0.3078125 0.021875 0.03125
2 0.7265625 0.32578125 0.015625 0.05
2 0.76875 0.1625 0.021875 0.034375
2 0.75 0.17578125 0.01875 0.053125
2 0.68203125 0.07578125 0.025 0.025
2 0.65078125 0.10546875 0.025 0.034375
2 0.8375 0.8890625 0.0125 0.0625
2 0.81015625 0.8984375 0.01875 0.0421875
2 0.809375 0.73359375 0.0125 0.04375
2 0.81875 0.5703125 0.0171875 0.0734375
2 0.80859375 0.57734375 0.015625 0.05
2 0.246875 0.7765625 0.021875 0.034375