2 0.83359375 0.02890625 0.05625 0.040625
2 0.7578125 0.09609375 0.05625 0.025
2 0.5265625 0.1109375 0.05625 0.025
2 0.12890625 0.06796875 0.1 0.025
2 0.1203125 0.11875 0.034375 0.04375
2 0.05078125 0.11015625 0.075 0.015625
2 0.86796875 0.26640625 0.0625 0.0375
2 0.87578125 0.18828125 0.0703125 0.040625
2 0.6421875 0.4296875 0.06875 0.021875
2 0.8953125 0.42734375 0.0515625 0.046875
2 0.52890625 0.5671875 0.034375 0.0375
2 0.62109375 0.58828125 0.046875 0.0359375
2 0.87734375 0.59453125 0.05625 0.025
2 0.87890625 0.665625 0.040625 0.0375
2 0.7265625 0.75234375 0.065625 0.0234375
2 0.3734375 0.78515625 0.06875 0.0296875
2 0.44765625 0.834375 0.04375 0.025
2 0.2375 0.86953125 0.065625 0.021875
2 0.0703125 0.87734375 0.0359375 0.025
2 0.64765625 0.8625 0.05625 0.0265625
2 0.7359375 0.83359375 0.075 0.0234375
2 0.8375 0.8609375 0.059375 0.025
2 0.1578125 0.74453125 0.05625 0.0265625
2 0.90078125 0.7546875 0.046875 0.03125
2 0.36484375 0.10078125 0.08125 0.025
2 0.83671875 0.41328125 0.0421875 0.0375
2 0.80390625 0.70234375 0.0375 0.034375
2 0.61171875 0.84453125 0.065625 0.03125
2 0.1265625 0.67109375 0.059375 0.021875