0 0.9328125 0.1375 0.05625 0.01875
0 0.88125 0.1125 0.0734375 0.0171875
0 0.96640625 0.1015625 0.0390625 0.0171875
0 0.78203125 0.01015625 0.0765625 0.0203125
0 0.41796875 0.01484375 0.084375 0.0234375
0 0.38203125 0.09453125 0.078125 0.021875
0 0.24453125 0.09375 0.0625 0.03125
0 0.17421875 0.11875 0.0671875 0.0234375
0 0.4375 0.128125 0.08125 0.021875
0 0.271875 0.14921875 0.0765625 0.01875
0 0.4109375 0.1765625 0.065625 0.028125
0 0.6484375 0.16171875 0.0703125 0.021875
0 0.68515625 0.23125 0.059375 0.03125
0 0.8140625 0.2421875 0.05625 0.021875
0 0.78046875 0.3078125 0.0625 0.0328125
0 0.95390625 0.1515625 0.059375 0.021875
0 0.70859375 0.1296875 0.0671875 0.021875
0 0.6609375 0.34765625 0.059375 0.034375
0 0.8734375 0.5171875 0.065625 0.025
0 0.72109375 0.5421875 0.0609375 0.025
0 0.4609375 0.50625 0.0625 0.028125
0 0.41328125 0.5765625 0.075 0.025
0 0.80390625 0.67734375 0.0390625 0.0375
0 0.7453125 0.72421875 0.06875 0.028125
0 0.7640625 0.759375 0.065625 0.0234375
0 0.56640625 0.7421875 0.0734375 0.025
0 0.46875 0.75546875 0.053125 0.03125
0 0.1875 0.65390625 0.034375 0.0265625
0 0.1 0.6625 0.0578125 0.015625
0 0.090625 0.634375 0.06875 0.015625
0 0.50625 0.6046875 0.065625 0.021875
0 0.61875 0.67734375 0.0515625 0.025
0 0.92734375 0.8609375 0.090625 0.01875
0 0.921875 0.84140625 0.075 0.025
0 0.67109375 0.84921875 0.065625 0.0203125
0 0.74375 0.88515625 0.06875 0.01875
0 0.70390625 0.8828125 0.0515625 0.025
0 0.92734375 0.95625 0.0765625 0.01875
0 0.97734375 0.95703125 0.0453125 0.0390625
0 0.7671875 0.971875 0.0625 0.028125
0 0.365625 0.87265625 0.109375 0.015625