2 0.95078125 0.81328125 0.0203125 0.0796875
2 0.89375 0.5109375 0.021875 0.059375
2 0.8890625 0.25625 0.0171875 0.0875
2 0.90390625 0.253125 0.015625 0.059375
2 0.8453125 0.56484375 0.0265625 0.0546875
2 0.82421875 0.84140625 0.028125 0.040625
2 0.90859375 0.83359375 0.021875 0.059375
2 0.76171875 0.9328125 0.01875 0.05625
2 0.61796875 0.93203125 0.034375 0.0453125
2 0.659375 0.7765625 0.0453125 0.0484375
2 0.58125 0.6140625 0.0375 0.046875
2 0.50234375 0.84140625 0.025 0.034375
2 0.3875 0.5328125 0.040625 0.0375
2 0.40859375 0.6109375 0.0265625 0.03125
2 0.41171875 0.90859375 0.0296875 0.0453125
2 0.28359375 0.8546875 0.03125 0.046875
2 0.22421875 0.85703125 0.021875 0.04375
2 0.15234375 0.72109375 0.021875 0.065625
2 0.1703125 0.5921875 0.025 0.05625
2 0.1984375 0.53515625 0.021875 0.071875
2 0.1640625 0.271875 0.021875 0.059375
2 0.2421875 0.61640625 0.025 0.0734375
2 0.29296875 0.728125 0.025 0.0453125
2 0.22421875 0.796875 0.03125 0.04375
2 0.5359375 0.4671875 0.021875 0.0484375
2 0.85 0.0765625 0.021875 0.0484375
2 0.9515625 0.0625 0.021875 0.078125
2 0.89375 0.77109375 0.028125 0.046875
2 0.9125 0.73515625 0.025 0.059375