0 0.99375 0.2453125 0.0125 0.04375
0 0.9578125 0.3453125 0.01875 0.05
0 0.93125 0.18125 0.028125 0.071875
0 0.89765625 0.0375 0.025 0.05
0 0.87265625 0.30390625 0.0265625 0.065625
0 0.8296875 0.46484375 0.021875 0.071875
0 0.84296875 0.89453125 0.028125 0.0765625
0 0.98671875 0.91875 0.015625 0.059375
0 0.83515625 0.72734375 0.025 0.084375
0 0.76796875 0.70390625 0.03125 0.05625
0 0.7390625 0.334375 0.025 0.05625
0 0.646875 0.66640625 0.0296875 0.040625
0 0.61015625 0.228125 0.028125 0.053125
0 0.6 0.0546875 0.028125 0.046875
0 0.47421875 0.41875 0.03125 0.05625
0 0.53828125 0.43203125 0.025 0.05625
0 0.54296875 0.11875 0.0375 0.059375
0 0.5515625 0.24609375 0.021875 0.053125
0 0.43203125 0.4125 0.021875 0.046875
0 0.37421875 0.8921875 0.0234375 0.0390625
0 0.37109375 0.7890625 0.021875 0.0609375
0 0.31171875 0.59921875 0.025 0.0609375
0 0.2515625 0.58359375 0.0203125 0.046875
0 0.25078125 0.37109375 0.0265625 0.04375
0 0.32890625 0.05703125 0.025 0.0453125
0 0.27578125 0.05078125 0.04375 0.053125
0 0.13046875 0.52734375 0.028125 0.08125
0 0.1546875 0.75859375 0.021875 0.071875
0 0.19375 0.8421875 0.0265625 0.0453125
0 0.21015625 0.7640625 0.0140625 0.0515625
0 0.2078125 0.959375 0.01875 0.0625
0 0.1046875 0.46171875 0.015625 0.04375
0 0.0875 0.4234375 0.015625 0.05
0 0.0515625 0.69140625 0.021875 0.028125
0 0.04921875 0.5109375 0.0265625 0.040625
0 0.06640625 0.496875 0.01875 0.071875
0 0.0421875 0.440625 0.021875 0.0484375
0 0.371875 0.1625 0.021875 0.04375