2 0.7078125 0.1328125 0.08203125 0.04453125
2 0.75703125 0.17578125 0.05390625 0.0171875
2 0.528125 0.08984375 0.0921875 0.03125
2 0.446875 0.12734375 0.08125 0.03828125
2 0.1578125 0.06875 0.04765625 0.03046875
2 0.078125 0.0578125 0.07578125 0.0484375
2 0.05 0.134375 0.06640625 0.0390625
2 0.09765625 0.1875 0.04453125 0.03046875
2 0.14765625 0.1640625 0.040625 0.0359375
2 0.0953125 0.2671875 0.04375 0.04375
2 0.11015625 0.340625 0.034375 0.040625
2 0.146875 0.340625 0.0578125 0.03984375
2 0.42578125 0.38828125 0.0390625 0.034375
2 0.5234375 0.3890625 0.071875 0.05
2 0.6484375 0.3796875 0.071875 0.03515625
2 0.9375 0.284375 0.05390625 0.02578125
2 0.2640625 0.4484375 0.0703125 0.0328125
2 0.1890625 0.5515625 0.05234375 0.040625
2 0.1484375 0.5421875 0.04921875 0.03984375
2 0.09140625 0.51875 0.03828125 0.0421875
2 0.4515625 0.6140625 0.04296875 0.03125
2 0.48359375 0.63828125 0.07421875 0.0359375
2 0.378125 0.64609375 0.06875 0.0484375
2 0.2171875 0.63828125 0.084375 0.02890625
2 0.1 0.74140625 0.0390625 0.02890625
2 0.08046875 0.80390625 0.08828125 0.034375
2 0.309375 0.8421875 0.09375 0.02421875
2 0.22578125 0.86171875 0.06171875 0.02265625
2 0.203125 0.8609375 0.046875 0.01953125
2 0.56796875 0.821875 0.06015625 0.02109375