0 0.85625 0.05625 0.0546875 0.0171875
0 0.91484375 0.0734375 0.0546875 0.01875
0 0.51640625 0.09609375 0.065625 0.0140625
0 0.909375 0.10390625 0.065625 0.01875
0 0.8640625 0.1375 0.071875 0.01875
0 0.60703125 0.17421875 0.071875 0.0234375
0 0.3546875 0.17265625 0.0390625 0.0328125
0 0.22578125 0.1328125 0.065625 0.0125
0 0.70546875 0.21796875 0.04375 0.025
0 0.7359375 0.26953125 0.04375 0.021875
0 0.9796875 0.20859375 0.034375 0.028125
0 0.909375 0.24453125 0.04375 0.03125
0 0.08359375 0.2046875 0.0328125 0.021875
0 0.05625 0.3015625 0.009375 0.0171875
0 0.42109375 0.20390625 0.053125 0.0171875
0 0.50625 0.29140625 0.0640625 0.015625
0 0.3234375 0.35234375 0.053125 0.0203125
0 0.6546875 0.35390625 0.0625 0.01875
0 0.08671875 0.3984375 0.059375 0.0171875
0 0.821875 0.42578125 0.075 0.01875
0 0.69375 0.46484375 0.040625 0.028125
0 0.3015625 0.55546875 0.053125 0.0265625
0 0.865625 0.5421875 0.08125 0.01875
0 0.6140625 0.56640625 0.05 0.0171875
0 0.42734375 0.5921875 0.05625 0.01875
0 0.42265625 0.64296875 0.053125 0.021875
0 0.33203125 0.63828125 0.05625 0.0203125
0 0.39765625 0.6234375 0.05625 0.0125
0 0.85078125 0.62734375 0.05 0.025
0 0.92109375 0.6234375 0.05 0.03125
0 0.78125 0.7703125 0.05625 0.0234375
0 0.928125 0.7640625 0.075 0.021875
0 0.609375 0.84296875 0.059375 0.03125
0 0.34609375 0.85625 0.071875 0.021875
0 0.30234375 0.91796875 0.065625 0.025
0 0.7640625 0.81484375 0.0328125 0.025
0 0.7640625 0.725 0.059375 0.01875
0 0.74765625 0.925 0.071875 0.0171875
0 0.73203125 0.5859375 0.040625 0.025