0 0.18125 0.0859375 0.06875 0.015625
0 0.2640625 0.1171875 0.05859375 0.02265625
0 0.27890625 0.10703125 0.05 0.02421875
0 0.4046875 0.0359375 0.0515625 0.0296875
0 0.4328125 0.04609375 0.05078125 0.02421875
0 0.521875 0.1453125 0.05078125 0.02421875
0 0.56015625 0.1390625 0.05625 0.02578125
0 0.43515625 0.13203125 0.08046875 0.0265625
0 0.38203125 0.14296875 0.04296875 0.021875
0 0.11171875 0.15234375 0.0546875 0.01640625
0 0.1078125 0.20703125 0.0765625 0.01953125
0 0.025 0.13984375 0.04921875 0.02734375
0 0.24921875 0.228125 0.04921875 0.01875
0 0.771875 0.13515625 0.09140625 0.02578125
0 0.90625 0.12890625 0.0765625 0.02265625
0 0.79140625 0.17890625 0.07421875 0.025
0 0.49921875 0.215625 0.05625 0.03515625
0 0.2359375 0.2796875 0.04609375 0.03046875
0 0.0734375 0.28671875 0.071875 0.021875
0 0.7984375 0.2609375 0.04609375 0.028125
0 0.8359375 0.39375 0.04921875 0.0234375
0 0.28359375 0.50703125 0.04140625 0.0203125
0 0.2453125 0.496875 0.04609375 0.028125
0 0.28125 0.40234375 0.03515625 0.021875
0 0.7484375 0.52890625 0.046875 0.0203125
0 0.6765625 0.55390625 0.03828125 0.01796875
0 0.55703125 0.55859375 0.0546875 0.0203125
0 0.334375 0.56796875 0.03203125 0.02109375
0 0.3546875 0.54921875 0.040625 0.025
0 0.8546875 0.43046875 0.03671875 0.02109375
0 0.5421875 0.38515625 0.04453125 0.015625
0 0.55859375 0.48515625 0.046875 0.021875
0 0.8390625 0.64609375 0.03046875 0.02421875
0 0.790625 0.63671875 0.04375 0.02109375
0 0.51328125 0.6515625 0.04140625 0.02265625
0 0.353125 0.70546875 0.0453125 0.01484375
0 0.3703125 0.62578125 0.05546875 0.015625
0 0.1671875 0.565625 0.04453125 0.0234375
0 0.07890625 0.6078125 0.04296875 0.02265625
0 0.16953125 0.70703125 0.03359375 0.02109375
0 0.19140625 0.7359375 0.05859375 0.01796875
0 0.41015625 0.86875 0.04765625 0.02109375
0 0.36875 0.93125 0.0390625 0.0203125
0 0.25390625 0.85 0.0546875 0.01953125
0 0.35546875 0.82265625 0.05078125 0.01640625
0 0.4234375 0.79375 0.03828125 0.01484375
0 0.48828125 0.7875 0.0390625 0.01328125
0 0.675 0.78125 0.04375 0.0234375
0 0.76015625 0.9796875 0.0328125 0.028125
0 0.84296875 0.56328125 0.0484375 0.02578125