0 0.0296875 0.49296875 0.015625 0.053125
0 0.040625 0.240625 0.015625 0.05
0 0.1125 0.58828125 0.01875 0.046875
0 0.14375 0.68671875 0.025 0.0453125
0 0.16640625 0.35625 0.025 0.0359375
0 0.18203125 0.38984375 0.025 0.05
0 0.20390625 0.2125 0.025 0.053125
0 0.22890625 0.7015625 0.021875 0.05
0 0.14140625 0.9546875 0.01875 0.034375
0 0.04765625 0.9625 0.021875 0.075
0 0.01484375 0.8859375 0.021875 0.0671875
0 0.1078125 0.896875 0.028125 0.04375
0 0.37578125 0.775 0.0359375 0.065625
0 0.34609375 0.66328125 0.025 0.0640625
0 0.403125 0.22421875 0.0375 0.078125
0 0.5234375 0.53671875 0.040625 0.065625
0 0.49921875 0.67265625 0.0328125 0.0765625
0 0.471875 0.97265625 0.03125 0.0546875
0 0.61484375 0.72890625 0.01875 0.0625
0 0.575 0.4375 0.015625 0.0375
0 0.7359375 0.86171875 0.0203125 0.059375
0 0.678125 0.865625 0.025 0.0734375
0 0.70390625 0.896875 0.028125 0.0734375
0 0.721875 0.79140625 0.0234375 0.05
0 0.77890625 0.746875 0.015625 0.0515625
0 0.79140625 0.83984375 0.01875 0.053125
0 0.7984375 0.86953125 0.021875 0.05625
0 0.81484375 0.93203125 0.0171875 0.0765625
0 0.88515625 0.58046875 0.0296875 0.0625
0 0.86640625 0.48671875 0.0359375 0.053125
0 0.76015625 0.35390625 0.021875 0.05625
0 0.875 0.8078125 0.021875 0.0421875
0 0.78671875 0.1546875 0.0265625 0.065625
0 0.8328125 0.5734375 0.025 0.059375
0 0.62578125 0.53203125 0.04375 0.059375
0 0.52265625 0.05625 0.025 0.065625
0 0.45234375 0.2734375 0.0328125 0.0625
0 0.20546875 0.5546875 0.0296875 0.0703125
0 0.203125 0.66484375 0.021875 0.0625
0 0.6734375 0.203125 0.0375 0.046875