0 0.9515625 0.87421875 0.084375 0.03125
0 0.66484375 0.87734375 0.090625 0.01875
0 0.56484375 0.96171875 0.0625 0.025
0 0.440625 0.9703125 0.0671875 0.021875
0 0.528125 0.946875 0.071875 0.0328125
0 0.3625 0.9078125 0.1078125 0.01875
0 0.2828125 0.91953125 0.0625 0.03125
0 0.253125 0.9125 0.0671875 0.028125
0 0.065625 0.9671875 0.0859375 0.0234375
0 0.36796875 0.89140625 0.0296875 0.0375
0 0.24921875 0.88203125 0.10625 0.0265625
0 0.209375 0.85546875 0.084375 0.0203125
0 0.4 0.85234375 0.065625 0.021875
0 0.7015625 0.82109375 0.08125 0.034375
0 0.58046875 0.79765625 0.0359375 0.03125
0 0.4921875 0.78125 0.03125 0.0171875
0 0.39609375 0.76328125 0.071875 0.01875
0 0.41484375 0.74765625 0.040625 0.028125
0 0.35859375 0.73515625 0.0390625 0.015625
0 0.23671875 0.7875 0.0671875 0.01875
0 0.36015625 0.80625 0.04375 0.03125
0 0.7921875 0.72421875 0.08125 0.028125
0 0.8859375 0.72578125 0.0359375 0.03125
0 0.97421875 0.72734375 0.0515625 0.015625
0 0.58984375 0.6734375 0.0375 0.028125
0 0.54609375 0.6796875 0.040625 0.03125
0 0.63359375 0.696875 0.03125 0.0171875
0 0.5171875 0.72421875 0.0390625 0.0265625
0 0.12890625 0.66171875 0.0625 0.0203125
0 0.234375 0.62734375 0.065625 0.025
0 0.4625 0.6265625 0.109375 0.009375
0 0.49765625 0.6578125 0.0484375 0.0234375
0 0.45 0.58671875 0.09375 0.015625
0 0.609375 0.575 0.065625 0.0171875
0 0.77109375 0.53828125 0.05625 0.03125
0 0.8515625 0.5421875 0.090625 0.0296875
0 0.44140625 0.5 0.06875 0.05
0 0.51796875 0.44765625 0.0765625 0.04375
0 0.40234375 0.425 0.053125 0.034375
0 0.41875 0.396875 0.0625 0.028125
0 0.16015625 0.49453125 0.040625 0.028125
0 0.64375 0.34375 0.071875 0.021875
0 0.3640625 0.31015625 0.065625 0.021875
0 0.72265625 0.23359375 0.1265625 0.0375
0 0.7234375 0.2015625 0.0484375 0.0140625
0 0.83203125 0.16953125 0.05 0.03125
0 0.65859375 0.1828125 0.090625 0.0359375
0 0.23515625 0.2515625 0.071875 0.01875
0 0.1453125 0.18515625 0.0328125 0.01875
0 0.2109375 0.20078125 0.040625 0.015625
0 0.0703125 0.31328125 0.0484375 0.01875
0 0.1484375 0.15625 0.0640625 0.015625
0 0.28828125 0.1421875 0.078125 0.015625
0 0.84765625 0.11015625 0.0484375 0.0203125
0 0.58203125 0.02734375 0.0546875 0.0125
0 0.53828125 0.02265625 0.059375 0.0203125
0 0.33203125 0.05390625 0.065625 0.025
0 0.01875 0.06875 0.0375 0.01875