0 0.01875 0.425 0.0296875 0.084375
0 0.053125 0.51328125 0.03125 0.096875
0 0.06015625 0.80859375 0.025 0.096875
0 0.0875 0.5609375 0.025 0.08125
0 0.125 0.5171875 0.025 0.0671875
0 0.13046875 0.41328125 0.028125 0.0375
0 0.146875 0.61015625 0.025 0.08125
0 0.2015625 0.59375 0.0296875 0.071875
0 0.278125 0.6671875 0.0421875 0.0828125
0 0.253125 0.16796875 0.0265625 0.05
0 0.34375 0.609375 0.04375 0.065625
0 0.37265625 0.7125 0.0390625 0.059375
0 0.34921875 0.93984375 0.0375 0.0875
0 0.359375 0.97890625 0.03125 0.0421875
0 0.43359375 0.7015625 0.034375 0.0546875
0 0.57109375 0.14765625 0.03125 0.0828125
0 0.5953125 0.52421875 0.04375 0.04375
0 0.56875 0.8734375 0.03125 0.078125
0 0.65078125 0.703125 0.025 0.071875
0 0.6796875 0.76484375 0.0234375 0.09375
0 0.7046875 0.7421875 0.01875 0.084375
0 0.70390625 0.47578125 0.021875 0.103125
0 0.70859375 0.3875 0.034375 0.053125
0 0.7703125 0.4203125 0.034375 0.071875
0 0.6984375 0.26953125 0.028125 0.059375
0 0.8078125 0.35625 0.034375 0.0875
0 0.8953125 0.30546875 0.03125 0.075
0 0.9796875 0.55859375 0.0390625 0.1015625
0 0.96171875 0.50546875 0.028125 0.10625
0 0.87890625 0.9609375 0.015625 0.059375
0 0.83203125 0.8765625 0.025 0.0734375
0 0.8046875 0.7625 0.0359375 0.05625
0 0.84375 0.53515625 0.028125 0.06875
0 0.728125 0.96796875 0.03125 0.0640625
0 0.7859375 0.82578125 0.025 0.0453125