0 0.8125 0.0140625 0.10546875 0.02578125
0 0.95078125 0.2140625 0.090625 0.02578125
0 0.1890625 0.04765625 0.0625 0.02890625
0 0.24296875 0.03203125 0.09921875 0.01953125
0 0.14296875 0.065625 0.07421875 0.028125
0 0.33828125 0.1171875 0.0671875 0.0234375
0 0.6265625 0.11875 0.07109375 0.03515625
0 0.52109375 0.17578125 0.08984375 0.03671875
0 0.56640625 0.19453125 0.0796875 0.02578125
0 0.37734375 0.17421875 0.0671875 0.03046875
0 0.45625 0.13671875 0.0546875 0.034375
0 0.40234375 0.22421875 0.05390625 0.03671875
0 0.2359375 0.2140625 0.08203125 0.0328125
0 0.91171875 0.29609375 0.08046875 0.0375
0 0.54765625 0.36171875 0.06171875 0.02734375
0 0.69140625 0.27421875 0.0703125 0.0328125
0 0.025 0.26484375 0.04921875 0.03671875
0 0.3734375 0.35234375 0.1 0.0328125
0 0.84375 0.41875 0.08046875 0.02890625
0 0.86640625 0.47265625 0.09375 0.040625
0 0.909375 0.43828125 0.05390625 0.03828125
0 0.646875 0.5 0.07421875 0.03203125
0 0.42109375 0.59453125 0.10234375 0.03671875
0 0.17578125 0.65390625 0.0703125 0.0453125
0 0.76015625 0.69296875 0.05859375 0.02890625
0 0.73125 0.6484375 0.08671875 0.03359375
0 0.71484375 0.7046875 0.04765625 0.0296875
0 0.5546875 0.7546875 0.04765625 0.03515625
0 0.56640625 0.69765625 0.0515625 0.040625
0 0.13203125 0.83515625 0.06875 0.0234375
0 0.24296875 0.79609375 0.05 0.02421875
0 0.3890625 0.81328125 0.06484375 0.040625
0 0.23203125 0.8265625 0.07734375 0.02734375
0 0.3484375 0.85546875 0.071875 0.03515625
0 0.45625 0.85859375 0.08125 0.0171875
0 0.27109375 0.7703125 0.07578125 0.0390625
0 0.721875 0.82421875 0.090625 0.0453125
0 0.659375 0.88359375 0.0625 0.0375
0 0.784375 0.89140625 0.06171875 0.03828125
0 0.878125 0.80625 0.0546875 0.03671875
0 0.04296875 0.825 0.0859375 0.034375
0 0.890625 0.51328125 0.04453125 0.021875
0 0.88359375 0.578125 0.06015625 0.02890625
0 0.1890625 0.9109375 0.06171875 0.0234375
0 0.17265625 0.9484375 0.06796875 0.02109375
0 0.36328125 0.89375 0.05703125 0.0296875
0 0.34375 0.59609375 0.1 0.05078125