0 0.4625 0.009375 0.05625 0.01875
0 0.60390625 0.0078125 0.06328125 0.01484375
0 0.7984375 0.015625 0.06171875 0.0265625
0 0.72890625 0.03359375 0.06171875 0.0359375
0 0.85234375 0.11484375 0.06953125 0.02734375
0 0.47109375 0.16171875 0.06796875 0.021875
0 0.475 0.146875 0.0546875 0.0203125
0 0.509375 0.1359375 0.065625 0.0203125
0 0.34453125 0.10390625 0.0734375 0.02578125
0 0.30859375 0.071875 0.05625 0.0234375
0 0.28984375 0.05703125 0.0671875 0.02421875
0 0.2140625 0.0625 0.05703125 0.01796875
0 0.23046875 0.22890625 0.05390625 0.03203125
0 0.38828125 0.18984375 0.07421875 0.034375
0 0.87109375 0.1890625 0.0765625 0.0234375
0 0.83203125 0.23828125 0.05078125 0.025
0 0.559375 0.2453125 0.06171875 0.03359375
0 0.4 0.35078125 0.071875 0.0359375
0 0.04921875 0.3578125 0.07109375 0.02734375
0 0.43515625 0.41328125 0.059375 0.0328125
0 0.3984375 0.4453125 0.07421875 0.02421875
0 0.34140625 0.509375 0.05859375 0.02890625
0 0.84453125 0.3640625 0.06953125 0.04453125
0 0.209375 0.59609375 0.06328125 0.03359375
0 0.29296875 0.68125 0.03828125 0.01796875
0 0.30234375 0.66484375 0.0515625 0.0265625
0 0.49453125 0.72734375 0.10546875 0.0265625
0 0.75234375 0.6390625 0.05625 0.03203125
0 0.68984375 0.66953125 0.053125 0.0296875
0 0.7578125 0.68125 0.07421875 0.02890625
0 0.6828125 0.69375 0.0453125 0.028125
0 0.91796875 0.64375 0.07578125 0.03359375
0 0.184375 0.7609375 0.08046875 0.028125
0 0.27890625 0.740625 0.06171875 0.02578125
0 0.25859375 0.809375 0.05703125 0.01953125
0 0.31171875 0.84296875 0.07109375 0.01328125
0 0.32890625 0.834375 0.071875 0.0203125
0 0.046875 0.83828125 0.05390625 0.0171875
0 0.5203125 0.83203125 0.06953125 0.02109375
0 0.55625 0.8453125 0.075 0.02109375
0 0.34921875 0.9140625 0.0796875 0.01953125
0 0.375 0.97421875 0.04921875 0.025
0 0.11171875 0.93203125 0.084375 0.0171875
0 0.703125 0.8453125 0.06171875 0.01875
0 0.5734375 0.91875 0.05859375 0.02265625