2 0.97421875 0.0484375 0.0515625 0.021875
2 0.89765625 0.05703125 0.053125 0.025
2 0.76953125 0.10390625 0.025 0.0203125
2 0.73203125 0.10078125 0.0390625 0.0234375
2 0.90859375 0.15234375 0.059375 0.01875
2 0.64375 0.1640625 0.05 0.025
2 0.09375 0.10859375 0.053125 0.025
2 0.29375 0.14375 0.071875 0.021875
2 0.503125 0.20390625 0.0375 0.028125
2 0.4515625 0.20546875 0.053125 0.03125
2 0.35234375 0.31171875 0.06875 0.0296875
2 0.41484375 0.3625 0.0640625 0.01875
2 0.184375 0.38984375 0.046875 0.0296875
2 0.075 0.32421875 0.078125 0.0203125
2 0.33046875 0.3828125 0.04375 0.028125
2 0.91640625 0.2046875 0.0703125 0.021875
2 0.9390625 0.36015625 0.0484375 0.025
2 0.49765625 0.37890625 0.05 0.028125
2 0.1203125 0.51875 0.0453125 0.03125
2 0.06953125 0.55703125 0.0375 0.028125
2 0.89453125 0.55 0.05 0.021875
2 0.86484375 0.5734375 0.0390625 0.034375
2 0.89375 0.4265625 0.0375 0.025
2 0.87421875 0.459375 0.028125 0.034375
2 0.74765625 0.7359375 0.059375 0.0375
2 0.45859375 0.725 0.065625 0.01875
2 0.28046875 0.80234375 0.046875 0.021875
2 0.36875 0.859375 0.078125 0.0234375
2 0.5203125 0.80078125 0.053125 0.025
2 0.44140625 0.81875 0.0375 0.015625
2 0.096875 0.828125 0.0515625 0.0234375
2 0.79453125 0.94296875 0.05625 0.0375
2 0.853125 0.76640625 0.05 0.03125
2 0.7578125 0.8015625 0.05 0.0203125
2 0.3671875 0.509375 0.0546875 0.0375