0 0.08828125 0.47578125 0.021875 0.0625
0 0.14765625 0.6171875 0.021875 0.0625
0 0.1296875 0.68828125 0.0203125 0.0375
0 0.16015625 0.86328125 0.0234375 0.065625
0 0.196875 0.7765625 0.028125 0.05
0 0.228125 0.69609375 0.025 0.046875
0 0.08671875 0.2359375 0.028125 0.0484375
0 0.05859375 0.26953125 0.0234375 0.059375
0 0.15546875 0.159375 0.01875 0.065625
0 0.2234375 0.23671875 0.021875 0.05625
0 0.02734375 0.01796875 0.015625 0.0359375
0 0.25859375 0.078125 0.0203125 0.0546875
0 0.33671875 0.17109375 0.025 0.0375
0 0.3015625 0.3984375 0.025 0.046875
0 0.35859375 0.671875 0.025 0.059375
0 0.38515625 0.234375 0.0171875 0.0625
0 0.475 0.46640625 0.015625 0.05625
0 0.5125 0.75234375 0.0171875 0.0625
0 0.50546875 0.3921875 0.028125 0.04375
0 0.54375 0.29375 0.021875 0.053125
0 0.57578125 0.39765625 0.01875 0.05625
0 0.60078125 0.3203125 0.0140625 0.071875
0 0.66015625 0.7984375 0.01875 0.0484375
0 0.621875 0.828125 0.021875 0.059375
0 0.7015625 0.60234375 0.021875 0.053125
0 0.7484375 0.52890625 0.015625 0.0640625
0 0.67265625 0.3484375 0.0203125 0.05625
0 0.76328125 0.32578125 0.03125 0.046875
0 0.709375 0.09453125 0.03125 0.046875
0 0.45390625 0.13359375 0.021875 0.04375
0 0.440625 0.19296875 0.028125 0.0625
0 0.81015625 0.85078125 0.03125 0.046875
0 0.78515625 0.82734375 0.025 0.0609375
0 0.8359375 0.8859375 0.0203125 0.059375
0 0.81875 0.73125 0.01875 0.084375
0 0.8265625 0.64765625 0.01875 0.078125
0 0.85625 0.41328125 0.021875 0.06875
0 0.88203125 0.35859375 0.025 0.053125
0 0.79765625 0.3109375 0.021875 0.078125
0 0.81953125 0.34921875 0.025 0.0734375
0 0.87578125 0.540625 0.0203125 0.0578125
0 0.9375 0.3515625 0.025 0.053125
0 0.93984375 0.52109375 0.034375 0.0390625
0 0.971875 0.64765625 0.028125 0.065625
0 0.1359375 0.0734375 0.021875 0.05625