0 0.12109375 0.540625 0.01875 0.06875
0 0.20546875 0.821875 0.01875 0.053125
0 0.321875 0.09765625 0.0171875 0.040625
0 0.3421875 0.39453125 0.025 0.0515625
0 0.35703125 0.5765625 0.025 0.0625
0 0.115625 0.81484375 0.01875 0.0421875
0 0.13984375 0.33984375 0.025 0.059375
0 0.14609375 0.0375 0.0234375 0.075
0 0.57578125 0.6171875 0.034375 0.053125
0 0.965625 0.259375 0.0328125 0.053125
0 0.83828125 0.69453125 0.0234375 0.05625
0 0.8578125 0.12734375 0.01875 0.0828125
0 0.765625 0.48125 0.021875 0.053125
0 0.93984375 0.21484375 0.025 0.053125
0 0.85 0.20078125 0.03125 0.05625
0 0.171875 0.75625 0.0265625 0.090625
0 0.3734375 0.8625 0.028125 0.0796875
0 0.85625 0.74765625 0.021875 0.075
0 0.371875 0.0171875 0.025 0.034375
0 0.66640625 0.6125 0.0328125 0.04375
0 0.8765625 0.5640625 0.025 0.053125
0 0.090625 0.31640625 0.01875 0.0609375
0 0.67265625 0.2875 0.03125 0.0515625
0 0.2 0.0546875 0.025 0.075
0 0.87890625 0.653125 0.0265625 0.059375
0 0.66875 0.434375 0.028125 0.0453125
0 0.109375 0.94765625 0.015625 0.06875
0 0.11328125 0.72890625 0.025 0.046875
0 0.56953125 0.67421875 0.0296875 0.0375
0 0.31796875 0.85625 0.021875 0.08125
0 0.24609375 0.75546875 0.01875 0.040625
0 0.46015625 0.2984375 0.0265625 0.053125
0 0.59609375 0.975 0.0359375 0.05
0 0.81953125 0.97265625 0.028125 0.0546875
0 0.06875 0.4484375 0.021875 0.065625
0 0.06953125 0.134375 0.03125 0.0390625
0 0.03828125 0.159375 0.0234375 0.0421875
0 0.8046875 0.321875 0.025 0.0625
0 0.1015625 0.76484375 0.025 0.05625
0 0.01640625 0.0984375 0.0171875 0.084375
0 0.0265625 0.528125 0.0203125 0.0625
0 0.39765625 0.0421875 0.025 0.046875
0 0.4140625 0.21328125 0.021875 0.05
0 0.6875 0.35859375 0.028125 0.0375
0 0.6703125 0.03203125 0.021875 0.0578125
0 0.771875 0.05546875 0.021875 0.05