0 0.9671875 0.52265625 0.0234375 0.0859375
0 0.94609375 0.634375 0.025 0.0875
0 0.86796875 0.92578125 0.0234375 0.065625
0 0.90234375 0.1609375 0.01875 0.053125
0 0.878125 0.23125 0.021875 0.05625
0 0.7984375 0.71796875 0.0203125 0.053125
0 0.77578125 0.8890625 0.0265625 0.04375
0 0.76171875 0.9703125 0.0234375 0.059375
0 0.784375 0.58046875 0.03125 0.03125
0 0.77109375 0.44765625 0.025 0.0421875
0 0.709375 0.48515625 0.0234375 0.084375
0 0.71953125 0.48828125 0.028125 0.046875
0 0.6953125 0.271875 0.0140625 0.04375
0 0.65625 0.978125 0.0203125 0.04375
0 0.58671875 0.85 0.0265625 0.040625
0 0.6234375 0.540625 0.034375 0.05
0 0.5828125 0.590625 0.03125 0.05625
0 0.7171875 0.03125 0.021875 0.0625
0 0.55078125 0.92578125 0.028125 0.0421875
0 0.55078125 0.5109375 0.028125 0.0375
0 0.4984375 0.378125 0.03125 0.04375
0 0.3828125 0.934375 0.034375 0.040625
0 0.50234375 0.91484375 0.021875 0.0578125
0 0.4265625 0.44765625 0.0234375 0.0640625
0 0.403125 0.2609375 0.0203125 0.05
0 0.4 0.70625 0.025 0.0796875
0 0.3953125 0.490625 0.0328125 0.0375
0 0.37109375 0.3671875 0.03125 0.046875
0 0.3390625 0.3546875 0.025 0.0375
0 0.31328125 0.54296875 0.021875 0.059375
0 0.259375 0.96875 0.0234375 0.046875
0 0.259375 0.08671875 0.01875 0.0578125
0 0.1609375 0.36796875 0.03125 0.0546875
0 0.21171875 0.5671875 0.0296875 0.06875
0 0.16796875 0.90703125 0.0203125 0.0703125
0 0.15 0.8671875 0.015625 0.0890625
0 0.121875 0.74296875 0.034375 0.046875
0 0.13828125 0.73203125 0.0375 0.0328125
0 0.1375 0.97734375 0.015625 0.0453125
0 0.15390625 0.96796875 0.0171875 0.059375
0 0.1828125 0.296875 0.01875 0.065625
0 0.01015625 0.5625 0.0203125 0.053125
0 0.03359375 0.265625 0.028125 0.0609375