0 0.12265625 0.1 0.03046875 0.02890625
0 0.66640625 0.0703125 0.075 0.021875
0 0.565625 0.15703125 0.0515625 0.02578125
0 0.64296875 0.17734375 0.05625 0.03359375
0 0.98046875 0.04765625 0.0390625 0.0234375
0 0.803125 0.08671875 0.05390625 0.021875
0 0.721875 0.2546875 0.0390625 0.0265625
0 0.76484375 0.26015625 0.0765625 0.02578125
0 0.39921875 0.34375 0.0453125 0.025
0 0.471875 0.3921875 0.0390625 0.028125
0 0.19453125 0.41015625 0.04921875 0.02265625
0 0.07421875 0.309375 0.0625 0.0390625
0 0.01875 0.3953125 0.0375 0.01875
0 0.0234375 0.3703125 0.046875 0.0265625
0 0.60703125 0.6 0.0578125 0.025
0 0.3 0.678125 0.04921875 0.0359375
0 0.77734375 0.69765625 0.0515625 0.02578125
0 0.7703125 0.67734375 0.05546875 0.02421875
0 0.809375 0.603125 0.06875 0.0265625
0 0.54921875 0.715625 0.028125 0.046875
0 0.4015625 0.703125 0.028125 0.0203125
0 0.37890625 0.765625 0.08125 0.03125
0 0.38203125 0.8015625 0.1109375 0.0171875
0 0.1578125 0.87109375 0.05546875 0.028125
0 0.73125 0.8421875 0.07890625 0.02109375
0 0.9171875 0.79453125 0.0734375 0.02421875
0 0.33515625 0.90234375 0.0796875 0.0296875
0 0.34140625 0.96953125 0.059375 0.03125
0 0.2203125 0.95625 0.0640625 0.028125
0 0.2859375 0.96015625 0.053125 0.0265625
0 0.8796875 0.07890625 0.07890625 0.0171875
0 0.34140625 0.14609375 0.04453125 0.015625
0 0.1671875 0.1546875 0.059375 0.0328125
0 0.240625 0.30546875 0.04765625 0.03984375
0 0.6015625 0.11328125 0.059375 0.02421875
0 0.2984375 0.01484375 0.06953125 0.02578125