2 0.803125 0.83359375 0.08046875 0.028125
2 0.65 0.82109375 0.08984375 0.015625
2 0.49765625 0.8453125 0.05546875 0.02890625
2 0.7765625 0.609375 0.07421875 0.021875
2 0.446875 0.75703125 0.05625 0.02578125
2 0.35390625 0.64453125 0.08125 0.02421875
2 0.41953125 0.58671875 0.05234375 0.021875
2 0.5453125 0.58828125 0.0359375 0.03203125
2 0.60859375 0.5796875 0.065625 0.021875
2 0.53359375 0.6515625 0.06484375 0.03125
2 0.2890625 0.5296875 0.1265625 0.028125
2 0.13359375 0.4703125 0.0578125 0.03125
2 0.1265625 0.428125 0.05703125 0.02578125
2 0.228125 0.5078125 0.06015625 0.0171875
2 0.1625 0.47890625 0.0484375 0.025
2 0.05546875 0.32421875 0.07109375 0.02265625
2 0.28359375 0.33125 0.053125 0.02734375
2 0.27890625 0.20390625 0.0578125 0.0375
2 0.33515625 0.17109375 0.05546875 0.02421875
2 0.34765625 0.19453125 0.0421875 0.025
2 0.56953125 0.15 0.0703125 0.02734375
2 0.89296875 0.13515625 0.09375 0.02265625
2 0.678125 0.0921875 0.0609375 0.01796875
2 0.8515625 0.09375 0.06796875 0.015625
2 0.7796875 0.08984375 0.059375 0.0171875
2 0.87265625 0.109375 0.06328125 0.02421875
2 0.2265625 0.13515625 0.03671875 0.01796875
2 0.159375 0.16640625 0.04375 0.02109375
2 0.375 0.78984375 0.05859375 0.02578125
2 0.2453125 0.7328125 0.06171875 0.0265625