0 0.690625 0.0671875 0.0828125 0.01875
0 0.5828125 0.0078125 0.0625 0.015625
0 0.3328125 0.0125 0.075 0.025
0 0.03203125 0.0328125 0.0640625 0.01875
0 0.16171875 0.075 0.034375 0.025
0 0.1203125 0.12109375 0.075 0.025
0 0.4234375 0.1375 0.0625 0.0203125
0 0.39375 0.1140625 0.059375 0.025
0 0.3234375 0.1328125 0.0625 0.025
0 0.6703125 0.125 0.0625 0.015625
0 0.5203125 0.159375 0.059375 0.0171875
0 0.52734375 0.14921875 0.053125 0.01875
0 0.7734375 0.153125 0.0484375 0.021875
0 0.77109375 0.215625 0.053125 0.0265625
0 0.69453125 0.221875 0.040625 0.01875
0 0.571875 0.2546875 0.05 0.025
0 0.2015625 0.196875 0.0625 0.028125
0 0.15703125 0.278125 0.04375 0.028125
0 0.02578125 0.28515625 0.034375 0.0390625
0 0.41328125 0.33046875 0.0390625 0.0359375
0 0.59375 0.3375 0.046875 0.021875
0 0.66328125 0.35078125 0.05625 0.028125
0 0.26875 0.37109375 0.0421875 0.0171875
0 0.87890625 0.53515625 0.0625 0.01875
0 0.58671875 0.621875 0.053125 0.01875
0 0.5203125 0.6515625 0.034375 0.025
0 0.6109375 0.67890625 0.040625 0.01875
0 0.4984375 0.6890625 0.0390625 0.021875
0 0.81015625 0.684375 0.04375 0.021875
0 0.89296875 0.71484375 0.059375 0.01875
0 0.36640625 0.61640625 0.040625 0.03125
0 0.2453125 0.63671875 0.05625 0.0203125
0 0.80546875 0.7734375 0.065625 0.0125
0 0.803125 0.7609375 0.05 0.0234375
0 0.6921875 0.80390625 0.059375 0.0140625
0 0.42109375 0.7578125 0.05 0.0171875
0 0.51015625 0.74609375 0.0625 0.015625
0 0.19296875 0.7859375 0.0421875 0.025
0 0.08046875 0.79609375 0.053125 0.025
0 0.16640625 0.84296875 0.0671875 0.0296875
0 0.0859375 0.84375 0.0546875 0.0265625
0 0.3515625 0.88828125 0.065625 0.0171875
0 0.28984375 0.85234375 0.071875 0.01875
0 0.8453125 0.8609375 0.0625 0.01875
0 0.7890625 0.87890625 0.053125 0.0203125
0 0.77109375 0.83828125 0.071875 0.0125
0 0.953125 0.890625 0.084375 0.0171875
0 0.3890625 0.9109375 0.071875 0.01875