0 0.17578125 0.01171875 0.05234375 0.0234375
0 0.10703125 0.0109375 0.0609375 0.021875
0 0.01796875 0.01484375 0.0359375 0.0296875
0 0.453125 0.05625 0.05234375 0.02421875
0 0.31953125 0.146875 0.03828125 0.02578125
0 0.3453125 0.11640625 0.05234375 0.01953125
0 0.140625 0.0890625 0.0640625 0.0203125
0 0.87109375 0.05703125 0.04765625 0.02421875
0 0.934375 0.10703125 0.0484375 0.021875
0 0.86953125 0.153125 0.06015625 0.01875
0 0.8609375 0.12734375 0.05 0.01953125
0 0.4765625 0.17578125 0.0640625 0.021875
0 0.3 0.21640625 0.03984375 0.0265625
0 0.03515625 0.15234375 0.04453125 0.01796875
0 0.05078125 0.12421875 0.05625 0.0203125
0 0.2765625 0.2640625 0.0546875 0.01796875
0 0.67265625 0.32109375 0.0546875 0.02265625
0 0.353125 0.3484375 0.0578125 0.02734375
0 0.7171875 0.46015625 0.025 0.02734375
0 0.23046875 0.6 0.0390625 0.0296875
0 0.14609375 0.5953125 0.05390625 0.02421875
0 0.4546875 0.5515625 0.04609375 0.01796875
0 0.3921875 0.578125 0.04453125 0.0203125
0 0.39375 0.621875 0.05 0.0203125
0 0.05625 0.68515625 0.05234375 0.0234375
0 0.1140625 0.725 0.03984375 0.02109375
0 0.234375 0.6890625 0.0390625 0.0171875
0 0.17890625 0.78515625 0.05 0.021875
0 0.25703125 0.80859375 0.0609375 0.01875
0 0.29296875 0.840625 0.05234375 0.02421875
0 0.38515625 0.83359375 0.046875 0.01640625
0 0.65390625 0.815625 0.05703125 0.01796875
0 0.621875 0.74453125 0.05234375 0.01796875
0 0.40859375 0.76953125 0.04453125 0.01953125
0 0.18828125 0.96875 0.0765625 0.02578125
0 0.221875 0.946875 0.0296875 0.0296875
0 0.1421875 0.953125 0.03671875 0.0203125
0 0.76875 0.8390625 0.05859375 0.01640625
0 0.74765625 0.74453125 0.0546875 0.02109375
0 0.809375 0.61640625 0.0375 0.0328125
0 0.98828125 0.01015625 0.0234375 0.0203125
0 0.25390625 0.125 0.0578125 0.021875