0 0.578125 0.03671875 0.08125 0.0171875
0 0.88125 0.046875 0.0359375 0.025
0 0.88046875 0.0921875 0.046875 0.0203125
0 0.903125 0.11484375 0.046875 0.021875
0 0.7984375 0.09296875 0.040625 0.025
0 0.546875 0.009375 0.046875 0.01875
0 0.71875 0.01171875 0.040625 0.0234375
0 0.215625 0.14375 0.0625 0.03125
0 0.54765625 0.14140625 0.06875 0.0203125
0 0.33984375 0.13984375 0.05625 0.021875
0 0.30546875 0.2203125 0.053125 0.028125
0 0.16484375 0.21484375 0.0734375 0.03125
0 0.071875 0.11484375 0.0515625 0.034375
0 0.41796875 0.0671875 0.0625 0.034375
0 0.09375 0.015625 0.05 0.03125
0 0.28671875 0.0890625 0.046875 0.034375
0 0.77265625 0.378125 0.075 0.0375
0 0.58515625 0.33125 0.053125 0.0265625
0 0.328125 0.35390625 0.0625 0.025
0 0.4953125 0.47265625 0.05625 0.025
0 0.57578125 0.578125 0.05625 0.0296875
0 0.6296875 0.596875 0.046875 0.0203125
0 0.60625 0.48671875 0.0546875 0.025
0 0.8671875 0.4609375 0.04375 0.0265625
0 0.615625 0.41015625 0.04375 0.021875
0 0.12109375 0.77109375 0.0421875 0.028125
0 0.07578125 0.84140625 0.05625 0.028125
0 0.43515625 0.8140625 0.046875 0.0234375
0 0.47109375 0.81015625 0.053125 0.01875
0 0.7859375 0.89296875 0.05 0.025
0 0.88828125 0.728125 0.0625 0.0328125
0 0.8609375 0.69453125 0.0703125 0.034375
0 0.6640625 0.76640625 0.065625 0.03125
0 0.465625 0.921875 0.08125 0.0234375
0 0.6484375 0.86484375 0.0765625 0.0296875
0 0.48828125 0.74375 0.0609375 0.028125
0 0.31015625 0.634375 0.053125 0.03125
0 0.2640625 0.68203125 0.040625 0.025
0 0.37734375 0.69140625 0.046875 0.0234375
0 0.634375 0.67265625 0.0484375 0.021875
0 0.58671875 0.85390625 0.0484375 0.021875
0 0.36171875 0.88203125 0.06875 0.034375
0 0.159375 0.625 0.065625 0.028125
0 0.09375 0.62265625 0.0453125 0.0296875
0 0.9140625 0.18125 0.0734375 0.0234375
0 0.79140625 0.4296875 0.075 0.025
0 0.80078125 0.53828125 0.078125 0.0375
0 0.8734375 0.50546875 0.0578125 0.021875
0 0.665625 0.828125 0.0609375 0.021875
0 0.73203125 0.284375 0.071875 0.028125