0 0.21015625 0.11015625 0.07890625 0.0234375
0 0.25078125 0.15546875 0.034375 0.03828125
0 0.1359375 0.1046875 0.065625 0.03203125
0 0.52421875 0.21015625 0.08515625 0.0203125
0 0.6640625 0.2234375 0.1015625 0.01640625
0 0.8015625 0.2078125 0.08671875 0.03046875
0 0.55703125 0.16953125 0.034375 0.025
0 0.5484375 0.14375 0.034375 0.0265625
0 0.853125 0.11796875 0.09453125 0.04375
0 0.52890625 0.27109375 0.040625 0.0265625
0 0.6984375 0.3484375 0.08984375 0.04140625
0 0.5125 0.31171875 0.06171875 0.0265625
0 0.55625 0.39140625 0.0625 0.03984375
0 0.64375 0.44765625 0.05546875 0.03359375
0 0.8140625 0.40859375 0.08984375 0.0265625
0 0.27734375 0.4671875 0.04609375 0.04609375
0 0.37734375 0.47421875 0.05546875 0.0296875
0 0.365625 0.5828125 0.07890625 0.025
0 0.1453125 0.60546875 0.09609375 0.0375
0 0.2734375 0.62265625 0.065625 0.0453125
0 0.371875 0.6640625 0.04375 0.028125
0 0.19296875 0.73125 0.0328125 0.0359375
0 0.3078125 0.7390625 0.04453125 0.0328125
0 0.39453125 0.72578125 0.05078125 0.02109375
0 0.46875 0.7109375 0.05546875 0.03203125
0 0.61015625 0.63125 0.05390625 0.03203125
0 0.76171875 0.621875 0.0625 0.03046875
0 0.815625 0.66484375 0.075 0.03046875
0 0.9046875 0.5203125 0.05390625 0.0296875
0 0.93203125 0.55078125 0.04453125 0.02734375
0 0.83203125 0.47421875 0.05390625 0.01875
0 0.278125 0.1078125 0.09296875 0.02890625
0 0.54921875 0.89296875 0.078125 0.040625
0 0.18046875 0.840625 0.096875 0.02109375
0 0.203125 0.79609375 0.1140625 0.04140625
0 0.91015625 0.765625 0.0703125 0.040625
0 0.8890625 0.71328125 0.07890625 0.0296875