0 0.984375 0.6109375 0.03125 0.0515625
0 0.96171875 0.5453125 0.028125 0.06875
0 0.95859375 0.28125 0.021875 0.0765625
0 0.9375 0.5328125 0.0234375 0.065625
0 0.953125 0.78359375 0.028125 0.040625
0 0.92578125 0.796875 0.01875 0.071875
0 0.8875 0.83515625 0.03125 0.065625
0 0.9046875 0.540625 0.03125 0.08125
0 0.72734375 0.73125 0.03125 0.059375
0 0.7546875 0.60234375 0.021875 0.071875
0 0.6515625 0.32421875 0.0390625 0.0796875
0 0.53203125 0.59765625 0.028125 0.0625
0 0.52890625 0.50625 0.025 0.075
0 0.45 0.31328125 0.0375 0.06875
0 0.43359375 0.1421875 0.0125 0.0765625
0 0.48203125 0.1796875 0.025 0.0578125
0 0.4875 0.42578125 0.0171875 0.040625
0 0.4375 0.67109375 0.028125 0.0875
0 0.3640625 0.57265625 0.028125 0.059375
0 0.35234375 0.16484375 0.025 0.065625
0 0.3875 0.0265625 0.021875 0.053125
0 0.334375 0.05234375 0.025 0.075
0 0.31171875 0.2421875 0.028125 0.078125
0 0.35234375 0.8390625 0.0296875 0.071875
0 0.32265625 0.9109375 0.0375 0.0703125
0 0.2953125 0.825 0.03125 0.0578125
0 0.22421875 0.81640625 0.040625 0.0671875
0 0.24296875 0.28984375 0.03125 0.065625
0 0.26796875 0.034375 0.0234375 0.04375
0 0.20546875 0.0953125 0.034375 0.075
0 0.18046875 0.22734375 0.025 0.0625
0 0.20546875 0.328125 0.025 0.078125
0 0.1578125 0.33828125 0.025 0.065625
0 0.15 0.2734375 0.0234375 0.0375
0 0.1484375 0.1109375 0.025 0.0453125
0 0.1421875 0.028125 0.028125 0.05
0 0.05078125 0.21015625 0.025 0.096875
0 0.0546875 0.45 0.0359375 0.0796875
0 0.0609375 0.58828125 0.028125 0.0625
0 0.12578125 0.4109375 0.03125 0.059375
0 0.13203125 0.56640625 0.0234375 0.059375
0 0.14765625 0.62109375 0.028125 0.08125
0 0.53515625 0.68359375 0.028125 0.071875