0 0.0703125 0.09375 0.0765625 0.021875
0 0.5390625 0.0125 0.08984375 0.0203125
0 0.67421875 0.11171875 0.07734375 0.0515625
0 0.05546875 0.121875 0.09375 0.028125
0 0.078125 0.15390625 0.05625 0.0265625
0 0.66328125 0.19296875 0.103125 0.0359375
0 0.30234375 0.225 0.0578125 0.04765625
0 0.0921875 0.19453125 0.084375 0.03828125
0 0.22265625 0.33125 0.10546875 0.06171875
0 0.4109375 0.13203125 0.0703125 0.02421875
0 0.584375 0.1203125 0.071875 0.028125
0 0.83515625 0.12578125 0.10703125 0.04140625
0 0.903125 0.0375 0.0953125 0.0328125
0 0.76953125 0.4015625 0.0609375 0.05703125
0 0.3265625 0.34609375 0.12109375 0.03828125
0 0.22734375 0.4859375 0.0890625 0.01796875
0 0.05078125 0.49140625 0.06015625 0.0421875
0 0.52734375 0.821875 0.04609375 0.04609375
0 0.18125 0.7265625 0.06171875 0.03359375
0 0.28359375 0.72734375 0.0546875 0.025
0 0.2640625 0.759375 0.06640625 0.025
0 0.17109375 0.6890625 0.0671875 0.0265625
0 0.04921875 0.66796875 0.0734375 0.034375
0 0.05859375 0.79140625 0.07421875 0.03828125
0 0.4171875 0.88125 0.0578125 0.028125
0 0.24296875 0.8375 0.05234375 0.0296875
0 0.915625 0.61171875 0.05859375 0.03203125
0 0.534375 0.68671875 0.0984375 0.03125
0 0.44765625 0.50234375 0.0671875 0.0328125
0 0.05078125 0.85703125 0.09375 0.03515625
0 0.26015625 0.88984375 0.0671875 0.021875
0 0.28984375 0.8875 0.06953125 0.02421875
0 0.7625 0.8546875 0.0625 0.021875
0 0.0375 0.95546875 0.07421875 0.03828125
0 0.58515625 0.57890625 0.08515625 0.0359375
0 0.9421875 0.534375 0.08828125 0.03515625
0 0.43203125 0.78046875 0.06484375 0.0234375
0 0.1546875 0.5234375 0.06875 0.02890625
0 0.95703125 0.3125 0.0859375 0.046875
0 0.69921875 0.459375 0.08203125 0.0453125
0 0.2015625 0.78125 0.07109375 0.02578125
0 0.3390625 0.64140625 0.07734375 0.0390625
0 0.68828125 0.65 0.08359375 0.03828125
0 0.440625 0.14453125 0.059375 0.0265625
0 0.2140625 0.18359375 0.08359375 0.04375
0 0.25078125 0.15859375 0.1140625 0.0203125
0 0.2140625 0.1125 0.07578125 0.034375
0 0.7109375 0.15234375 0.06484375 0.02421875
0 0.4296875 0.63359375 0.1140625 0.03515625
0 0.1296875 0.9640625 0.11015625 0.03828125
0 0.93984375 0.678125 0.0703125 0.03515625