2 0.89765625 0.11484375 0.028125 0.05
2 0.90078125 0.36796875 0.025 0.046875
2 0.909375 0.7296875 0.028125 0.0625
2 0.95546875 0.91484375 0.025 0.0515625
2 0.9609375 0.97890625 0.028125 0.040625
2 0.88359375 0.7765625 0.01875 0.059375
2 0.9234375 0.8828125 0.0265625 0.046875
2 0.72734375 0.403125 0.025 0.03125
2 0.68984375 0.37109375 0.0109375 0.0265625
2 0.62734375 0.5 0.025 0.0484375
2 0.6203125 0.1515625 0.034375 0.05625
2 0.6984375 0.04296875 0.025 0.0640625
2 0.54296875 0.9734375 0.03125 0.046875
2 0.5 0.94140625 0.025 0.040625
2 0.3703125 0.83125 0.04375 0.0578125
2 0.3734375 0.69921875 0.03125 0.0625
2 0.3078125 0.73515625 0.040625 0.059375
2 0.175 0.45625 0.025 0.046875
2 0.13203125 0.34609375 0.034375 0.05625
2 0.15859375 0.21640625 0.025 0.05
2 0.171875 0.08828125 0.01875 0.040625
2 0.11796875 0.72578125 0.025 0.065625
2 0.128125 0.74453125 0.0234375 0.053125
2 0.46171875 0.19609375 0.028125 0.075
2 0.57734375 0.20859375 0.028125 0.046875
2 0.43125 0.9078125 0.01875 0.034375
2 0.48515625 0.89921875 0.01875 0.0515625