0 0.28203125 0.021875 0.08125 0.015625
0 0.2953125 0.08359375 0.0546875 0.021875
0 0.2390625 0.06953125 0.05 0.0203125
0 0.48515625 0.096875 0.0625 0.028125
0 0.4484375 0.14140625 0.034375 0.028125
0 0.67578125 0.12109375 0.04375 0.01875
0 0.8265625 0.1171875 0.05 0.01875
0 0.86015625 0.1515625 0.0484375 0.025
0 0.95859375 0.16328125 0.0609375 0.021875
0 0.96484375 0.09296875 0.05 0.03125
0 0.90703125 0.015625 0.0515625 0.03125
0 0.60078125 0.33671875 0.05 0.040625
0 0.59375 0.27421875 0.084375 0.0265625
0 0.07890625 0.27734375 0.0375 0.0234375
0 0.2171875 0.48046875 0.0625 0.025
0 0.89375 0.5046875 0.053125 0.0171875
0 0.471875 0.61953125 0.034375 0.0265625
0 0.74609375 0.6796875 0.0375 0.025
0 0.025 0.64765625 0.0125 0.028125
0 0.38984375 0.7875 0.04375 0.021875
0 0.24765625 0.8171875 0.084375 0.01875
0 0.7515625 0.83515625 0.0375 0.025
0 0.6875 0.8765625 0.053125 0.0359375
0 0.40390625 0.846875 0.071875 0.025
0 0.284375 0.925 0.05625 0.0265625
0 0.89140625 0.88515625 0.05 0.015625
0 0.7671875 0.93828125 0.046875 0.021875
0 0.409375 0.228125 0.0375 0.0265625
0 0.95703125 0.26015625 0.0765625 0.034375
0 0.89921875 0.13359375 0.0515625 0.021875
0 0.9828125 0.37109375 0.034375 0.0296875
0 0.8796875 0.834375 0.0546875 0.034375
0 0.52265625 0.0140625 0.053125 0.025