0 0.9 0.0671875 0.05390625 0.02890625
0 0.7703125 0.16640625 0.06953125 0.025
0 0.58203125 0.14375 0.075 0.025
0 0.5984375 0.11328125 0.06796875 0.03046875
0 0.4359375 0.1 0.0546875 0.02578125
0 0.4625 0.06484375 0.07578125 0.025
0 0.53203125 0.115625 0.04765625 0.01875
0 0.48203125 0.1765625 0.05390625 0.01875
0 0.53359375 0.2265625 0.04765625 0.0203125
0 0.4171875 0.22578125 0.05078125 0.02734375
0 0.284375 0.16171875 0.05390625 0.03671875
0 0.28046875 0.10859375 0.04921875 0.02265625
0 0.3296875 0.11953125 0.04765625 0.034375
0 0.0953125 0.11875 0.06484375 0.03125
0 0.15 0.025 0.04765625 0.01640625
0 0.20625 0.19609375 0.08203125 0.03828125
0 0.0359375 0.24375 0.06953125 0.028125
0 0.4171875 0.284375 0.06328125 0.02890625
0 0.503125 0.29296875 0.06796875 0.02890625
0 0.62421875 0.35078125 0.0484375 0.03359375
0 0.21171875 0.38359375 0.05546875 0.025
0 0.2171875 0.44453125 0.05546875 0.0296875
0 0.140625 0.52421875 0.0484375 0.03828125
0 0.42265625 0.521875 0.04375 0.0296875
0 0.52578125 0.465625 0.0484375 0.0328125
0 0.8828125 0.5890625 0.0796875 0.03203125
0 0.62109375 0.628125 0.08203125 0.02578125
0 0.40546875 0.56015625 0.103125 0.0359375
0 0.0890625 0.6703125 0.06484375 0.03828125
0 0.21796875 0.7 0.075 0.028125
0 0.2875 0.7453125 0.06015625 0.0296875
0 0.59765625 0.7703125 0.0546875 0.034375
0 0.525 0.82890625 0.07890625 0.02265625
0 0.39921875 0.86953125 0.04921875 0.0234375
0 0.11640625 0.8453125 0.05078125 0.01640625
0 0.571875 0.70703125 0.08203125 0.03828125