2 0.04765625 0.1171875 0.01875 0.0640625
2 0.10703125 0.24140625 0.028125 0.0625
2 0.08828125 0.23125 0.015625 0.0640625
2 0.09921875 0.52890625 0.021875 0.071875
2 0.08203125 0.95 0.0265625 0.059375
2 0.19296875 0.9125 0.021875 0.046875
2 0.32734375 0.63125 0.021875 0.053125
2 0.28828125 0.61640625 0.0125 0.075
2 0.07578125 0.2140625 0.025 0.06875
2 0.12890625 0.3484375 0.01875 0.0453125
2 0.31171875 0.07265625 0.025 0.0296875
2 0.3671875 0.06953125 0.028125 0.03125
2 0.403125 0.07578125 0.03125 0.034375
2 0.3921875 0.10546875 0.0234375 0.0375
2 0.371875 0.51953125 0.034375 0.040625
2 0.46328125 0.6484375 0.021875 0.04375
2 0.56328125 0.278125 0.0265625 0.04375
2 0.609375 0.08203125 0.028125 0.025
2 0.653125 0.7234375 0.021875 0.0625
2 0.759375 0.14609375 0.025 0.034375
2 0.7390625 0.13203125 0.025 0.03125
2 0.771875 0.05703125 0.03125 0.0375
2 0.846875 0.40859375 0.021875 0.084375
2 0.80859375 0.65625 0.021875 0.040625
2 0.82265625 0.69140625 0.015625 0.04375
2 0.8984375 0.58046875 0.021875 0.0765625
2 0.85703125 0.2140625 0.028125 0.04375
2 0.09921875 0.6625 0.025 0.075
2 0.56796875 0.01953125 0.0328125 0.0375
2 0.57265625 0.1734375 0.0296875 0.046875
2 0.82109375 0.2453125 0.0171875 0.0546875