0 0.76171875 0.04140625 0.05390625 0.01953125
0 0.84296875 0.09375 0.03984375 0.0171875
0 0.74375 0.09375 0.0640625 0.01484375
0 0.8296875 0.16328125 0.03828125 0.02265625
0 0.4828125 0.2859375 0.0578125 0.0265625
0 0.12265625 0.2859375 0.05234375 0.0140625
0 0.096875 0.1671875 0.06953125 0.0421875
0 0.0921875 0.1390625 0.05625 0.0203125
0 0.22265625 0.04375 0.0328125 0.01953125
0 0.1953125 0.015625 0.05390625 0.01484375
0 0.42734375 0.1359375 0.05 0.025
0 0.03046875 0.10703125 0.05078125 0.034375
0 0.41171875 0.19609375 0.06953125 0.034375
0 0.85625 0.30625 0.07109375 0.0234375
0 0.83671875 0.34765625 0.04375 0.02578125
0 0.865625 0.328125 0.040625 0.02109375
0 0.2890625 0.5109375 0.0671875 0.03125
0 0.26875 0.49296875 0.04140625 0.01640625
0 0.325 0.46796875 0.053125 0.021875
0 0.11328125 0.4703125 0.0421875 0.03828125
0 0.0296875 0.35625 0.0453125 0.03203125
0 0.01796875 0.29609375 0.03515625 0.01484375
0 0.81796875 0.39765625 0.03203125 0.021875
0 0.7484375 0.47109375 0.0421875 0.02109375
0 0.33984375 0.57109375 0.04296875 0.03671875
0 0.23046875 0.5703125 0.05859375 0.025
0 0.34453125 0.64609375 0.05703125 0.02265625
0 0.1421875 0.6671875 0.0421875 0.02890625
0 0.7734375 0.57109375 0.07109375 0.0234375
0 0.690625 0.77265625 0.04765625 0.02890625
0 0.48359375 0.75390625 0.06328125 0.02109375
0 0.51796875 0.80625 0.05703125 0.01796875
0 0.66171875 0.85546875 0.05234375 0.0140625
0 0.790625 0.8796875 0.04609375 0.01953125
0 0.43671875 0.8671875 0.05078125 0.02421875
0 0.06796875 0.846875 0.06796875 0.01171875
0 0.234375 0.95 0.10625 0.05546875
0 0.54453125 0.9078125 0.04609375 0.02578125
0 0.2296875 0.83828125 0.04453125 0.02578125
0 0.12734375 0.86484375 0.05546875 0.01953125
0 0.06640625 0.80703125 0.06640625 0.028125
0 0.365625 0.61328125 0.04140625 0.01796875
0 0.4671875 0.51484375 0.05703125 0.0234375
0 0.46953125 0.078125 0.04375 0.0265625