2 0.13984375 0.03046875 0.06484375 0.02890625
2 0.61484375 0.0890625 0.0671875 0.03046875
2 0.66875 0.0921875 0.0578125 0.03125
2 0.7484375 0.12890625 0.0671875 0.01875
2 0.09140625 0.13125 0.06171875 0.0359375
2 0.0640625 0.1328125 0.03046875 0.03671875
2 0.1265625 0.09453125 0.0578125 0.0375
2 0.725 0.24921875 0.02421875 0.01875
2 0.52890625 0.20390625 0.04609375 0.03828125
2 0.615625 0.30625 0.05859375 0.02421875
2 0.77734375 0.33984375 0.109375 0.02265625
2 0.1546875 0.20390625 0.05625 0.02734375
2 0.02421875 0.23671875 0.034375 0.04375
2 0.5328125 0.3703125 0.021875 0.0203125
2 0.68203125 0.3890625 0.06171875 0.01796875
2 0.5609375 0.57421875 0.046875 0.0234375
2 0.7453125 0.50625 0.03828125 0.0234375
2 0.76640625 0.69609375 0.0515625 0.03671875
2 0.31484375 0.69921875 0.06015625 0.02265625
2 0.07421875 0.6859375 0.03203125 0.028125
2 0.13203125 0.57421875 0.0328125 0.0359375
2 0.16171875 0.565625 0.0359375 0.03203125
2 0.4953125 0.771875 0.0390625 0.02265625
2 0.821875 0.84140625 0.03828125 0.0171875
2 0.8765625 0.8515625 0.046875 0.02734375
2 0.33203125 0.80234375 0.053125 0.02109375
2 0.98359375 0.8375 0.03203125 0.0125
2 0.4359375 0.74609375 0.03828125 0.01484375
2 0.26328125 0.6515625 0.05078125 0.0234375
2 0.07109375 0.9375 0.06171875 0.0359375