2 0.190625 0.03125 0.03828125 0.03984375
2 0.68203125 0.08984375 0.0703125 0.021875
2 0.215625 0.103125 0.06640625 0.015625
2 0.1484375 0.10546875 0.046875 0.04140625
2 0.2109375 0.08203125 0.05703125 0.03203125
2 0.50546875 0.171875 0.07265625 0.02421875
2 0.49453125 0.15703125 0.0515625 0.025
2 0.86875 0.184375 0.0578125 0.025
2 0.90546875 0.159375 0.04921875 0.021875
2 0.3171875 0.28046875 0.05546875 0.0171875
2 0.2734375 0.23125 0.0390625 0.034375
2 0.04296875 0.2359375 0.06796875 0.02578125
2 0.12421875 0.2171875 0.05703125 0.02109375
2 0.634375 0.26640625 0.053125 0.015625
2 0.86875 0.20390625 0.0578125 0.01484375
2 0.13984375 0.3046875 0.04765625 0.03515625
2 0.12578125 0.3921875 0.028125 0.0390625
2 0.1703125 0.37421875 0.0296875 0.03515625
2 0.06640625 0.36953125 0.03515625 0.03359375
2 0.2375 0.4765625 0.0328125 0.02734375
2 0.4703125 0.42578125 0.0375 0.03984375
2 0.88046875 0.3890625 0.07265625 0.02421875
2 0.078125 0.48984375 0.04453125 0.0265625
2 0.3015625 0.62109375 0.0453125 0.02890625
2 0.09453125 0.7265625 0.05234375 0.02890625
2 0.1203125 0.684375 0.046875 0.03515625
2 0.1421875 0.775 0.0453125 0.02109375
2 0.32734375 0.8125 0.0640625 0.0140625
2 0.43828125 0.815625 0.06953125 0.01953125
2 0.55234375 0.8546875 0.0421875 0.03125
2 0.7734375 0.77421875 0.07265625 0.01875
2 0.83203125 0.7296875 0.0515625 0.02265625
2 0.559375 0.1359375 0.05546875 0.0203125
2 0.22109375 0.74140625 0.03046875 0.02578125