2 0.640625 0.2859375 0.0734375 0.0234375
2 0.65703125 0.12109375 0.07109375 0.03828125
2 0.86328125 0.0875 0.05 0.03359375
2 0.88359375 0.178125 0.08828125 0.02890625
2 0.84296875 0.15390625 0.07734375 0.021875
2 0.69375 0.21875 0.0640625 0.021875
2 0.5 0.12890625 0.09921875 0.02890625
2 0.2859375 0.0953125 0.05546875 0.0140625
2 0.2 0.11640625 0.06640625 0.02421875
2 0.11640625 0.1203125 0.06953125 0.03125
2 0.134375 0.14453125 0.04453125 0.02734375
2 0.24375 0.20703125 0.06171875 0.0296875
2 0.1234375 0.42109375 0.053125 0.0375
2 0.2109375 0.40546875 0.0390625 0.02421875
2 0.2046875 0.4453125 0.04375 0.0265625
2 0.428125 0.440625 0.0875 0.0265625
2 0.66015625 0.37109375 0.071875 0.02421875
2 0.31171875 0.2546875 0.08203125 0.034375
2 0.0484375 0.61953125 0.0640625 0.0421875
2 0.37578125 0.57734375 0.0921875 0.04296875
2 0.6140625 0.603125 0.07578125 0.0390625
2 0.7 0.60078125 0.0671875 0.03125
2 0.55390625 0.8484375 0.07265625 0.02265625
2 0.4234375 0.8609375 0.04296875 0.0234375
2 0.29296875 0.75234375 0.03984375 0.02109375
2 0.240625 0.82421875 0.0609375 0.02890625
2 0.69140625 0.8046875 0.07109375 0.01640625
2 0.85234375 0.84296875 0.05 0.02578125
2 0.82578125 0.86015625 0.0671875 0.0203125
2 0.86640625 0.75078125 0.0515625 0.02421875
2 0.1484375 0.7046875 0.040625 0.025