2 0.5734375 0.14609375 0.06796875 0.03515625
2 0.88203125 0.09921875 0.0453125 0.03203125
2 0.87890625 0.16328125 0.05859375 0.04453125
2 0.90859375 0.12265625 0.05546875 0.02578125
2 0.296875 0.04296875 0.05859375 0.02890625
2 0.1109375 0.0234375 0.07265625 0.028125
2 0.10703125 0.0625 0.05703125 0.034375
2 0.0453125 0.05078125 0.04609375 0.03203125
2 0.17890625 0.1625 0.02421875 0.0359375
2 0.21640625 0.1546875 0.06640625 0.040625
2 0.3296875 0.1234375 0.0671875 0.02890625
2 0.47578125 0.0921875 0.071875 0.01640625
2 0.296875 0.37734375 0.053125 0.021875
2 0.5109375 0.3875 0.06328125 0.03125
2 0.13046875 0.41171875 0.05 0.0265625
2 0.259375 0.6390625 0.05234375 0.034375
2 0.41640625 0.68828125 0.04921875 0.03046875
2 0.6328125 0.64375 0.08359375 0.03125
2 0.61484375 0.58046875 0.07421875 0.03203125
2 0.72109375 0.7609375 0.065625 0.046875
2 0.86953125 0.70390625 0.0421875 0.01953125
2 0.95 0.81484375 0.0453125 0.02578125
2 0.8625 0.84453125 0.05625 0.02421875
2 0.81015625 0.878125 0.03984375 0.028125
2 0.37109375 0.78046875 0.06640625 0.03515625
2 0.1328125 0.765625 0.05703125 0.04140625
2 0.20859375 0.9109375 0.06640625 0.0515625
2 0.06015625 0.68125 0.0609375 0.03671875
2 0.0765625 0.54609375 0.05 0.02578125
2 0.1171875 0.53125 0.084375 0.03125
2 0.51796875 0.64296875 0.06484375 0.025