0 0.8953125 0.17578125 0.021875 0.05625
0 0.92890625 0.23046875 0.01875 0.065625
0 0.96328125 0.67734375 0.0203125 0.0625
0 0.93359375 0.51796875 0.0171875 0.0703125
0 0.890625 0.67265625 0.025 0.071875
0 0.8578125 0.47578125 0.021875 0.0671875
0 0.890625 0.25703125 0.021875 0.05
0 0.859375 0.3078125 0.028125 0.0671875
0 0.87734375 0.39453125 0.0171875 0.0515625
0 0.84921875 0.75 0.015625 0.0859375
0 0.775 0.79140625 0.021875 0.065625
0 0.725 0.765625 0.028125 0.0578125
0 0.7375 0.57734375 0.021875 0.065625
0 0.725 0.42734375 0.025 0.0453125
0 0.73125 0.34140625 0.021875 0.05
0 0.85390625 0.0515625 0.015625 0.053125
0 0.65078125 0.378125 0.03125 0.075
0 0.6203125 0.88046875 0.0359375 0.0484375
0 0.46171875 0.3359375 0.0296875 0.0515625
0 0.50234375 0.93515625 0.028125 0.0453125
0 0.4234375 0.1375 0.028125 0.0546875
0 0.42109375 0.40625 0.021875 0.046875
0 0.4828125 0.48125 0.025 0.0625
0 0.3546875 0.41875 0.025 0.0625
0 0.28203125 0.41171875 0.028125 0.0421875
0 0.28515625 0.16328125 0.025 0.046875
0 0.27890625 0.2296875 0.01875 0.0390625
0 0.33203125 0.053125 0.03125 0.046875
0 0.25234375 0.3171875 0.028125 0.0515625
0 0.25625 0.66484375 0.0203125 0.053125
0 0.29765625 0.68125 0.025 0.0609375
0 0.0921875 0.21875 0.034375 0.0421875
0 0.1265625 0.26015625 0.025 0.065625
0 0.1078125 0.15703125 0.03125 0.04375
0 0.03828125 0.184375 0.028125 0.0546875
0 0.08984375 0.7484375 0.021875 0.0921875
0 0.1546875 0.69609375 0.025 0.071875
0 0.2015625 0.8203125 0.01875 0.05625
0 0.03828125 0.04765625 0.028125 0.0546875