0 0.92734375 0.7984375 0.025 0.05
0 0.89296875 0.48984375 0.015625 0.0375
0 0.86015625 0.80703125 0.025 0.046875
0 0.8265625 0.69140625 0.01875 0.046875
0 0.79453125 0.7921875 0.0328125 0.0484375
0 0.78203125 0.6796875 0.0203125 0.0453125
0 0.6734375 0.5234375 0.0265625 0.046875
0 0.79453125 0.5109375 0.0328125 0.04375
0 0.7953125 0.45625 0.0328125 0.04375
0 0.76484375 0.10234375 0.0390625 0.025
0 0.7921875 0.0984375 0.03125 0.0421875
0 0.83671875 0.36953125 0.034375 0.040625
0 0.8515625 0.45625 0.034375 0.06875
0 0.85859375 0.9328125 0.0203125 0.05
0 0.83046875 0.88359375 0.034375 0.0703125
0 0.61484375 0.16953125 0.028125 0.05
0 0.44453125 0.24609375 0.028125 0.05625
0 0.4640625 0.21484375 0.034375 0.034375
0 0.46171875 0.4859375 0.0171875 0.053125
0 0.48671875 0.40859375 0.0171875 0.0375
0 0.42734375 0.65546875 0.0265625 0.0625
0 0.453125 0.659375 0.015625 0.05
0 0.51015625 0.73203125 0.01875 0.071875
0 0.48046875 0.7140625 0.0328125 0.04375
0 0.50625 0.9171875 0.021875 0.0890625
0 0.29765625 0.76171875 0.028125 0.040625
0 0.325 0.7515625 0.021875 0.0296875
0 0.3796875 0.5765625 0.025 0.028125
0 0.3765625 0.52578125 0.03125 0.059375
0 0.24296875 0.4765625 0.03125 0.040625
0 0.21953125 0.659375 0.028125 0.075
0 0.18359375 0.3875 0.0234375 0.0609375
0 0.13515625 0.71328125 0.028125 0.0578125
0 0.10703125 0.60546875 0.025 0.084375
0 0.190625 0.88046875 0.028125 0.0375
0 0.23828125 0.24765625 0.0375 0.0375
0 0.3640625 0.84140625 0.01875 0.046875
0 0.26015625 0.64765625 0.034375 0.05
0 0.84296875 0.6171875 0.03125 0.0640625
0 0.89765625 0.95703125 0.03125 0.040625