0 0.20703125 0.05 0.0515625 0.0140625
0 0.77109375 0.1328125 0.053125 0.0125
0 0.78515625 0.109375 0.0546875 0.025
0 0.81015625 0.115625 0.0640625 0.02109375
0 0.8671875 0.196875 0.053125 0.0171875
0 0.0796875 0.1265625 0.075 0.0203125
0 0.06171875 0.103125 0.06171875 0.02109375
0 0.4171875 0.1765625 0.06171875 0.01796875
0 0.51640625 0.21171875 0.071875 0.015625
0 0.2921875 0.21953125 0.0484375 0.02265625
0 0.23515625 0.25546875 0.0484375 0.0203125
0 0.48046875 0.28125 0.04765625 0.01640625
0 0.94453125 0.28984375 0.05625 0.025
0 0.6734375 0.3515625 0.0453125 0.0203125
0 0.3421875 0.35078125 0.05390625 0.0203125
0 0.228125 0.42421875 0.08828125 0.0171875
0 0.31640625 0.4515625 0.05859375 0.02265625
0 0.67421875 0.4578125 0.0625 0.01328125
0 0.884375 0.4 0.04921875 0.0171875
0 0.01484375 0.23203125 0.0296875 0.03125
0 0.128125 0.5421875 0.05625 0.02265625
0 0.7203125 0.55078125 0.0625 0.02421875
0 0.06484375 0.6203125 0.05078125 0.0265625
0 0.196875 0.64140625 0.0703125 0.015625
0 0.38515625 0.56640625 0.04765625 0.01484375
0 0.48046875 0.68515625 0.04296875 0.025
0 0.5078125 0.690625 0.040625 0.025
0 0.23203125 0.77109375 0.053125 0.03046875
0 0.653125 0.85234375 0.0640625 0.02265625
0 0.39765625 0.8375 0.03828125 0.02578125
0 0.38046875 0.78671875 0.05859375 0.02734375
0 0.228125 0.81328125 0.03671875 0.025
0 0.06640625 0.76171875 0.04765625 0.0203125
0 0.67109375 0.903125 0.0609375 0.01953125
0 0.26484375 0.96328125 0.0609375 0.025
0 0.19375 0.96328125 0.0484375 0.01875
0 0.08515625 0.8484375 0.05703125 0.0203125
0 0.74765625 0.746875 0.03515625 0.025
0 0.61640625 0.65234375 0.07578125 0.01484375
0 0.34453125 0.60625 0.06640625 0.021875
0 0.60703125 0.61953125 0.05625 0.0171875
0 0.89921875 0.54609375 0.05703125 0.02265625
0 0.41953125 0.08828125 0.0546875 0.02265625
0 0.684375 0.14375 0.03984375 0.02421875