2 0.1484375 0.11171875 0.05546875 0.0171875
2 0.22265625 0.1 0.040625 0.03359375
2 0.24765625 0.096875 0.04296875 0.0265625
2 0.4546875 0.059375 0.04609375 0.0265625
2 0.45078125 0.14921875 0.03671875 0.02265625
2 0.43828125 0.15 0.02265625 0.0328125
2 0.69921875 0.12421875 0.03203125 0.0171875
2 0.93046875 0.08828125 0.05234375 0.0171875
2 0.97578125 0.1375 0.0484375 0.01875
2 0.15859375 0.20625 0.03046875 0.0359375
2 0.115625 0.2015625 0.05234375 0.03515625
2 0.26875 0.18515625 0.040625 0.02109375
2 0.51328125 0.18359375 0.046875 0.02109375
2 0.0703125 0.228125 0.0296875 0.02734375
2 0.06796875 0.2859375 0.0328125 0.0265625
2 0.7125 0.31328125 0.04609375 0.01875
2 0.32734375 0.378125 0.05234375 0.015625
2 0.1203125 0.45234375 0.0296875 0.02734375
2 0.1703125 0.50546875 0.046875 0.01484375
2 0.40703125 0.453125 0.03515625 0.02265625
2 0.62734375 0.52578125 0.04296875 0.0171875
2 0.41171875 0.58515625 0.02734375 0.0296875
2 0.18515625 0.53515625 0.0421875 0.015625
2 0.93203125 0.578125 0.05 0.02265625
2 0.590625 0.590625 0.03203125 0.0265625
2 0.18828125 0.66640625 0.0265625 0.02578125
2 0.1625 0.69921875 0.03359375 0.02890625
2 0.221875 0.77421875 0.0234375 0.02890625
2 0.39375 0.7921875 0.0421875 0.01796875
2 0.32109375 0.85078125 0.0515625 0.01484375
2 0.61875 0.83984375 0.0390625 0.01796875
2 0.5375 0.83515625 0.0515625 0.01640625
2 0.12734375 0.80859375 0.06171875 0.01796875
2 0.921875 0.865625 0.05390625 0.021875
2 0.9421875 0.74921875 0.03515625 0.0234375
2 0.8203125 0.77578125 0.065625 0.01875
2 0.2046875 0.88359375 0.04609375 0.021875
2 0.35078125 0.10234375 0.059375 0.0203125
2 0.80859375 0.109375 0.04453125 0.01953125