0 0.8890625 0.028125 0.10546875 0.02578125
0 0.97578125 0.02109375 0.0484375 0.0328125
0 0.74296875 0.01328125 0.090625 0.02578125
0 0.19453125 0.05390625 0.0625 0.02890625
0 0.2484375 0.0625 0.09921875 0.01953125
0 0.11328125 0.07109375 0.07421875 0.028125
0 0.1671875 0.1046875 0.0671875 0.0234375
0 0.28046875 0.1234375 0.07109375 0.03515625
0 0.5 0.1046875 0.08984375 0.03671875
0 0.440625 0.15078125 0.0796875 0.02578125
0 0.38828125 0.18203125 0.0671875 0.03046875
0 0.4125 0.2171875 0.0546875 0.034375
0 0.459375 0.2203125 0.05390625 0.03671875
0 0.08671875 0.2 0.08203125 0.0328125
0 0.8828125 0.1234375 0.04140625 0.01953125
0 0.97578125 0.11640625 0.0484375 0.0171875
0 0.971875 0.153125 0.05625 0.0140625
0 0.90703125 0.2875 0.08046875 0.0375
0 0.60078125 0.32890625 0.06171875 0.02734375
0 0.74375 0.29375 0.0703125 0.0328125
0 0.025 0.26484375 0.04921875 0.03671875
0 0.3734375 0.35234375 0.1 0.0328125
0 0.83125 0.4359375 0.08046875 0.02890625
0 0.78828125 0.48203125 0.09375 0.040625
0 0.7390625 0.409375 0.05390625 0.03828125
0 0.646875 0.5 0.07421875 0.03203125
0 0.3734375 0.6125 0.10234375 0.03671875
0 0.196875 0.65703125 0.0703125 0.0453125
0 0.76015625 0.69296875 0.05859375 0.02890625
0 0.72265625 0.66796875 0.08671875 0.03359375
0 0.7515625 0.73125 0.04765625 0.0296875
0 0.60703125 0.75703125 0.04765625 0.03515625
0 0.56875 0.709375 0.0515625 0.040625
0 0.10078125 0.83203125 0.04921875 0.03046875
0 0.19609375 0.80859375 0.05 0.02421875
0 0.375 0.8078125 0.06484375 0.040625
0 0.271875 0.8265625 0.07734375 0.02734375
0 0.3484375 0.85546875 0.071875 0.03515625
0 0.45625 0.85859375 0.08125 0.0171875
0 0.60234375 0.80390625 0.07578125 0.0390625
0 0.653125 0.8359375 0.090625 0.0453125
0 0.7109375 0.903125 0.0625 0.0375
0 0.7671875 0.87578125 0.06171875 0.03828125
0 0.878125 0.80625 0.0546875 0.03671875
0 0.39765625 0.97734375 0.08671875 0.0328125