0 0.95078125 0.1609375 0.028125 0.078125
0 0.925 0.2421875 0.025 0.06875
0 0.95859375 0.5875 0.021875 0.1015625
0 0.94921875 0.67734375 0.0390625 0.025
0 0.96015625 0.74609375 0.0140625 0.06875
0 0.8890625 0.5859375 0.01875 0.0796875
0 0.86484375 0.309375 0.021875 0.0859375
0 0.82578125 0.16171875 0.028125 0.065625
0 0.83671875 0.16953125 0.025 0.065625
0 0.78359375 0.1546875 0.03125 0.05
0 0.88515625 0.01953125 0.028125 0.0390625
0 0.7921875 0.90390625 0.03125 0.0875
0 0.83046875 0.678125 0.0171875 0.0953125
0 0.86640625 0.83671875 0.025 0.0765625
0 0.840625 0.909375 0.0203125 0.071875
0 0.86796875 0.6171875 0.028125 0.053125
0 0.73828125 0.67265625 0.0375 0.0625
0 0.7234375 0.5390625 0.034375 0.05625
0 0.64140625 0.09140625 0.034375 0.028125
0 0.6796875 0.875 0.0375 0.0265625
0 0.53046875 0.053125 0.025 0.06875
0 0.44140625 0.7859375 0.015625 0.0671875
0 0.4609375 0.52734375 0.025 0.059375
0 0.4234375 0.521875 0.028125 0.046875
0 0.41640625 0.37578125 0.021875 0.06875
0 0.41484375 0.27734375 0.021875 0.071875
0 0.384375 0.05078125 0.01875 0.071875
0 0.46328125 0.1109375 0.021875 0.0515625
0 0.51953125 0.54140625 0.021875 0.0734375
0 0.2640625 0.625 0.025 0.053125
0 0.2625 0.73203125 0.028125 0.04375
0 0.17265625 0.74765625 0.025 0.034375
0 0.0453125 0.44609375 0.03125 0.040625
0 0.0671875 0.39140625 0.0203125 0.0734375
0 0.07578125 0.85625 0.015625 0.0375
0 0.1203125 0.53515625 0.015625 0.071875
0 0.1375 0.3796875 0.028125 0.0609375
0 0.13359375 0.2390625 0.021875 0.0625
0 0.209375 0.24453125 0.0234375 0.0546875
0 0.17578125 0.18203125 0.025 0.05
0 0.19921875 0.075 0.025 0.046875
0 0.15 0.03046875 0.01875 0.0609375