0 0.01171875 0.109375 0.021875 0.040625
0 0.10859375 0.10625 0.021875 0.05625
0 0.078125 0.38828125 0.01875 0.053125
0 0.05859375 0.39609375 0.0375 0.0453125
0 0.05625 0.790625 0.015625 0.0578125
0 0.046875 0.8390625 0.0203125 0.0625
0 0.0109375 0.7328125 0.021875 0.078125
0 0.14609375 0.28984375 0.0265625 0.0640625
0 0.1796875 0.7609375 0.01875 0.0625
0 0.134375 0.621875 0.01875 0.0609375
0 0.1453125 0.8265625 0.01875 0.0609375
0 0.10625 0.81875 0.028125 0.065625
0 0.225 0.16953125 0.0296875 0.03125
0 0.228125 0.30078125 0.025 0.04375
0 0.26796875 0.69140625 0.0265625 0.0640625
0 0.2375 0.83359375 0.025 0.059375
0 0.18515625 0.9484375 0.021875 0.0515625
0 0.359375 0.33671875 0.0234375 0.065625
0 0.34921875 0.58125 0.0265625 0.040625
0 0.38125 0.7734375 0.01875 0.078125
0 0.47734375 0.49375 0.021875 0.04375
0 0.475 0.6109375 0.021875 0.046875
0 0.44140625 0.74453125 0.021875 0.059375
0 0.45859375 0.85859375 0.0125 0.05625
0 0.42578125 0.83203125 0.028125 0.075
0 0.5046875 0.02734375 0.021875 0.0546875
0 0.5765625 0.5921875 0.01875 0.0625
0 0.53984375 0.80859375 0.0203125 0.075
0 0.6359375 0.1359375 0.0296875 0.0515625
0 0.62109375 0.15859375 0.03125 0.05
0 0.6859375 0.28984375 0.01875 0.046875
0 0.6828125 0.37734375 0.01875 0.0640625
0 0.7375 0.49453125 0.03125 0.05625
0 0.5953125 0.6203125 0.01875 0.059375
0 0.61171875 0.7578125 0.01875 0.034375
0 0.61953125 0.79375 0.0203125 0.034375
0 0.50703125 0.8578125 0.0203125 0.06875
0 0.778125 0.09921875 0.021875 0.06875
0 0.81328125 0.23203125 0.021875 0.05
0 0.8203125 0.35625 0.01875 0.078125
0 0.80703125 0.4828125 0.01875 0.0546875
0 0.765625 0.65703125 0.021875 0.0359375
0 0.66953125 0.646875 0.01875 0.0359375
0 0.6921875 0.86484375 0.0203125 0.0453125
0 0.73125 0.86875 0.0234375 0.03125
0 0.8578125 0.678125 0.028125 0.0625
0 0.85234375 0.5890625 0.025 0.0640625
0 0.821875 0.68671875 0.021875 0.053125
0 0.9109375 0.46796875 0.028125 0.0609375
0 0.87578125 0.334375 0.021875 0.0625
0 0.84296875 0.03515625 0.01875 0.0546875
0 0.9640625 0.32578125 0.028125 0.05625
0 0.94296875 0.765625 0.0234375 0.071875
0 0.87734375 0.72265625 0.021875 0.071875