0 0.9234375 0.60703125 0.025 0.046875
0 0.92734375 0.47265625 0.0265625 0.059375
0 0.8921875 0.21484375 0.021875 0.065625
0 0.89296875 0.15 0.0265625 0.0828125
0 0.8484375 0.11171875 0.0375 0.0796875
0 0.77734375 0.27265625 0.03125 0.0578125
0 0.709375 0.0375 0.03125 0.065625
0 0.85390625 0.29296875 0.0234375 0.0578125
0 0.81328125 0.6625 0.028125 0.04375
0 0.834375 0.76171875 0.025 0.05625
0 0.83828125 0.9328125 0.025 0.0703125
0 0.97734375 0.95625 0.0265625 0.046875
0 0.92265625 0.7421875 0.0234375 0.0484375
0 0.8625 0.71015625 0.0234375 0.046875
0 0.86171875 0.7625 0.021875 0.04375
0 0.70625 0.53203125 0.034375 0.05625
0 0.75703125 0.975 0.01875 0.05
0 0.59296875 0.4859375 0.0140625 0.06875
0 0.590625 0.62734375 0.021875 0.071875
0 0.39609375 0.653125 0.0359375 0.071875
0 0.42265625 0.8421875 0.040625 0.034375
0 0.35859375 0.4890625 0.01875 0.05
0 0.3828125 0.0875 0.0203125 0.053125
0 0.3078125 0.25078125 0.0265625 0.040625
0 0.22734375 0.86171875 0.0234375 0.0546875
0 0.18359375 0.68671875 0.021875 0.046875
0 0.1390625 0.8609375 0.0125 0.046875
0 0.09375 0.77734375 0.028125 0.0609375
0 0.16171875 0.41953125 0.021875 0.071875
0 0.1875 0.546875 0.01875 0.05625
0 0.4109375 0.90625 0.0296875 0.0765625
0 0.3078125 0.96875 0.040625 0.05
0 0.846875 0.68359375 0.025 0.0734375
0 0.98203125 0.7359375 0.021875 0.059375
0 0.69453125 0.3828125 0.03125 0.071875
0 0.15390625 0.26796875 0.021875 0.078125
0 0.86484375 0.58046875 0.021875 0.06875
0 0.81875 0.14765625 0.021875 0.0546875
0 0.80390625 0.83515625 0.021875 0.08125