0 0.42890625 0.07734375 0.06796875 0.02421875
0 0.43046875 0.06484375 0.06640625 0.0234375
0 0.15859375 0.11875 0.08515625 0.01796875
0 0.4390625 0.1515625 0.0828125 0.0234375
0 0.065625 0.14609375 0.06953125 0.021875
0 0.153125 0.1515625 0.05546875 0.0234375
0 0.67421875 0.1375 0.0625 0.015625
0 0.696875 0.12734375 0.0546875 0.02109375
0 0.4734375 0.25390625 0.05703125 0.025
0 0.2109375 0.27265625 0.04609375 0.03671875
0 0.79375 0.27421875 0.05546875 0.01953125
0 0.71328125 0.1671875 0.04921875 0.015625
0 0.91171875 0.2046875 0.05859375 0.0171875
0 0.69140625 0.22890625 0.03671875 0.02421875
0 0.72734375 0.21640625 0.0265625 0.0203125
0 0.97109375 0.2453125 0.04296875 0.02578125
0 0.9546875 0.31484375 0.04453125 0.02578125
0 0.065625 0.47578125 0.0421875 0.0265625
0 0.253125 0.4984375 0.053125 0.01953125
0 0.41171875 0.496875 0.06484375 0.025
0 0.6234375 0.5703125 0.059375 0.03125
0 0.3625 0.60390625 0.04296875 0.03203125
0 0.115625 0.57578125 0.05234375 0.02890625
0 0.075 0.66640625 0.04296875 0.03359375
0 0.60859375 0.64921875 0.059375 0.01953125
0 0.6921875 0.5546875 0.0546875 0.03359375
0 0.7515625 0.59453125 0.05078125 0.01953125
0 0.828125 0.5921875 0.05234375 0.02109375
0 0.77890625 0.50078125 0.046875 0.0203125
0 0.82265625 0.63828125 0.04453125 0.025
0 0.278125 0.76640625 0.04453125 0.02734375
0 0.58515625 0.7703125 0.04296875 0.0203125
0 0.975 0.71640625 0.05 0.0328125
0 0.1359375 0.8015625 0.0703125 0.0203125
0 0.478125 0.83828125 0.05703125 0.01875
0 0.29765625 0.9328125 0.059375 0.02734375
0 0.2109375 0.9625 0.06171875 0.03125
0 0.13828125 0.92734375 0.05546875 0.02265625
0 0.36484375 0.95703125 0.07578125 0.0265625
0 0.50859375 0.9515625 0.0625 0.021875