2 0.16015625 0.03671875 0.08828125 0.0375
2 0.10546875 0.0359375 0.09375 0.03203125
2 0.05078125 0.04453125 0.06640625 0.03125
2 0.09453125 0.07890625 0.05703125 0.02265625
2 0.40625 0.09140625 0.0546875 0.021875
2 0.67890625 0.11328125 0.05078125 0.03359375
2 0.69453125 0.1640625 0.08125 0.02109375
2 0.0703125 0.14765625 0.05703125 0.02421875
2 0.496875 0.37421875 0.0625 0.0390625
2 0.92109375 0.2859375 0.059375 0.03125
2 0.865625 0.32109375 0.05625 0.0453125
2 0.1421875 0.48984375 0.03046875 0.02890625
2 0.16015625 0.4921875 0.046875 0.03671875
2 0.1296875 0.57421875 0.0375 0.0296875
2 0.07109375 0.634375 0.0515625 0.03515625
2 0.47734375 0.60625 0.05859375 0.03671875
2 0.48046875 0.6375 0.05 0.03203125
2 0.39765625 0.6515625 0.05859375 0.02890625
2 0.29140625 0.58828125 0.0578125 0.034375
2 0.40625 0.69921875 0.05625 0.03671875
2 0.81640625 0.7359375 0.06171875 0.0296875
2 0.6203125 0.83515625 0.059375 0.0359375
2 0.87890625 0.821875 0.0671875 0.02890625
2 0.93125 0.846875 0.0640625 0.02421875
2 0.2609375 0.915625 0.06953125 0.03046875
2 0.0921875 0.91953125 0.059375 0.0296875
2 0.45703125 0.4203125 0.06015625 0.02890625