0 0.4515625 0.09375 0.04453125 0.0296875
0 0.7328125 0.07890625 0.06015625 0.0296875
0 0.80546875 0.06171875 0.065625 0.03203125
0 0.496875 0.05390625 0.0609375 0.02734375
0 0.7796875 0.2265625 0.109375 0.03125
0 0.87578125 0.3359375 0.0953125 0.040625
0 0.7625 0.39609375 0.071875 0.02734375
0 0.84296875 0.43125 0.0546875 0.028125
0 0.83515625 0.40390625 0.0546875 0.0359375
0 0.29921875 0.3953125 0.06484375 0.034375
0 0.3421875 0.37578125 0.07421875 0.03203125
0 0.2015625 0.4328125 0.06328125 0.02265625
0 0.25703125 0.4859375 0.0421875 0.0140625
0 0.284375 0.51484375 0.0453125 0.04453125
0 0.03046875 0.275 0.04765625 0.03828125
0 0.059375 0.25234375 0.0578125 0.0171875
0 0.08203125 0.140625 0.02890625 0.02421875
0 0.1359375 0.11484375 0.03203125 0.0265625
0 0.04609375 0.06484375 0.06328125 0.02734375
0 0.178125 0.1453125 0.03984375 0.02421875
0 0.646875 0.2078125 0.0796875 0.03046875
0 0.4234375 0.20625 0.03671875 0.046875
0 0.515625 0.22890625 0.07421875 0.034375
0 0.940625 0.14140625 0.0390625 0.034375
0 0.73203125 0.16953125 0.04296875 0.02890625
0 0.803125 0.19296875 0.0703125 0.03359375
0 0.57265625 0.1421875 0.06796875 0.02265625
0 0.48515625 0.5609375 0.0515625 0.02421875
0 0.80859375 0.5859375 0.07890625 0.02265625
0 0.34453125 0.56953125 0.0734375 0.0265625
0 0.3203125 0.63203125 0.0625 0.03046875
0 0.1609375 0.68125 0.0734375 0.0265625
0 0.3265625 0.7078125 0.0375 0.040625
0 0.496875 0.76640625 0.04375 0.02265625
0 0.54609375 0.75234375 0.03125 0.03046875
0 0.46796875 0.80859375 0.05703125 0.02578125
0 0.27109375 0.78984375 0.065625 0.02265625
0 0.284375 0.84921875 0.0421875 0.028125
0 0.72421875 0.88828125 0.0515625 0.0359375
0 0.5640625 0.8953125 0.04609375 0.02421875
0 0.8453125 0.73125 0.0890625 0.0375
0 0.8875 0.6765625 0.0703125 0.0328125
0 0.67265625 0.79609375 0.075 0.03671875