0 0.13046875 0.065625 0.10234375 0.0296875
0 0.4796875 0.03984375 0.0703125 0.034375
0 0.51796875 0.01328125 0.0796875 0.02578125
0 0.2921875 0.059375 0.06640625 0.028125
0 0.78125 0.08125 0.0796875 0.01953125
0 0.92109375 0.009375 0.0796875 0.01875
0 0.20390625 0.1078125 0.06171875 0.021875
0 0.0265625 0.1046875 0.053125 0.028125
0 0.10625 0.115625 0.07265625 0.021875
0 0.0359375 0.16953125 0.07109375 0.02578125
0 0.3203125 0.15390625 0.0875 0.02109375
0 0.40234375 0.140625 0.06796875 0.025
0 0.61640625 0.14453125 0.084375 0.021875
0 0.534375 0.1625 0.06640625 0.02265625
0 0.7875 0.15546875 0.07109375 0.03125
0 0.69296875 0.184375 0.07578125 0.0328125
0 0.62890625 0.20234375 0.0875 0.03203125
0 0.45390625 0.20625 0.07890625 0.025
0 0.27265625 0.240625 0.0375 0.0375
0 0.221875 0.21640625 0.06171875 0.0421875
0 0.984375 0.29453125 0.03125 0.0265625
0 0.3671875 0.3078125 0.0625 0.03046875
0 0.3 0.3703125 0.046875 0.0390625
0 0.08828125 0.37890625 0.04453125 0.0390625
0 0.5875 0.39453125 0.0609375 0.0453125
0 0.35625 0.5953125 0.071875 0.021875
0 0.0375 0.61015625 0.05546875 0.03515625
0 0.33203125 0.734375 0.05390625 0.040625
0 0.53359375 0.81796875 0.065625 0.01953125
0 0.559375 0.7859375 0.05078125 0.03046875
0 0.2484375 0.7890625 0.07734375 0.02578125
0 0.1546875 0.8625 0.08828125 0.02421875
0 0.89921875 0.92421875 0.084375 0.02734375
0 0.97421875 0.93203125 0.0515625 0.03046875
0 0.91875 0.87578125 0.0375 0.03359375
0 0.88984375 0.78359375 0.046875 0.04140625
0 0.1171875 0.825 0.071875 0.03515625
0 0.6125 0.80625 0.046875 0.04453125