0 0.93828125 0.91015625 0.0265625 0.0578125
0 0.84296875 0.82890625 0.053125 0.0671875
0 0.83203125 0.715625 0.021875 0.0609375
0 0.76875 0.5453125 0.046875 0.1046875
0 0.7828125 0.62265625 0.0265625 0.05625
0 0.7484375 0.83203125 0.0265625 0.05625
0 0.646875 0.7171875 0.0375 0.0609375
0 0.74140625 0.46953125 0.0375 0.0296875
0 0.80390625 0.33046875 0.0296875 0.0625
0 0.78984375 0.11328125 0.03125 0.05625
0 0.8046875 0.17421875 0.021875 0.04375
0 0.90625 0.040625 0.0375 0.06875
0 0.87734375 0.12265625 0.025 0.0546875
0 0.84296875 0.121875 0.028125 0.06875
0 0.53359375 0.61015625 0.05 0.0953125
0 0.43828125 0.70625 0.03125 0.059375
0 0.4953125 0.253125 0.0390625 0.059375
0 0.49765625 0.178125 0.040625 0.1046875
0 0.38984375 0.41953125 0.028125 0.05625
0 0.35703125 0.38984375 0.046875 0.0734375
0 0.3046875 0.6890625 0.03125 0.0875
0 0.28046875 0.81640625 0.034375 0.08125
0 0.28203125 0.93359375 0.028125 0.071875
0 0.36875 0.7671875 0.021875 0.090625
0 0.1578125 0.59140625 0.034375 0.059375
0 0.16484375 0.71171875 0.034375 0.05
0 0.21875 0.21328125 0.025 0.0578125
0 0.18125 0.20234375 0.0234375 0.0515625
0 0.31796875 0.17265625 0.0359375 0.0609375
0 0.34453125 0.0546875 0.025 0.071875
0 0.40546875 0.0515625 0.034375 0.0515625
0 0.78671875 0.23046875 0.034375 0.0609375