0 0.51171875 0.0734375 0.078125 0.0296875
0 0.809375 0.09140625 0.0640625 0.01796875
0 0.80703125 0.07109375 0.059375 0.02421875
0 0.90078125 0.10390625 0.04375 0.02109375
0 0.66328125 0.12421875 0.0578125 0.02421875
0 0.9703125 0.01875 0.05859375 0.01640625
0 0.34609375 0.01484375 0.0578125 0.02109375
0 0.22890625 0.1015625 0.0640625 0.0234375
0 0.18046875 0.13359375 0.05390625 0.02421875
0 0.4828125 0.17265625 0.059375 0.02109375
0 0.30234375 0.2296875 0.046875 0.02421875
0 0.87265625 0.1765625 0.059375 0.021875
0 0.9078125 0.23046875 0.04453125 0.02265625
0 0.946875 0.2 0.05546875 0.021875
0 0.24375 0.2828125 0.06484375 0.025
0 0.16796875 0.2859375 0.03203125 0.03203125
0 0.7671875 0.396875 0.06015625 0.02109375
0 0.8984375 0.35859375 0.05546875 0.021875
0 0.196875 0.5203125 0.05625 0.025
0 0.60234375 0.48671875 0.075 0.0234375
0 0.6359375 0.45625 0.06484375 0.0140625
0 0.403125 0.55859375 0.0515625 0.0234375
0 0.7921875 0.5828125 0.07734375 0.021875
0 0.82421875 0.50625 0.04140625 0.0359375
0 0.13828125 0.7046875 0.0625 0.0265625
0 0.53984375 0.60078125 0.06484375 0.0265625
0 0.275 0.76484375 0.06796875 0.0171875
0 0.12265625 0.78125 0.046875 0.0171875
0 0.4453125 0.7015625 0.06484375 0.01796875
0 0.68203125 0.76640625 0.06171875 0.02421875
0 0.028125 0.82421875 0.05625 0.0171875
0 0.1234375 0.834375 0.0578125 0.015625
0 0.1609375 0.86796875 0.0609375 0.015625
0 0.25546875 0.88046875 0.0453125 0.02109375
0 0.3203125 0.8859375 0.06953125 0.01953125
0 0.2859375 0.87734375 0.04609375 0.01875
0 0.59765625 0.88125 0.06328125 0.01640625
0 0.55703125 0.85625 0.06640625 0.0203125
0 0.21875 0.94921875 0.0765625 0.02265625
0 0.29375 0.97109375 0.06328125 0.01796875
0 0.47109375 0.81484375 0.0578125 0.015625