0 0.24921875 0.1 0.06484375 0.01796875
0 0.6375 0.1046875 0.0484375 0.01796875
0 0.72265625 0.10703125 0.0734375 0.015625
0 0.7921875 0.09140625 0.0375 0.028125
0 0.16171875 0.11640625 0.06328125 0.01484375
0 0.25859375 0.1296875 0.07890625 0.01875
0 0.51171875 0.17265625 0.06640625 0.01640625
0 0.57890625 0.2046875 0.06484375 0.02109375
0 0.6578125 0.22890625 0.0671875 0.01796875
0 0.3453125 0.1890625 0.05546875 0.015625
0 0.2125 0.2109375 0.04296875 0.02421875
0 0.3 0.21484375 0.0453125 0.0203125
0 0.05 0.16171875 0.0328125 0.0203125
0 0.87265625 0.14765625 0.04375 0.0203125
0 0.54609375 0.31875 0.05859375 0.0203125
0 0.29921875 0.2890625 0.04609375 0.02578125
0 0.340625 0.35078125 0.04375 0.02109375
0 0.10703125 0.41875 0.0546875 0.0203125
0 0.228125 0.48125 0.05078125 0.015625
0 0.678125 0.35546875 0.0546875 0.0125
0 0.71015625 0.4625 0.0609375 0.0265625
0 0.67734375 0.5734375 0.0296875 0.025
0 0.50078125 0.5734375 0.046875 0.01953125
0 0.38359375 0.5578125 0.05703125 0.0203125
0 0.1234375 0.53828125 0.04921875 0.01875
0 0.14453125 0.54375 0.0515625 0.01953125
0 0.94609375 0.63984375 0.05390625 0.01953125
0 0.55 0.63984375 0.04921875 0.02109375
0 0.64140625 0.6125 0.05703125 0.02109375
0 0.50078125 0.6890625 0.04609375 0.02578125
0 0.44296875 0.70078125 0.03125 0.0265625
0 0.11953125 0.6453125 0.028125 0.02421875
0 0.0578125 0.71015625 0.02734375 0.02890625
0 0.0625 0.653125 0.04296875 0.0203125
0 0.175 0.75234375 0.040625 0.01796875
0 0.12734375 0.759375 0.04609375 0.0265625
0 0.6703125 0.73046875 0.05234375 0.01953125
0 0.78515625 0.75625 0.04296875 0.01796875
0 0.82890625 0.76171875 0.03359375 0.025
0 0.846875 0.7859375 0.04921875 0.0203125
0 0.7921875 0.81484375 0.04296875 0.01484375
0 0.840625 0.871875 0.0421875 0.0203125
0 0.6734375 0.85625 0.046875 0.01875
0 0.3484375 0.85859375 0.0359375 0.03359375
0 0.3421875 0.83984375 0.05234375 0.02421875
0 0.23125 0.8296875 0.034375 0.02734375
0 0.475 0.79140625 0.0484375 0.01640625
0 0.76015625 0.91953125 0.04296875 0.01875
0 0.87421875 0.9578125 0.05390625 0.021875
0 0.04140625 0.9578125 0.04921875 0.025