2 0.02578125 0.0484375 0.0515625 0.02265625
2 0.10234375 0.05703125 0.05390625 0.025
2 0.23046875 0.10390625 0.02578125 0.0203125
2 0.26796875 0.10078125 0.0390625 0.0234375
2 0.09140625 0.15234375 0.059375 0.01953125
2 0.35625 0.1640625 0.05 0.02421875
2 0.90625 0.10859375 0.05234375 0.02421875
2 0.70625 0.14375 0.07265625 0.02109375
2 0.496875 0.20390625 0.0375 0.028125
2 0.5484375 0.20546875 0.05390625 0.03203125
2 0.64765625 0.31171875 0.06796875 0.0296875
2 0.58515625 0.3625 0.0640625 0.01953125
2 0.815625 0.38984375 0.04765625 0.0296875
2 0.925 0.32421875 0.078125 0.0203125
2 0.66953125 0.3828125 0.04296875 0.028125
2 0.08359375 0.2046875 0.0703125 0.02265625
2 0.0609375 0.36015625 0.0484375 0.02578125
2 0.50234375 0.37890625 0.04921875 0.02890625
2 0.8796875 0.51875 0.0453125 0.03125
2 0.93046875 0.55703125 0.03828125 0.028125
2 0.10546875 0.55 0.04921875 0.021875
2 0.13515625 0.5734375 0.0390625 0.03359375
2 0.10625 0.4265625 0.03671875 0.02421875
2 0.12578125 0.459375 0.02890625 0.03359375
2 0.25234375 0.7359375 0.059375 0.03671875
2 0.54140625 0.725 0.06484375 0.01796875
2 0.71953125 0.80234375 0.04609375 0.02265625
2 0.63125 0.859375 0.078125 0.0234375
2 0.4796875 0.80078125 0.053125 0.02421875
2 0.55859375 0.81875 0.03828125 0.015625
2 0.903125 0.828125 0.0515625 0.0234375
2 0.20546875 0.94296875 0.05625 0.03671875
2 0.146875 0.76640625 0.05078125 0.03125
2 0.2421875 0.8015625 0.05 0.0203125
2 0.6328125 0.509375 0.0546875 0.0375