2 0.10390625 0.01640625 0.0359375 0.0328125
2 0.2171875 0.0359375 0.0578125 0.04140625
2 0.109375 0.1296875 0.04375 0.02890625
2 0.1015625 0.09765625 0.040625 0.02890625
2 0.40234375 0.18671875 0.0609375 0.0203125
2 0.465625 0.09921875 0.053125 0.03515625
2 0.8875 0.0953125 0.059375 0.01796875
2 0.7703125 0.22421875 0.0734375 0.021875
2 0.52890625 0.24609375 0.0484375 0.02890625
2 0.559375 0.209375 0.065625 0.03203125
2 0.5234375 0.43359375 0.040625 0.025
2 0.8734375 0.2921875 0.05546875 0.02265625
2 0.62578125 0.27421875 0.06796875 0.0171875
2 0.078125 0.52265625 0.040625 0.0265625
2 0.4953125 0.590625 0.0328125 0.025
2 0.61953125 0.65859375 0.05546875 0.021875
2 0.9359375 0.64140625 0.0578125 0.01796875
2 0.39140625 0.66171875 0.0453125 0.0203125
2 0.01171875 0.51953125 0.02265625 0.0375
2 0.078125 0.66328125 0.040625 0.0265625
2 0.246875 0.81328125 0.059375 0.028125
2 0.33828125 0.86015625 0.05703125 0.00546875
2 0.4109375 0.8171875 0.075 0.02265625
2 0.590625 0.85078125 0.05 0.01875
2 0.7140625 0.871875 0.046875 0.0203125
2 0.90234375 0.84921875 0.05703125 0.0171875
2 0.7609375 0.79140625 0.06015625 0.0171875
2 0.06953125 0.69296875 0.03203125 0.02578125
2 0.6765625 0.128125 0.0421875 0.01875
2 0.759375 0.11484375 0.04453125 0.025
2 0.0453125 0.23046875 0.04453125 0.0203125
2 0.15390625 0.38515625 0.034375 0.0265625