0 0.97265625 0.41640625 0.0375 0.0859375
0 0.93359375 0.278125 0.0453125 0.1125
0 0.896875 0.4125 0.046875 0.1
0 0.87109375 0.32421875 0.025 0.078125
0 0.8546875 0.3671875 0.021875 0.0546875
0 0.94140625 0.78359375 0.0234375 0.0765625
0 0.93046875 0.8609375 0.025 0.084375
0 0.87265625 0.6859375 0.03125 0.0515625
0 0.834375 0.95234375 0.025 0.0890625
0 0.78671875 0.596875 0.03125 0.075
0 0.734375 0.12265625 0.021875 0.025
0 0.7390625 0.1046875 0.03125 0.01875
0 0.66484375 0.55625 0.034375 0.0421875
0 0.65546875 0.61484375 0.021875 0.04375
0 0.70703125 0.76171875 0.040625 0.0734375
0 0.66640625 0.93671875 0.0265625 0.059375
0 0.65390625 0.984375 0.0234375 0.03125
0 0.64765625 0.70625 0.028125 0.0375
0 0.59609375 0.425 0.028125 0.053125
0 0.590625 0.94453125 0.025 0.0484375
0 0.50390625 0.33984375 0.025 0.06875
0 0.4734375 0.0828125 0.025 0.084375
0 0.4234375 0.6484375 0.028125 0.059375
0 0.45234375 0.97109375 0.028125 0.053125
0 0.371875 0.659375 0.021875 0.065625
0 0.31484375 0.76640625 0.03125 0.0546875
0 0.3375 0.7078125 0.025 0.053125
0 0.33125 0.671875 0.021875 0.0625
0 0.334375 0.38359375 0.0296875 0.059375
0 0.4625 0.42109375 0.025 0.059375
0 0.32578125 0.26015625 0.015625 0.0375
0 0.25078125 0.45546875 0.028125 0.0734375
0 0.2390625 0.69453125 0.021875 0.071875
0 0.215625 0.90078125 0.021875 0.05
0 0.16171875 0.76484375 0.0328125 0.05625
0 0.1828125 0.775 0.025 0.046875
0 0.1578125 0.92578125 0.028125 0.06875
0 0.1109375 0.94140625 0.025 0.05625
0 0.12578125 0.93203125 0.015625 0.053125
0 0.140625 0.42890625 0.0265625 0.0734375
0 0.18671875 0.521875 0.03125 0.075
0 0.09765625 0.24765625 0.028125 0.046875
0 0.103125 0.40234375 0.01875 0.065625
0 0.03203125 0.63203125 0.025 0.090625
0 0.03203125 0.525 0.025 0.05625
0 0.1453125 0.6765625 0.0171875 0.05
0 0.15390625 0.6265625 0.034375 0.075