0 0.51640625 0.08671875 0.0671875 0.021875
0 0.39375 0.0890625 0.059375 0.021875
0 0.371875 0.0609375 0.075 0.021875
0 0.45625 0.1171875 0.09375 0.0171875
0 0.55859375 0.1359375 0.046875 0.015625
0 0.459375 0.16796875 0.05 0.01875
0 0.42109375 0.153125 0.065625 0.0234375
0 0.5328125 0.1578125 0.0625 0.01875
0 0.86015625 0.1609375 0.06875 0.0171875
0 0.85 0.13515625 0.0671875 0.0171875
0 0.72421875 0.234375 0.0625 0.021875
0 0.640625 0.2578125 0.059375 0.025
0 0.43515625 0.28359375 0.06875 0.021875
0 0.453125 0.25703125 0.05625 0.025
0 0.16484375 0.26484375 0.0375 0.034375
0 0.1953125 0.13125 0.053125 0.01875
0 0.1015625 0.16875 0.0640625 0.028125
0 0.8 0.2125 0.0640625 0.028125
0 0.6171875 0.48046875 0.0625 0.015625
0 0.46484375 0.44453125 0.0484375 0.0234375
0 0.171875 0.428125 0.053125 0.021875
0 0.18203125 0.40234375 0.0546875 0.025
0 0.975 0.46953125 0.05 0.01875
0 0.75234375 0.62109375 0.05625 0.021875
0 0.61328125 0.625 0.08125 0.01875
0 0.3046875 0.5578125 0.0484375 0.021875
0 0.4859375 0.6828125 0.040625 0.040625
0 0.46015625 0.67578125 0.046875 0.028125
0 0.5875 0.70390625 0.053125 0.0234375
0 0.7234375 0.6859375 0.078125 0.01875
0 0.69375 0.7140625 0.046875 0.0296875
0 0.259375 0.70078125 0.034375 0.021875
0 0.25390625 0.690625 0.075 0.0203125
0 0.7625 0.77109375 0.065625 0.0359375
0 0.871875 0.79765625 0.0453125 0.021875
0 0.8125 0.85078125 0.053125 0.0359375
0 0.85625 0.84765625 0.053125 0.021875
0 0.58984375 0.83984375 0.04375 0.028125
0 0.38984375 0.84921875 0.06875 0.03125
0 0.31640625 0.8328125 0.059375 0.0296875
0 0.415625 0.81484375 0.065625 0.0234375
0 0.71640625 0.90703125 0.0765625 0.021875