0 0.93125 0.03203125 0.053125 0.0171875
0 0.8171875 0.05703125 0.0625 0.01875
0 0.740625 0.08671875 0.0828125 0.01875
0 0.37890625 0.034375 0.0640625 0.025
0 0.4859375 0.00390625 0.0625 0.0078125
0 0.21640625 0.00390625 0.0671875 0.0078125
0 0.8671875 0.1328125 0.075 0.0171875
0 0.97578125 0.15390625 0.0484375 0.0171875
0 0.65234375 0.16796875 0.0671875 0.01875
0 0.41640625 0.16484375 0.053125 0.025
0 0.29921875 0.159375 0.059375 0.01875
0 0.4453125 0.1453125 0.0640625 0.01875
0 0.2015625 0.13515625 0.05625 0.01875
0 0.16875 0.05703125 0.0375 0.0265625
0 0.27734375 0.2203125 0.05625 0.01875
0 0.50390625 0.21015625 0.065625 0.0203125
0 0.6859375 0.2265625 0.065625 0.025
0 0.86953125 0.25625 0.05 0.0234375
0 0.66328125 0.35390625 0.059375 0.0296875
0 0.42109375 0.39296875 0.0484375 0.03125
0 0.39296875 0.43828125 0.028125 0.028125
0 0.3734375 0.4578125 0.034375 0.0328125
0 0.340625 0.434375 0.0546875 0.01875
0 0.23984375 0.384375 0.059375 0.015625
0 0.11015625 0.40546875 0.053125 0.0140625
0 0.1453125 0.4609375 0.059375 0.0171875
0 0.5359375 0.4984375 0.05625 0.0171875
0 0.196875 0.521875 0.0453125 0.015625
0 0.44296875 0.61484375 0.059375 0.01875
0 0.421875 0.58671875 0.059375 0.0203125
0 0.93125 0.559375 0.059375 0.0234375
0 0.94296875 0.76640625 0.059375 0.021875
0 0.68671875 0.703125 0.05 0.028125
0 0.6671875 0.7015625 0.059375 0.0234375
0 0.61875 0.7375 0.053125 0.0171875
0 0.6796875 0.63515625 0.05 0.015625
0 0.503125 0.71171875 0.046875 0.01875
0 0.571875 0.69921875 0.071875 0.015625
0 0.5046875 0.790625 0.05 0.03125
0 0.7765625 0.80546875 0.046875 0.0171875
0 0.87265625 0.8546875 0.0984375 0.03125
0 0.58984375 0.9 0.071875 0.021875
0 0.68984375 0.9578125 0.05625 0.028125
0 0.80234375 0.9609375 0.071875 0.028125
0 0.46953125 0.846875 0.059375 0.0234375
0 0.315625 0.7703125 0.0484375 0.0203125
0 0.15 0.76796875 0.034375 0.028125
0 0.20625 0.896875 0.065625 0.021875
0 0.18984375 0.69453125 0.0375 0.021875
0 0.2109375 0.628125 0.0484375 0.01875
0 0.04453125 0.6578125 0.0671875 0.01875
0 0.2125 0.8609375 0.071875 0.01875
0 0.86796875 0.6140625 0.059375 0.021875
0 0.0546875 0.11484375 0.08125 0.025