0 0.20859375 0.12578125 0.0875 0.025
0 0.14140625 0.16875 0.053125 0.0265625
0 0.28125 0.22421875 0.0484375 0.02109375
0 0.74296875 0.1515625 0.04375 0.01796875
0 0.75859375 0.13515625 0.075 0.01640625
0 0.5640625 0.17890625 0.06015625 0.01640625
0 0.54921875 0.1640625 0.08046875 0.0140625
0 0.890625 0.21171875 0.04921875 0.025
0 0.771875 0.2671875 0.065625 0.01875
0 0.9640625 0.2453125 0.071875 0.021875
0 0.96484375 0.28828125 0.06953125 0.0203125
0 0.04609375 0.2703125 0.05234375 0.04140625
0 0.43984375 0.49296875 0.05 0.0296875
0 0.6171875 0.5 0.065625 0.01640625
0 0.940625 0.40078125 0.03828125 0.0296875
0 0.49375 0.39609375 0.0546875 0.0171875
0 0.25234375 0.50078125 0.06328125 0.0234375
0 0.05078125 0.49921875 0.05546875 0.01640625
0 0.0796875 0.521875 0.04140625 0.02265625
0 0.3625 0.609375 0.05703125 0.01640625
0 0.3984375 0.5890625 0.046875 0.03125
0 0.7015625 0.56875 0.053125 0.021875
0 0.7828125 0.5890625 0.05 0.0265625
0 0.91015625 0.6875 0.0609375 0.01953125
0 0.140625 0.6421875 0.07109375 0.02421875
0 0.2203125 0.6640625 0.0625 0.025
0 0.09453125 0.746875 0.0578125 0.02421875
0 0.609375 0.7765625 0.04609375 0.02421875
0 0.4625 0.7859375 0.0640625 0.01640625
0 0.58359375 0.8453125 0.05546875 0.034375
0 0.30234375 0.84921875 0.06875 0.02109375
0 0.22578125 0.82265625 0.0578125 0.02578125
0 0.03359375 0.83671875 0.0671875 0.0234375
0 0.02109375 0.8140625 0.04140625 0.02109375
0 0.06015625 0.8 0.0546875 0.01796875
0 0.03359375 0.784375 0.05703125 0.01796875
0 0.0953125 0.89453125 0.0765625 0.02890625
0 0.15 0.9625 0.08515625 0.021875
0 0.5796875 0.9125 0.07734375 0.02890625
0 0.57421875 0.95703125 0.07421875 0.0171875
0 0.51640625 0.83359375 0.06875 0.0203125
0 0.86484375 0.76171875 0.05546875 0.0234375