0 0.8875 0.0234375 0.046875 0.0328125
0 0.60703125 0.084375 0.071875 0.028125
0 0.53671875 0.13125 0.0625 0.021875
0 0.871875 0.13828125 0.05625 0.0234375
0 0.9109375 0.19140625 0.05625 0.028125
0 0.66484375 0.18125 0.0609375 0.01875
0 0.39609375 0.16015625 0.04375 0.021875
0 0.496875 0.22734375 0.0484375 0.028125
0 0.240625 0.1125 0.05625 0.028125
0 0.02578125 0.04765625 0.0515625 0.0234375
0 0.0859375 0.1859375 0.05 0.025
0 0.153125 0.125 0.0546875 0.021875
0 0.9828125 0.225 0.034375 0.034375
0 0.80234375 0.26875 0.0453125 0.0390625
0 0.14296875 0.359375 0.08125 0.021875
0 0.184375 0.3984375 0.0671875 0.01875
0 0.20234375 0.37734375 0.0578125 0.0203125
0 0.684375 0.44609375 0.04375 0.025
0 0.62890625 0.4203125 0.03125 0.0296875
0 0.97890625 0.42890625 0.0421875 0.0234375
0 0.81015625 0.35 0.059375 0.025
0 0.7359375 0.5 0.059375 0.021875
0 0.84375 0.521875 0.0609375 0.0125
0 0.778125 0.55546875 0.053125 0.0234375
0 0.74921875 0.528125 0.05 0.0203125
0 0.5015625 0.625 0.046875 0.021875
0 0.5515625 0.64375 0.0609375 0.01875
0 0.65703125 0.5453125 0.04375 0.0234375
0 0.171875 0.47421875 0.034375 0.025
0 0.04375 0.4203125 0.046875 0.03125
0 0.059375 0.565625 0.0453125 0.021875
0 0.76640625 0.72890625 0.040625 0.03125
0 0.9703125 0.68984375 0.053125 0.028125
0 0.10234375 0.65078125 0.053125 0.03125
0 0.42890625 0.725 0.065625 0.025
0 0.4796875 0.78671875 0.059375 0.0296875
0 0.31015625 0.8125 0.046875 0.03125
0 0.73359375 0.86484375 0.0609375 0.028125
0 0.5453125 0.8296875 0.053125 0.025
0 0.61328125 0.81796875 0.053125 0.01875
0 0.94296875 0.93984375 0.053125 0.025
0 0.84453125 0.87265625 0.065625 0.0265625
0 0.703125 0.953125 0.0609375 0.0265625
0 0.28359375 0.9453125 0.053125 0.025
0 0.6328125 0.1125 0.0515625 0.01875
0 0.265625 0.16015625 0.078125 0.01875