2 0.1421875 0.49765625 0.028125 0.090625
2 0.11484375 0.7234375 0.0375 0.0828125
2 0.128125 0.628125 0.0296875 0.0734375
2 0.13515625 0.275 0.025 0.05625
2 0.121875 0.21328125 0.034375 0.0796875
2 0.05703125 0.05625 0.0375 0.065625
2 0.0328125 0.09375 0.040625 0.053125
2 0.12578125 0.0578125 0.025 0.040625
2 0.29140625 0.0421875 0.04375 0.0375
2 0.2671875 0.06953125 0.040625 0.0375
2 0.334375 0.0421875 0.0375 0.0328125
2 0.32421875 0.1078125 0.0375 0.05
2 0.37890625 0.4890625 0.034375 0.06875
2 0.3140625 0.640625 0.025 0.103125
2 0.38515625 0.3015625 0.05 0.1
2 0.40703125 0.15703125 0.046875 0.05625
2 0.5875 0.4 0.03125 0.059375
2 0.4703125 0.65234375 0.03125 0.0390625
2 0.6265625 0.1078125 0.028125 0.0578125
2 0.56015625 0.09375 0.025 0.028125
2 0.19765625 0.58671875 0.046875 0.0796875
2 0.62109375 0.709375 0.0515625 0.0625
2 0.70703125 0.553125 0.0421875 0.05625
2 0.78359375 0.47421875 0.040625 0.059375
2 0.96328125 0.59375 0.0328125 0.096875
2 0.8296875 0.84140625 0.03125 0.075
2 0.73046875 0.88359375 0.034375 0.0859375
2 0.909375 0.04453125 0.053125 0.0890625
2 0.08359375 0.63671875 0.021875 0.065625
2 0.08359375 0.3328125 0.021875 0.06875
2 0.10234375 0.371875 0.034375 0.053125
2 0.2125 0.24765625 0.028125 0.059375