0 0.02265625 0.25078125 0.03125 0.071875
0 0.06640625 0.509375 0.0359375 0.09375
0 0.09140625 0.3203125 0.025 0.0625
0 0.16328125 0.45078125 0.0296875 0.071875
0 0.14609375 0.53203125 0.0265625 0.0734375
0 0.13046875 0.259375 0.034375 0.09375
0 0.21640625 0.2921875 0.028125 0.0921875
0 0.2375 0.41484375 0.025 0.06875
0 0.196875 0.571875 0.0375 0.059375
0 0.240625 0.75859375 0.0375 0.0984375
0 0.2765625 0.696875 0.0375 0.071875
0 0.2328125 0.93046875 0.040625 0.05625
0 0.14453125 0.6984375 0.028125 0.065625
0 0.3890625 0.83515625 0.0453125 0.128125
0 0.47109375 0.96171875 0.028125 0.053125
0 0.45625 0.82890625 0.03125 0.059375
0 0.44296875 0.78203125 0.03125 0.0625
0 0.46796875 0.64609375 0.028125 0.078125
0 0.37578125 0.5671875 0.03125 0.08125
0 0.2921875 0.40859375 0.034375 0.059375
0 0.45234375 0.3203125 0.04375 0.08125
0 0.4296875 0.03046875 0.021875 0.0609375
0 0.58515625 0.18828125 0.03125 0.078125
0 0.60625 0.04296875 0.0375 0.065625
0 0.5671875 0.6953125 0.0359375 0.075
0 0.7 0.73359375 0.034375 0.0703125
0 0.709375 0.0265625 0.0375 0.053125
0 0.7609375 0.2828125 0.025 0.0625
0 0.828125 0.43671875 0.03125 0.0921875
0 0.840625 0.55625 0.03125 0.075
0 0.8484375 0.359375 0.034375 0.0671875
0 0.7828125 0.67890625 0.03125 0.08125
0 0.89921875 0.765625 0.034375 0.071875
0 0.78671875 0.95234375 0.034375 0.053125
0 0.77109375 0.90234375 0.0234375 0.071875
0 0.88046875 0.3296875 0.03125 0.0765625
0 0.94140625 0.2484375 0.034375 0.08125
0 0.9546875 0.18515625 0.034375 0.090625