0 0.73828125 0.12265625 0.06171875 0.02734375
0 0.553125 0.0671875 0.075 0.0265625
0 0.49921875 0.01875 0.0734375 0.02734375
0 0.409375 0.0734375 0.0640625 0.03671875
0 0.19140625 0.0359375 0.08828125 0.0296875
0 0.11328125 0.11484375 0.05 0.02890625
0 0.23984375 0.12578125 0.06953125 0.03125
0 0.3265625 0.18046875 0.0453125 0.01953125
0 0.1671875 0.21640625 0.07421875 0.01875
0 0.02578125 0.20625 0.0484375 0.01875
0 0.46640625 0.16171875 0.040625 0.02734375
0 0.77265625 0.17421875 0.04453125 0.02734375
0 0.82109375 0.21015625 0.0609375 0.025
0 0.81640625 0.2421875 0.0546875 0.021875
0 0.74375 0.23671875 0.0828125 0.01484375
0 0.97734375 0.2015625 0.04453125 0.021875
0 0.3203125 0.2421875 0.06328125 0.0265625
0 0.07109375 0.290625 0.0671875 0.0171875
0 0.3625 0.35390625 0.07109375 0.0171875
0 0.67109375 0.33203125 0.0765625 0.02890625
0 0.72109375 0.328125 0.053125 0.02421875
0 0.80546875 0.384375 0.06796875 0.0390625
0 0.9109375 0.33671875 0.04140625 0.025
0 0.77734375 0.4296875 0.06328125 0.03125
0 0.73671875 0.45234375 0.04765625 0.01953125
0 0.56953125 0.56796875 0.06875 0.02890625
0 0.4078125 0.68984375 0.034375 0.025
0 0.0609375 0.68671875 0.071875 0.02421875
0 0.09375 0.75078125 0.0359375 0.03203125
0 0.7125 0.7015625 0.06875 0.04375
0 0.8484375 0.66640625 0.0578125 0.021875
0 0.80078125 0.646875 0.053125 0.02265625
0 0.18671875 0.8375 0.0625 0.0296875
0 0.23828125 0.8203125 0.0609375 0.02578125
0 0.3171875 0.846875 0.04296875 0.028125
0 0.47109375 0.796875 0.06015625 0.025
0 0.72265625 0.81328125 0.0875 0.03046875
0 0.4046875 0.875 0.0578125 0.028125
0 0.51796875 0.925 0.071875 0.01640625
0 0.16796875 0.91640625 0.0890625 0.01953125
0 0.1328125 0.928125 0.08203125 0.0171875
0 0.1046875 0.946875 0.084375 0.0265625
0 0.15546875 0.97265625 0.071875 0.02578125
0 0.34375 0.97578125 0.06953125 0.02734375