2 0.49921875 0.37109375 0.05703125 0.034375
2 0.709375 0.1375 0.053125 0.02734375
2 0.75625 0.1390625 0.053125 0.02578125
2 0.9078125 0.19140625 0.07734375 0.0375
2 0.83203125 0.15625 0.04921875 0.03125
2 0.92109375 0.084375 0.053125 0.025
2 0.9734375 0.09296875 0.053125 0.0421875
2 0.746875 0.0828125 0.0828125 0.02734375
2 0.5765625 0.08984375 0.07734375 0.03203125
2 0.2859375 0.10078125 0.053125 0.0265625
2 0.1453125 0.03046875 0.06796875 0.03046875
2 0.07109375 0.03125 0.03203125 0.03828125
2 0.08359375 0.0625 0.0421875 0.03046875
2 0.03046875 0.26171875 0.04140625 0.03046875
2 0.2171875 0.42734375 0.078125 0.02890625
2 0.0671875 0.44140625 0.04765625 0.03046875
2 0.11640625 0.62265625 0.03828125 0.025
2 0.10703125 0.65703125 0.07421875 0.01875
2 0.46484375 0.70390625 0.0453125 0.02109375
2 0.38046875 0.76015625 0.04609375 0.02578125
2 0.21640625 0.76796875 0.06484375 0.03125
2 0.23125 0.7375 0.075 0.02109375
2 0.30703125 0.81015625 0.059375 0.0296875
2 0.43515625 0.8421875 0.05390625 0.0296875
2 0.6765625 0.5890625 0.06484375 0.03046875
2 0.54296875 0.6515625 0.05703125 0.040625
2 0.70859375 0.76328125 0.0359375 0.03203125
2 0.896875 0.7671875 0.03984375 0.02734375
2 0.62734375 0.85390625 0.10390625 0.03671875
2 0.1765625 0.8609375 0.0484375 0.0296875
2 0.36171875 0.4453125 0.07578125 0.025
2 0.38203125 0.49453125 0.07421875 0.03359375
2 0.66875 0.32734375 0.08671875 0.02578125