0 0.05625 0.725 0.021875 0.071875
0 0.13203125 0.6421875 0.03125 0.075
0 0.09296875 0.64140625 0.0234375 0.0546875
0 0.0921875 0.1625 0.01875 0.0671875
0 0.1296875 0.078125 0.025 0.075
0 0.1515625 0.053125 0.0171875 0.025
0 0.13515625 0.3375 0.015625 0.0421875
0 0.20859375 0.846875 0.01875 0.0515625
0 0.21328125 0.8 0.025 0.0515625
0 0.23203125 0.6921875 0.0234375 0.0375
0 0.234375 0.296875 0.028125 0.059375
0 0.21328125 0.2796875 0.01875 0.0875
0 0.196875 0.09375 0.034375 0.0453125
0 0.23046875 0.08046875 0.025 0.0359375
0 0.31484375 0.2015625 0.0171875 0.0625
0 0.32109375 0.06875 0.021875 0.04375
0 0.37578125 0.7015625 0.0375 0.0515625
0 0.34765625 0.65078125 0.03125 0.040625
0 0.4453125 0.91875 0.025 0.059375
0 0.496875 0.94296875 0.025 0.075
0 0.421875 0.2390625 0.021875 0.0625
0 0.4 0.9375 0.03125 0.053125
0 0.4515625 0.28046875 0.021875 0.053125
0 0.5703125 0.41875 0.0171875 0.040625
0 0.68203125 0.56171875 0.03125 0.05
0 0.7453125 0.93671875 0.03125 0.025
0 0.70625 0.2515625 0.03125 0.05
0 0.8453125 0.4078125 0.025 0.059375
0 0.8359375 0.96328125 0.028125 0.0375
0 0.81484375 0.8109375 0.01875 0.06875
0 0.8953125 0.8671875 0.03125 0.0375
0 0.896875 0.36796875 0.015625 0.071875
0 0.9828125 0.34765625 0.01875 0.0671875
0 0.0484375 0.63203125 0.021875 0.075