2 0.85078125 0.76484375 0.028125 0.05625
2 0.83046875 0.884375 0.015625 0.0625
2 0.846875 0.94765625 0.0328125 0.0359375
2 0.803125 0.76640625 0.01875 0.05625
2 0.74765625 0.82578125 0.025 0.05625
2 0.7265625 0.384375 0.03125 0.0515625
2 0.71328125 0.3875 0.021875 0.0546875
2 0.69375 0.07265625 0.034375 0.0609375
2 0.5953125 0.3390625 0.03125 0.0515625
2 0.62421875 0.48515625 0.0265625 0.034375
2 0.575 0.45234375 0.0296875 0.046875
2 0.58125 0.5875 0.034375 0.04375
2 0.54765625 0.5515625 0.01875 0.053125
2 0.56484375 0.80390625 0.025 0.0453125
2 0.45390625 0.5109375 0.0234375 0.05
2 0.45859375 0.4125 0.028125 0.0578125
2 0.45546875 0.171875 0.0140625 0.0328125
2 0.5734375 0.03046875 0.028125 0.05
2 0.42421875 0.0875 0.025 0.04375
2 0.35625 0.15234375 0.0234375 0.0375
2 0.35859375 0.4515625 0.025 0.071875
2 0.36640625 0.84140625 0.0328125 0.0875
2 0.25234375 0.1921875 0.028125 0.0375
2 0.25546875 0.07578125 0.028125 0.0578125
2 0.196875 0.25234375 0.0203125 0.065625
2 0.159375 0.21171875 0.025 0.059375
2 0.1421875 0.11796875 0.01875 0.0546875
2 0.10078125 0.47109375 0.0125 0.04375
2 0.15 0.61640625 0.01875 0.084375
2 0.121875 0.82265625 0.015625 0.0890625
2 0.08671875 0.74375 0.0234375 0.0625
2 0.2125 0.94453125 0.0375 0.0578125
2 0.18984375 0.9390625 0.0125 0.053125
2 0.2078125 0.60625 0.028125 0.04375
2 0.215625 0.5640625 0.015625 0.03125
2 0.18046875 0.540625 0.0203125 0.059375
2 0.17421875 0.74765625 0.021875 0.0421875
2 0.246875 0.684375 0.01875 0.05