0 0.53046875 0.65546875 0.08125 0.0234375
0 0.46328125 0.61640625 0.0609375 0.01796875
0 0.60390625 0.5875 0.05546875 0.040625
0 0.68984375 0.6546875 0.0671875 0.03984375
0 0.81484375 0.6625 0.071875 0.02421875
0 0.921875 0.76953125 0.11875 0.02734375
0 0.6421875 0.75625 0.140625 0.021875
0 0.46640625 0.725 0.05390625 0.01796875
0 0.41328125 0.675 0.078125 0.02109375
0 0.1046875 0.69296875 0.06015625 0.02734375
0 0.16796875 0.75859375 0.0546875 0.0390625
0 0.3578125 0.821875 0.07890625 0.02265625
0 0.503125 0.8515625 0.0734375 0.02578125
0 0.6171875 0.90546875 0.04765625 0.02578125
0 0.61328125 0.89296875 0.05546875 0.034375
0 0.69609375 0.9078125 0.0609375 0.025
0 0.7078125 0.8453125 0.0875 0.0484375
0 0.053125 0.82109375 0.08828125 0.02734375
0 0.0265625 0.86328125 0.053125 0.0234375
0 0.2796875 0.91953125 0.078125 0.0328125
0 0.37734375 0.5796875 0.07265625 0.02109375
0 0.14921875 0.54140625 0.08125 0.02421875
0 0.81640625 0.4875 0.05625 0.02421875
0 0.5796875 0.42109375 0.06328125 0.0265625
0 0.5640625 0.49921875 0.059375 0.03671875
0 0.48984375 0.4546875 0.06640625 0.03046875
0 0.353125 0.346875 0.06953125 0.0296875
0 0.04765625 0.2890625 0.05390625 0.015625
0 0.64453125 0.31171875 0.075 0.02734375
0 0.94375 0.32421875 0.0609375 0.03515625
0 0.7875 0.2453125 0.06484375 0.040625
0 0.27578125 0.2015625 0.0703125 0.02734375
0 0.2828125 0.23828125 0.05390625 0.02578125
0 0.3875 0.2 0.05625 0.04140625
0 0.83125 0.13515625 0.05390625 0.0234375
0 0.875 0.1546875 0.0515625 0.02734375
0 0.6890625 0.14453125 0.06796875 0.01796875
0 0.21640625 0.11015625 0.0515625 0.0234375
0 0.1390625 0.05390625 0.0765625 0.01953125
0 0.2375 0.01015625 0.0640625 0.01796875
0 0.6234375 0.01796875 0.0421875 0.0171875
0 0.57421875 0.02734375 0.04375 0.0203125
0 0.6 0.06484375 0.08359375 0.02890625