2 0.95234375 0.8234375 0.04609375 0.02421875
2 0.875 0.803125 0.040625 0.0203125
2 0.84140625 0.80546875 0.04453125 0.01875
2 0.83046875 0.75078125 0.0578125 0.0328125
2 0.79296875 0.70390625 0.0578125 0.02734375
2 0.53359375 0.7328125 0.0703125 0.021875
2 0.6859375 0.78359375 0.04375 0.01328125
2 0.37265625 0.85 0.02265625 0.0109375
2 0.30078125 0.7921875 0.0328125 0.01875
2 0.52734375 0.81875 0.040625 0.02109375
2 0.1453125 0.92890625 0.06484375 0.01796875
2 0.1203125 0.67109375 0.02890625 0.0265625
2 0.2125 0.60078125 0.0546875 0.02578125
2 0.315625 0.5703125 0.02421875 0.01953125
2 0.51328125 0.49453125 0.053125 0.01875
2 0.33125 0.490625 0.05703125 0.021875
2 0.04609375 0.3375 0.03671875 0.0234375
2 0.11328125 0.17109375 0.03125 0.02421875
2 0.13828125 0.09296875 0.0515625 0.025
2 0.14453125 0.11796875 0.040625 0.01796875
2 0.29296875 0.14453125 0.03515625 0.01640625
2 0.38046875 0.140625 0.040625 0.0203125
2 0.3234375 0.1703125 0.03359375 0.02421875
2 0.5015625 0.125 0.034375 0.021875
2 0.6265625 0.13203125 0.059375 0.02421875
2 0.84375 0.20390625 0.04609375 0.02578125
2 0.86796875 0.23046875 0.03359375 0.02578125
2 0.940625 0.08515625 0.0453125 0.03125
2 0.3859375 0.17578125 0.03984375 0.01953125