0 0.121875 0.1875 0.08515625 0.04453125
0 0.29140625 0.1578125 0.0609375 0.034375
0 0.38046875 0.178125 0.0421875 0.03203125
0 0.59609375 0.1765625 0.09609375 0.0390625
0 0.746875 0.18828125 0.06796875 0.03515625
0 0.75 0.2390625 0.0421875 0.03359375
0 0.64921875 0.25234375 0.06875 0.040625
0 0.6046875 0.2734375 0.0765625 0.03046875
0 0.48515625 0.384375 0.046875 0.02734375
0 0.58671875 0.41640625 0.06640625 0.02890625
0 0.759375 0.4015625 0.071875 0.03828125
0 0.71875 0.4640625 0.07265625 0.03828125
0 0.490625 0.51953125 0.0640625 0.03046875
0 0.41015625 0.484375 0.07890625 0.0296875
0 0.3984375 0.57890625 0.03671875 0.01953125
0 0.4078125 0.546875 0.046875 0.02890625
0 0.2 0.5875 0.06796875 0.0265625
0 0.13828125 0.56328125 0.046875 0.02578125
0 0.23984375 0.61328125 0.04765625 0.0140625
0 0.4640625 0.62890625 0.04140625 0.01953125
0 0.36484375 0.6484375 0.03828125 0.02109375
0 0.70859375 0.6421875 0.0796875 0.02421875
0 0.70859375 0.696875 0.0578125 0.0234375
0 0.15625 0.7078125 0.140625 0.025
0 0.42109375 0.7296875 0.10390625 0.01328125
0 0.50390625 0.7984375 0.10625 0.0265625
0 0.66484375 0.8109375 0.059375 0.01953125
0 0.68125 0.76328125 0.06328125 0.01953125
0 0.675 0.83359375 0.053125 0.01484375
0 0.75625 0.840625 0.0671875 0.0265625
0 0.78359375 0.8734375 0.0390625 0.025
0 0.7296875 0.91640625 0.0453125 0.034375
0 0.55078125 0.86953125 0.04296875 0.0203125
0 0.56875 0.88359375 0.07578125 0.009375
0 0.371875 0.84765625 0.06875 0.02421875
0 0.35390625 0.81328125 0.071875 0.0125
0 0.25703125 0.83046875 0.0609375 0.025
0 0.165625 0.85625 0.06640625 0.025
0 0.2078125 0.8796875 0.05625 0.0203125
0 0.1328125 0.94609375 0.09453125 0.021875
0 0.3828125 0.89921875 0.06953125 0.01015625
0 0.415625 0.96171875 0.11015625 0.0265625
0 0.0609375 0.825 0.0734375 0.028125
0 0.19140625 0.75390625 0.07421875 0.02265625
0 0.12109375 0.79609375 0.06328125 0.0203125