0 0.0140625 0.15546875 0.025 0.10625
0 0.02109375 0.02421875 0.0328125 0.0484375
0 0.2140625 0.04921875 0.025 0.090625
0 0.04765625 0.8109375 0.028125 0.0625
0 0.03203125 0.75703125 0.01875 0.0984375
0 0.065625 0.85703125 0.028125 0.075
0 0.1171875 0.66171875 0.0234375 0.0671875
0 0.11875 0.3734375 0.034375 0.071875
0 0.17578125 0.47890625 0.0375 0.090625
0 0.20625 0.43359375 0.025 0.0796875
0 0.17421875 0.62265625 0.03125 0.0671875
0 0.13671875 0.57578125 0.034375 0.0546875
0 0.22421875 0.59765625 0.0375 0.053125
0 0.2140625 0.7859375 0.0328125 0.0828125
0 0.128125 0.02421875 0.015625 0.0484375
0 0.29609375 0.08828125 0.0375 0.08125
0 0.36171875 0.45234375 0.028125 0.0625
0 0.28046875 0.3 0.0328125 0.0703125
0 0.26484375 0.975 0.0375 0.05
0 0.35234375 0.6265625 0.0328125 0.1
0 0.41875 0.15625 0.028125 0.08125
0 0.47265625 0.13359375 0.040625 0.09375
0 0.43828125 0.090625 0.0375 0.053125
0 0.5 0.353125 0.03125 0.075
0 0.6125 0.60703125 0.0375 0.103125
0 0.66171875 0.834375 0.0453125 0.0703125
0 0.69296875 0.23984375 0.028125 0.059375
0 0.6484375 0.26875 0.034375 0.0875
0 0.7046875 0.28515625 0.0296875 0.046875
0 0.7546875 0.4453125 0.034375 0.046875
0 0.69765625 0.43359375 0.040625 0.0515625
0 0.8390625 0.8984375 0.03125 0.05
0 0.79609375 0.75703125 0.025 0.05
0 0.81328125 0.6109375 0.040625 0.065625
0 0.8265625 0.728125 0.028125 0.078125
0 0.85546875 0.6515625 0.034375 0.071875
0 0.85859375 0.54375 0.0171875 0.08125
0 0.76171875 0.72890625 0.0390625 0.075
0 0.82421875 0.278125 0.0453125 0.090625
0 0.88359375 0.32734375 0.0375 0.0625
0 0.89140625 0.215625 0.0375 0.0625
0 0.80625 0.121875 0.0375 0.0546875
0 0.92109375 0.43203125 0.0328125 0.0875
0 0.51328125 0.109375 0.021875 0.04375
0 0.57890625 0.13515625 0.028125 0.059375
0 0.9109375 0.8109375 0.0234375 0.0625
0 0.9484375 0.82734375 0.021875 0.06875
0 0.89375 0.63671875 0.0296875 0.05625