0 0.13515625 0.0265625 0.0359375 0.04375
0 0.05078125 0.03671875 0.1015625 0.0359375
0 0.20390625 0.14921875 0.09375 0.04375
0 0.20625 0.22265625 0.0671875 0.028125
0 0.18515625 0.2 0.059375 0.0328125
0 0.74140625 0.0890625 0.0453125 0.0375
0 0.4203125 0.08125 0.0515625 0.040625
0 0.296875 0.11953125 0.078125 0.028125
0 0.5125 0.23125 0.046875 0.03125
0 0.63984375 0.159375 0.065625 0.03125
0 0.696875 0.128125 0.0578125 0.021875
0 0.5953125 0.14921875 0.05625 0.0265625
0 0.865625 0.17421875 0.0609375 0.0328125
0 0.14140625 0.35234375 0.065625 0.0203125
0 0.3390625 0.41171875 0.0640625 0.0375
0 0.26015625 0.4390625 0.0515625 0.025
0 0.2515625 0.53046875 0.065625 0.028125
0 0.25859375 0.50234375 0.0625 0.021875
0 0.1125 0.51953125 0.071875 0.01875
0 0.196875 0.5640625 0.071875 0.028125
0 0.50703125 0.61796875 0.0640625 0.028125
0 0.2125 0.73984375 0.075 0.040625
0 0.0328125 0.70546875 0.053125 0.040625
0 0.971875 0.415625 0.04375 0.0328125
0 0.83046875 0.3828125 0.06875 0.015625
0 0.8765625 0.38984375 0.046875 0.03125
0 0.828125 0.43984375 0.059375 0.03125
0 0.35625 0.5390625 0.0578125 0.021875
0 0.88828125 0.65546875 0.0421875 0.03125
0 0.615625 0.825 0.078125 0.025
0 0.21875 0.87578125 0.05 0.03125
0 0.23828125 0.96796875 0.0890625 0.028125
0 0.21328125 0.95 0.08125 0.0234375
0 0.03984375 0.928125 0.078125 0.025
0 0.46796875 0.83984375 0.059375 0.03125
0 0.08828125 0.775 0.0609375 0.015625
0 0.07265625 0.76171875 0.059375 0.0171875