2 0.5140625 0.0890625 0.071875 0.03671875
2 0.2421875 0.090625 0.08359375 0.04375
2 0.08984375 0.040625 0.08359375 0.03828125
2 0.11015625 0.16796875 0.03828125 0.03203125
2 0.1828125 0.1484375 0.053125 0.02890625
2 0.721875 0.140625 0.08515625 0.03203125
2 0.76171875 0.13984375 0.05546875 0.02578125
2 0.8625 0.1875 0.053125 0.02890625
2 0.8703125 0.1609375 0.07734375 0.034375
2 0.82265625 0.3140625 0.08046875 0.0328125
2 0.7328125 0.34921875 0.09296875 0.034375
2 0.48828125 0.37890625 0.10625 0.0265625
2 0.35546875 0.41640625 0.0796875 0.02109375
2 0.39921875 0.44921875 0.05390625 0.03125
2 0.28671875 0.39765625 0.03828125 0.0296875
2 0.25703125 0.5046875 0.06796875 0.05546875
2 0.0734375 0.45859375 0.06015625 0.02109375
2 0.2734375 0.19453125 0.06484375 0.02890625
2 0.3328125 0.19140625 0.05546875 0.02578125
2 0.08046875 0.51484375 0.0859375 0.03359375
2 0.0953125 0.640625 0.071875 0.0234375
2 0.4890625 0.73515625 0.0921875 0.03359375
2 0.2671875 0.83984375 0.10703125 0.0390625
2 0.54296875 0.859375 0.0953125 0.028125
2 0.50625 0.85 0.04375 0.0265625
2 0.5484375 0.8203125 0.040625 0.03828125
2 0.79453125 0.865625 0.04921875 0.03125
2 0.7328125 0.7734375 0.06328125 0.03125