0 0.58359375 0.02734375 0.0859375 0.03828125
0 0.721875 0.06640625 0.1125 0.0453125
0 0.5875 0.103125 0.10078125 0.04765625
0 0.67578125 0.12890625 0.078125 0.02578125
0 0.6328125 0.1453125 0.0546875 0.021875
0 0.21640625 0.05859375 0.0765625 0.0234375
0 0.1390625 0.06953125 0.084375 0.025
0 0.3140625 0.12734375 0.05078125 0.03046875
0 0.04765625 0.165625 0.0890625 0.025
0 0.403125 0.21328125 0.075 0.03203125
0 0.87734375 0.265625 0.02578125 0.021875
0 0.8953125 0.2609375 0.01953125 0.03046875
0 0.44375 0.33515625 0.0421875 0.03359375
0 0.38515625 0.34453125 0.04375 0.021875
0 0.23828125 0.29296875 0.0734375 0.03984375
0 0.06328125 0.33359375 0.06015625 0.0265625
0 0.015625 0.34609375 0.03125 0.0234375
0 0.29375 0.35234375 0.03828125 0.02890625
0 0.575 0.40390625 0.053125 0.02734375
0 0.05546875 0.409375 0.0484375 0.02578125
0 0.66015625 0.49609375 0.06875 0.02578125
0 0.9171875 0.5265625 0.08359375 0.025
0 0.3515625 0.5765625 0.059375 0.02890625
0 0.02890625 0.54765625 0.05390625 0.02734375
0 0.340625 0.628125 0.06484375 0.02109375
0 0.23359375 0.68515625 0.0546875 0.03046875
0 0.2921875 0.6625 0.05234375 0.025
0 0.328125 0.66875 0.0625 0.02265625
0 0.61640625 0.665625 0.05859375 0.0296875
0 0.57890625 0.5375 0.05859375 0.025
0 0.73984375 0.67421875 0.03671875 0.01484375
0 0.54453125 0.74921875 0.0734375 0.02890625
0 0.30546875 0.7609375 0.071875 0.02265625
0 0.09921875 0.784375 0.05078125 0.021875
0 0.23515625 0.83828125 0.05546875 0.0328125
0 0.225 0.8171875 0.04765625 0.025
0 0.07421875 0.8421875 0.06953125 0.02734375
0 0.05859375 0.8890625 0.05703125 0.02421875
0 0.06796875 0.87421875 0.05234375 0.015625
0 0.57109375 0.859375 0.0734375 0.0265625
0 0.478125 0.81328125 0.075 0.03046875
0 0.75234375 0.90234375 0.04765625 0.028125
0 0.59765625 0.896875 0.06640625 0.01875
0 0.36796875 0.96796875 0.090625 0.02421875
0 0.475 0.96796875 0.05625 0.02421875
0 0.3234375 0.8546875 0.05 0.0171875
0 0.3734375 0.84609375 0.07578125 0.03359375