0 0.58046875 0.01953125 0.09140625 0.021875
0 0.18203125 0.11484375 0.05546875 0.02265625
0 0.06953125 0.13203125 0.0375 0.04375
0 0.31640625 0.11484375 0.07578125 0.0328125
0 0.11640625 0.23203125 0.07265625 0.03828125
0 0.4296875 0.13828125 0.071875 0.02890625
0 0.56875 0.1109375 0.071875 0.02734375
0 0.53046875 0.1765625 0.09296875 0.01953125
0 0.50625 0.228125 0.05234375 0.0421875
0 0.7296875 0.13984375 0.0578125 0.02265625
0 0.60234375 0.1375 0.06640625 0.02734375
0 0.1609375 0.15078125 0.05 0.01796875
0 0.7875 0.1046875 0.0625 0.01640625
0 0.97265625 0.13671875 0.0546875 0.025
0 0.89453125 0.13984375 0.05546875 0.0296875
0 0.965625 0.190625 0.05078125 0.021875
0 0.840625 0.25234375 0.05546875 0.02421875
0 0.03828125 0.3 0.0453125 0.034375
0 0.340625 0.3359375 0.08203125 0.02265625
0 0.24140625 0.35859375 0.05625 0.04296875
0 0.684375 0.33984375 0.034375 0.025
0 0.715625 0.31484375 0.04765625 0.0265625
0 0.76171875 0.428125 0.04296875 0.0203125
0 0.46953125 0.43515625 0.04609375 0.02109375
0 0.1078125 0.45 0.06328125 0.0234375
0 0.825 0.390625 0.06953125 0.02890625
0 0.2734375 0.5125 0.0546875 0.01796875
0 0.275 0.49375 0.065625 0.0203125
0 0.221875 0.55 0.04375 0.0203125
0 0.30703125 0.55078125 0.04921875 0.01875
0 0.49609375 0.63203125 0.053125 0.0234375
0 0.3171875 0.6765625 0.03828125 0.02421875
0 0.02578125 0.5734375 0.0515625 0.0234375
0 0.96640625 0.3546875 0.0609375 0.0203125
0 0.97421875 0.40859375 0.04140625 0.02421875
0 0.8953125 0.56328125 0.04921875 0.02578125
0 0.73671875 0.81015625 0.04765625 0.03203125
0 0.8171875 0.82265625 0.053125 0.03515625
0 0.85703125 0.7546875 0.0640625 0.01796875
0 0.29609375 0.82109375 0.06796875 0.0296875
0 0.35703125 0.8578125 0.065625 0.021875
0 0.4203125 0.85546875 0.065625 0.01875
0 0.48203125 0.98203125 0.09296875 0.0234375
0 0.55234375 0.95078125 0.07734375 0.02578125
0 0.9203125 0.97578125 0.05234375 0.034375
0 0.6015625 0.72734375 0.06875 0.01796875
0 0.26015625 0.80078125 0.04609375 0.021875
0 0.36796875 0.9265625 0.0765625 0.0265625
0 0.87734375 0.65703125 0.05390625 0.01953125
0 0.90078125 0.64921875 0.05 0.0265625