0 0.0171875 0.7671875 0.01875 0.0515625
0 0.053125 0.70546875 0.021875 0.05625
0 0.0875 0.925 0.0203125 0.0671875
0 0.1015625 0.53125 0.01875 0.06875
0 0.03828125 0.42578125 0.01875 0.0828125
0 0.09453125 0.15078125 0.01875 0.0578125
0 0.10625 0.21875 0.021875 0.0515625
0 0.1484375 0.90390625 0.028125 0.034375
0 0.1421875 0.87890625 0.021875 0.05
0 0.140625 0.74765625 0.021875 0.053125
0 0.146875 0.53046875 0.025 0.046875
0 0.175 0.128125 0.01875 0.034375
0 0.1625 0.29765625 0.01875 0.0375
0 0.0984375 0.771875 0.021875 0.046875
0 0.190625 0.55078125 0.0234375 0.059375
0 0.18515625 0.525 0.01875 0.0453125
0 0.2921875 0.84609375 0.015625 0.05
0 0.2953125 0.46171875 0.025 0.0625
0 0.26875 0.4515625 0.034375 0.0359375
0 0.31328125 0.18515625 0.025 0.046875
0 0.34609375 0.13671875 0.021875 0.046875
0 0.33515625 0.10546875 0.01875 0.046875
0 0.4171875 0.175 0.015625 0.034375
0 0.3984375 0.17734375 0.015625 0.053125
0 0.50703125 0.71328125 0.01875 0.040625
0 0.496875 0.7515625 0.0265625 0.05625
0 0.4828125 0.66484375 0.025 0.040625
0 0.51640625 0.55234375 0.01875 0.0484375
0 0.4625 0.24140625 0.021875 0.04375
0 0.478125 0.11015625 0.025 0.0390625
0 0.56484375 0.23671875 0.0203125 0.05
0 0.5640625 0.66328125 0.015625 0.04375
0 0.55078125 0.76484375 0.0265625 0.034375
0 0.63828125 0.66015625 0.0203125 0.059375
0 0.6109375 0.71875 0.0171875 0.05
0 0.66953125 0.8546875 0.021875 0.0484375
0 0.7125 0.2609375 0.03125 0.04375
0 0.64296875 0.17265625 0.025 0.046875
0 0.7546875 0.553125 0.0265625 0.059375
0 0.7640625 0.3671875 0.0203125 0.053125
0 0.809375 0.190625 0.01875 0.0359375
0 0.8296875 0.29609375 0.021875 0.046875
0 0.81015625 0.38828125 0.021875 0.05
0 0.91015625 0.46484375 0.025 0.05
0 0.82578125 0.8828125 0.01875 0.071875
0 0.8125 0.89296875 0.01875 0.046875
0 0.85703125 0.8640625 0.025 0.0453125
0 0.84609375 0.87578125 0.01875 0.0375
0 0.8921875 0.78671875 0.021875 0.05625
0 0.86875 0.34140625 0.01875 0.0375
0 0.8703125 0.3953125 0.0328125 0.053125
0 0.94765625 0.0703125 0.03125 0.06875
0 0.3640625 0.95 0.025 0.0546875
0 0.91640625 0.86171875 0.0171875 0.059375