2 0.9546875 0.7078125 0.0375 0.065625
2 0.91640625 0.86015625 0.0265625 0.0578125
2 0.90703125 0.51640625 0.025 0.05625
2 0.86484375 0.3640625 0.01875 0.0625
2 0.909375 0.175 0.0203125 0.05625
2 0.8734375 0.0734375 0.0171875 0.084375
2 0.8921875 0.0890625 0.025 0.08125
2 0.84296875 0.71484375 0.01875 0.0578125
2 0.8125 0.5046875 0.0125 0.0546875
2 0.82421875 0.61328125 0.021875 0.05
2 0.753125 0.7890625 0.0375 0.0609375
2 0.803125 0.9125 0.04375 0.028125
2 0.84375 0.95 0.028125 0.028125
2 0.67890625 0.85234375 0.028125 0.0375
2 0.634375 0.8453125 0.028125 0.046875
2 0.60625 0.8078125 0.0328125 0.0375
2 0.53203125 0.53828125 0.01875 0.059375
2 0.54453125 0.21875 0.0171875 0.065625
2 0.5671875 0.30625 0.03125 0.0546875
2 0.55859375 0.1390625 0.021875 0.0671875
2 0.51953125 0.92578125 0.03125 0.0484375
2 0.4890625 0.9578125 0.025 0.0484375
2 0.41171875 0.59765625 0.03125 0.046875
2 0.340625 0.85703125 0.0203125 0.053125
2 0.2671875 0.95078125 0.021875 0.05
2 0.25703125 0.928125 0.028125 0.040625
2 0.28203125 0.85390625 0.03125 0.0375
2 0.19453125 0.63828125 0.0265625 0.0546875
2 0.22109375 0.3796875 0.021875 0.05625
2 0.2453125 0.26953125 0.0171875 0.046875
2 0.21328125 0.9234375 0.03125 0.0390625
2 0.8015625 0.82265625 0.0234375 0.0421875