0 0.57421875 0.04453125 0.071875 0.0203125
0 0.4375 0.06953125 0.06875 0.021875
0 0.70625 0.1015625 0.075 0.0234375
0 0.584375 0.10625 0.065625 0.015625
0 0.91171875 0.16328125 0.065625 0.01875
0 0.90703125 0.14453125 0.059375 0.021875
0 0.78046875 0.128125 0.05 0.0234375
0 0.5984375 0.16328125 0.071875 0.0140625
0 0.39609375 0.19453125 0.0578125 0.0234375
0 0.35625 0.15390625 0.071875 0.0265625
0 0.48828125 0.23359375 0.075 0.0203125
0 0.36484375 0.22890625 0.040625 0.03125
0 0.559375 0.29140625 0.0640625 0.01875
0 0.54609375 0.26484375 0.0421875 0.025
0 0.70390625 0.2140625 0.059375 0.0203125
0 0.27890625 0.3015625 0.0375 0.0265625
0 0.153125 0.25703125 0.0484375 0.0296875
0 0.0453125 0.2609375 0.0359375 0.0234375
0 0.05234375 0.13828125 0.0703125 0.021875
0 0.04296875 0.1640625 0.0609375 0.021875
0 0.328125 0.359375 0.040625 0.025
0 0.2 0.3921875 0.05625 0.0203125
0 0.70078125 0.45234375 0.065625 0.021875
0 0.34921875 0.465625 0.0625 0.0234375
0 0.18984375 0.4421875 0.0265625 0.028125
0 0.825 0.5890625 0.0578125 0.0234375
0 0.31484375 0.56484375 0.0546875 0.021875
0 0.0890625 0.65859375 0.046875 0.015625
0 0.5859375 0.834375 0.046875 0.03125
0 0.8046875 0.78203125 0.0484375 0.0203125
0 0.71875 0.75546875 0.0578125 0.0203125
0 0.38671875 0.875 0.065625 0.028125
0 0.24453125 0.89921875 0.0671875 0.025
0 0.11171875 0.82109375 0.065625 0.0234375
0 0.3984375 0.84453125 0.0625 0.021875
0 0.89296875 0.95 0.06875 0.01875
0 0.8515625 0.95234375 0.034375 0.034375
0 0.5640625 0.7984375 0.0625 0.0171875
0 0.9703125 0.60625 0.059375 0.015625
0 0.8625 0.875 0.059375 0.021875
0 0.98125 0.68671875 0.0375 0.03125