0 0.246875 0.0109375 0.0796875 0.021875
0 0.5390625 0.0109375 0.075 0.021875
0 0.6578125 0.0765625 0.0609375 0.03125
0 0.4671875 0.07265625 0.071875 0.01875
0 0.12734375 0.11015625 0.05 0.015625
0 0.27109375 0.12734375 0.08125 0.021875
0 0.34375 0.1859375 0.0375 0.034375
0 0.7296875 0.1171875 0.0734375 0.021875
0 0.62890625 0.15 0.084375 0.03125
0 0.525 0.16953125 0.06875 0.021875
0 0.10625 0.17421875 0.06875 0.028125
0 0.153125 0.2078125 0.0796875 0.025
0 0.32734375 0.23828125 0.053125 0.03125
0 0.840625 0.2421875 0.046875 0.025
0 0.76640625 0.234375 0.059375 0.021875
0 0.115625 0.271875 0.053125 0.025
0 0.3640625 0.3546875 0.065625 0.034375
0 0.93125 0.17109375 0.05625 0.015625
0 0.76796875 0.42890625 0.065625 0.021875
0 0.78984375 0.403125 0.028125 0.03125
0 0.7296875 0.446875 0.0640625 0.021875
0 0.6375 0.35859375 0.034375 0.025
0 0.93203125 0.38203125 0.0578125 0.0234375
0 0.6046875 0.571875 0.053125 0.0265625
0 0.40546875 0.68984375 0.053125 0.034375
0 0.684375 0.7078125 0.0453125 0.0328125
0 0.828125 0.6625 0.0609375 0.01875
0 0.10703125 0.753125 0.0515625 0.025
0 0.009375 0.57421875 0.01875 0.0328125
0 0.17890625 0.83828125 0.06875 0.021875
0 0.18515625 0.82578125 0.0578125 0.0140625
0 0.17734375 0.80078125 0.04375 0.0203125
0 0.06953125 0.7953125 0.034375 0.028125
0 0.453125 0.80703125 0.0484375 0.034375
0 0.1703125 0.971875 0.0828125 0.028125