0 0.3453125 0.053125 0.06328125 0.03046875
0 0.09296875 0.05546875 0.06640625 0.0265625
0 0.13359375 0.025 0.07890625 0.03046875
0 0.08515625 0.1625 0.06328125 0.02265625
0 0.0859375 0.125 0.07421875 0.02421875
0 0.0625 0.10859375 0.06328125 0.02265625
0 0.16875 0.09375 0.05078125 0.02578125
0 0.4328125 0.10625 0.06640625 0.02109375
0 0.8859375 0.134375 0.04609375 0.0296875
0 0.5515625 0.1890625 0.0640625 0.01953125
0 0.72265625 0.15234375 0.07421875 0.02265625
0 0.63984375 0.3078125 0.071875 0.03359375
0 0.590625 0.56171875 0.0546875 0.028125
0 0.06015625 0.4765625 0.04765625 0.021875
0 0.046875 0.55703125 0.04375 0.028125
0 0.24296875 0.5046875 0.05078125 0.01953125
0 0.38671875 0.5875 0.0546875 0.03203125
0 0.20078125 0.60390625 0.05234375 0.02421875
0 0.25625 0.625 0.0578125 0.0265625
0 0.01796875 0.6078125 0.0359375 0.03125
0 0.56171875 0.5984375 0.059375 0.02109375
0 0.5375 0.634375 0.0546875 0.02578125
0 0.48125 0.68671875 0.06015625 0.01796875
0 0.50703125 0.7546875 0.0484375 0.021875
0 0.76328125 0.71875 0.06640625 0.01953125
0 0.18828125 0.778125 0.06171875 0.02734375
0 0.31640625 0.76953125 0.05078125 0.028125
0 0.22578125 0.82578125 0.0578125 0.02265625
0 0.25234375 0.85703125 0.0734375 0.02265625
0 0.496875 0.95703125 0.0640625 0.021875
0 0.08515625 0.95859375 0.06640625 0.02734375
0 0.33671875 0.94453125 0.0390625 0.02421875
0 0.76015625 0.59375 0.04609375 0.0265625
0 0.8625 0.646875 0.0375 0.01484375
0 0.95 0.65625 0.04140625 0.01953125
0 0.8984375 0.6015625 0.0484375 0.0265625
0 0.8765625 0.5296875 0.053125 0.01484375
0 0.77421875 0.50546875 0.059375 0.0234375
0 0.9421875 0.321875 0.06015625 0.0234375
0 0.36015625 0.86796875 0.071875 0.02109375
0 0.51953125 0.1265625 0.05 0.02109375
0 0.0171875 0.24765625 0.034375 0.0375