0 0.6734375 0.015625 0.0515625 0.03125
0 0.61015625 0.034375 0.06796875 0.028125
0 0.28125 0.04140625 0.0765625 0.021875
0 0.54375 0.04921875 0.06484375 0.0234375
0 0.76640625 0.01796875 0.040625 0.02734375
0 0.8640625 0.075 0.07265625 0.01796875
0 0.76328125 0.11328125 0.06484375 0.03125
0 0.6546875 0.09453125 0.08125 0.03046875
0 0.76875 0.28359375 0.05859375 0.03046875
0 0.60234375 0.2453125 0.071875 0.02265625
0 0.3140625 0.36796875 0.0796875 0.0390625
0 0.59765625 0.47578125 0.0625 0.02890625
0 0.671875 0.4171875 0.07578125 0.02421875
0 0.24765625 0.58515625 0.06953125 0.0375
0 0.12578125 0.5703125 0.0765625 0.01171875
0 0.11953125 0.490625 0.0578125 0.025
0 0.35859375 0.525 0.040625 0.0171875
0 0.67109375 0.5625 0.08828125 0.02734375
0 0.50234375 0.6328125 0.059375 0.02734375
0 0.15546875 0.64375 0.06640625 0.025
0 0.0265625 0.6125 0.05234375 0.02265625
0 0.05234375 0.665625 0.075 0.02578125
0 0.22578125 0.68515625 0.07890625 0.02734375
0 0.8484375 0.65546875 0.071875 0.0296875
0 0.9140625 0.665625 0.06953125 0.03671875
0 0.86640625 0.715625 0.05859375 0.03125
0 0.8171875 0.796875 0.0671875 0.03984375
0 0.290625 0.76640625 0.065625 0.03203125
0 0.17421875 0.8296875 0.04453125 0.0234375
0 0.08828125 0.78671875 0.07421875 0.034375
0 0.25546875 0.81953125 0.06328125 0.025
0 0.30625 0.79140625 0.07734375 0.02421875
0 0.34453125 0.8515625 0.06640625 0.02421875
0 0.1375 0.9140625 0.0375 0.0234375
0 0.17578125 0.86015625 0.0453125 0.02421875
0 0.975 0.7984375 0.04921875 0.02890625
0 0.27265625 0.95390625 0.09765625 0.02578125
0 0.48046875 0.95078125 0.0796875 0.0359375
0 0.48046875 0.86640625 0.0625 0.02734375
0 0.26328125 0.853125 0.06015625 0.03046875
0 0.56640625 0.86796875 0.059375 0.0234375
0 0.62109375 0.85234375 0.08046875 0.02734375
0 0.68046875 0.4921875 0.071875 0.02890625
0 0.22109375 0.13984375 0.07578125 0.0359375
0 0.15390625 0.13046875 0.0625 0.028125
0 0.8671875 0.36796875 0.059375 0.0359375
0 0.221875 0.5609375 0.0625 0.02734375
0 0.9140625 0.53125 0.04765625 0.03125
0 0.68203125 0.0515625 0.05625 0.02421875
0 0.90703125 0.78984375 0.0578125 0.0359375
0 0.68671875 0.83515625 0.065625 0.02890625
0 0.59375 0.80546875 0.06484375 0.03203125
0 0.2546875 0.89453125 0.0625 0.02578125