0 0.40390625 0.015625 0.059375 0.025
0 0.7890625 0.0578125 0.071875 0.028125
0 0.63671875 0.05859375 0.0625 0.03125
0 0.58828125 0.0984375 0.05625 0.01875
0 0.678125 0.11875 0.04375 0.028125
0 0.75234375 0.13671875 0.059375 0.015625
0 0.8375 0.14453125 0.05625 0.01875
0 0.05234375 0.10546875 0.0640625 0.015625
0 0.28671875 0.1328125 0.05625 0.01875
0 0.77265625 0.20078125 0.053125 0.01875
0 0.7359375 0.1859375 0.0515625 0.03125
0 0.72421875 0.16171875 0.05625 0.01875
0 0.684375 0.23125 0.046875 0.01875
0 0.20390625 0.26171875 0.05 0.021875
0 0.30703125 0.21796875 0.0578125 0.01875
0 0.128125 0.18828125 0.0515625 0.0234375
0 0.4015625 0.17265625 0.0484375 0.021875
0 0.4671875 0.19140625 0.04375 0.021875
0 0.44375 0.18046875 0.0640625 0.01875
0 0.6390625 0.35 0.046875 0.0265625
0 0.7296875 0.34375 0.04375 0.0328125
0 0.9625 0.35078125 0.0375 0.0375
0 0.94609375 0.45546875 0.05625 0.01875
0 0.98046875 0.50078125 0.0390625 0.0234375
0 0.97265625 0.5875 0.0546875 0.0203125
0 0.41953125 0.56875 0.0625 0.021875
0 0.56171875 0.690625 0.040625 0.034375
0 0.12578125 0.33203125 0.0359375 0.0265625
0 0.08046875 0.28828125 0.0390625 0.021875
0 0.15078125 0.14765625 0.0796875 0.01875
0 0.90625 0.04375 0.05 0.015625
0 0.4953125 0.778125 0.05625 0.021875
0 0.24765625 0.71328125 0.028125 0.0265625
0 0.13515625 0.73046875 0.046875 0.015625
0 0.0625 0.76015625 0.034375 0.025
0 0.93828125 0.74765625 0.028125 0.0296875
0 0.9703125 0.84765625 0.034375 0.028125
0 0.86640625 0.82265625 0.04375 0.01875
0 0.84140625 0.81640625 0.075 0.015625
0 0.53828125 0.82890625 0.0640625 0.01875
0 0.43828125 0.84375 0.065625 0.0140625
0 0.3640625 0.85 0.059375 0.01875
0 0.8515625 0.92421875 0.03125 0.025
0 0.85546875 0.89765625 0.0375 0.0234375
0 0.26015625 0.98046875 0.065625 0.021875
0 0.27890625 0.87734375 0.040625 0.021875