0 0.071875 0.046875 0.0203125 0.034375
0 0.0390625 0.32109375 0.0265625 0.0578125
0 0.0640625 0.6984375 0.03125 0.053125
0 0.08828125 0.9234375 0.021875 0.046875
0 0.134375 0.96953125 0.034375 0.04375
0 0.13828125 0.89375 0.0125 0.0515625
0 0.16328125 0.6640625 0.034375 0.06875
0 0.23046875 0.49765625 0.028125 0.06875
0 0.30390625 0.4578125 0.034375 0.0734375
0 0.1875 0.290625 0.0265625 0.053125
0 0.40625 0.875 0.034375 0.046875
0 0.5203125 0.9109375 0.0328125 0.0484375
0 0.50546875 0.13125 0.028125 0.053125
0 0.5703125 0.20625 0.0328125 0.0546875
0 0.65703125 0.584375 0.0328125 0.10625
0 0.73515625 0.70234375 0.028125 0.0515625
0 0.79140625 0.42265625 0.021875 0.0328125
0 0.7734375 0.7125 0.0125 0.06875
0 0.76015625 0.89921875 0.0125 0.0328125
0 0.75 0.8640625 0.01875 0.05
0 0.44375 0.42421875 0.0421875 0.0578125
0 0.54609375 0.64765625 0.0203125 0.065625
0 0.5 0.73984375 0.01875 0.028125
0 0.30625 0.525 0.03125 0.0359375