0 0.64140625 0.08203125 0.09375 0.025
0 0.52265625 0.090625 0.08125 0.028125
0 0.66953125 0.15 0.0703125 0.028125
0 0.9046875 0.19453125 0.05 0.025
0 0.86171875 0.16015625 0.0703125 0.01875
0 0.54609375 0.1640625 0.075 0.015625
0 0.47265625 0.16640625 0.0578125 0.021875
0 0.36015625 0.11796875 0.0625 0.025
0 0.14140625 0.17578125 0.053125 0.025
0 0.30234375 0.16953125 0.08125 0.0296875
0 0.240625 0.06875 0.05 0.025
0 0.6703125 0.2875 0.04375 0.034375
0 0.46171875 0.271875 0.06875 0.0234375
0 0.4546875 0.26015625 0.0625 0.021875
0 0.090625 0.13203125 0.0546875 0.01875
0 0.15234375 0.24140625 0.06875 0.025
0 0.09375 0.353125 0.0578125 0.01875
0 0.06796875 0.33515625 0.0703125 0.0234375
0 0.61171875 0.47265625 0.075 0.0140625
0 0.1359375 0.4328125 0.0359375 0.028125
0 0.24453125 0.51015625 0.0625 0.0296875
0 0.7625 0.625 0.0625 0.0265625
0 0.97734375 0.54453125 0.0453125 0.01875
0 0.97109375 0.5359375 0.0578125 0.021875
0 0.3640625 0.58125 0.065625 0.015625
0 0.59140625 0.6390625 0.06875 0.01875
0 0.53046875 0.67265625 0.0546875 0.025
0 0.7046875 0.703125 0.0484375 0.0359375
0 0.7671875 0.6890625 0.065625 0.025
0 0.71328125 0.746875 0.0546875 0.034375
0 0.72109375 0.74140625 0.0640625 0.01875
0 0.42265625 0.7078125 0.06875 0.034375
0 0.23984375 0.69375 0.053125 0.028125
0 0.1953125 0.703125 0.0625 0.025
0 0.81875 0.84765625 0.0640625 0.03125
0 0.95234375 0.809375 0.0578125 0.015625
0 0.57109375 0.84296875 0.0578125 0.025
0 0.3953125 0.8640625 0.078125 0.0265625
0 0.73125 0.85390625 0.06875 0.025
0 0.3 0.828125 0.06875 0.01875
0 0.290625 0.809375 0.06875 0.021875
0 0.0515625 0.20625 0.059375 0.021875