0 0.04609375 0.7296875 0.01875 0.0359375
0 0.02578125 0.79921875 0.01875 0.053125
0 0.07421875 0.86171875 0.021875 0.0578125
0 0.06171875 0.86953125 0.021875 0.05
0 0.10546875 0.54296875 0.025 0.0421875
0 0.184375 0.6453125 0.0125 0.040625
0 0.20859375 0.690625 0.0125 0.0390625
0 0.159375 0.85546875 0.021875 0.021875
0 0.22421875 0.496875 0.028125 0.053125
0 0.31875 0.5140625 0.021875 0.04375
0 0.29453125 0.51484375 0.015625 0.0421875
0 0.13125 0.43828125 0.01875 0.0390625
0 0.0640625 0.3484375 0.021875 0.0734375
0 0.1609375 0.06171875 0.028125 0.05
0 0.134375 0.13359375 0.03125 0.05625
0 0.1296875 0.140625 0.00625 0.0171875
0 0.13046875 0.03828125 0.0203125 0.053125
0 0.1125 0.4046875 0.028125 0.028125
0 0.4125 0.13515625 0.021875 0.0421875
0 0.49453125 0.2546875 0.0375 0.059375
0 0.52890625 0.09765625 0.028125 0.046875
0 0.55234375 0.39296875 0.028125 0.109375
0 0.56328125 0.82421875 0.0296875 0.0875
0 0.73515625 0.3015625 0.0453125 0.053125
0 0.7859375 0.2984375 0.01875 0.053125
0 0.74296875 0.14375 0.01875 0.034375
0 0.74453125 0.04609375 0.021875 0.071875
0 0.79453125 0.11015625 0.04375 0.065625
0 0.82109375 0.475 0.01875 0.021875
0 0.8078125 0.55390625 0.0453125 0.040625
0 0.68984375 0.77734375 0.01875 0.071875
0 0.87578125 0.1875 0.03125 0.0359375
0 0.834375 0.30546875 0.0375 0.0390625
0 0.57734375 0.67109375 0.03125 0.053125