0 0.9828125 0.7671875 0.01875 0.0515625
0 0.946875 0.70546875 0.021875 0.05625
0 0.9125 0.925 0.0203125 0.0671875
0 0.8984375 0.53125 0.01875 0.06875
0 0.96171875 0.42578125 0.01875 0.0828125
0 0.90546875 0.15078125 0.01875 0.0578125
0 0.89375 0.21875 0.021875 0.0515625
0 0.8515625 0.90390625 0.028125 0.034375
0 0.8578125 0.87890625 0.021875 0.05
0 0.859375 0.74765625 0.021875 0.053125
0 0.853125 0.53046875 0.025 0.046875
0 0.825 0.128125 0.01875 0.034375
0 0.8375 0.29765625 0.01875 0.0375
0 0.9015625 0.771875 0.021875 0.046875
0 0.809375 0.55078125 0.0234375 0.059375
0 0.81484375 0.525 0.01875 0.0453125
0 0.7078125 0.84609375 0.015625 0.05
0 0.7046875 0.46171875 0.025 0.0625
0 0.73125 0.4515625 0.034375 0.0359375
0 0.68671875 0.18515625 0.025 0.046875
0 0.65390625 0.13671875 0.021875 0.046875
0 0.66484375 0.10546875 0.01875 0.046875
0 0.5828125 0.175 0.015625 0.034375
0 0.6015625 0.17734375 0.015625 0.053125
0 0.49296875 0.71328125 0.01875 0.040625
0 0.503125 0.7515625 0.0265625 0.05625
0 0.5171875 0.66484375 0.025 0.040625
0 0.48359375 0.55234375 0.01875 0.0484375
0 0.5375 0.24140625 0.021875 0.04375
0 0.521875 0.11015625 0.025 0.0390625
0 0.43515625 0.23671875 0.0203125 0.05
0 0.4359375 0.66328125 0.015625 0.04375
0 0.44921875 0.76484375 0.0265625 0.034375
0 0.36171875 0.66015625 0.0203125 0.059375
0 0.3890625 0.71875 0.0171875 0.05
0 0.33046875 0.8546875 0.021875 0.0484375
0 0.2875 0.2609375 0.03125 0.04375
0 0.35703125 0.17265625 0.025 0.046875
0 0.2453125 0.553125 0.0265625 0.059375
0 0.2359375 0.3671875 0.0203125 0.053125
0 0.190625 0.190625 0.01875 0.0359375
0 0.1703125 0.29609375 0.021875 0.046875
0 0.18984375 0.38828125 0.021875 0.05
0 0.08984375 0.46484375 0.025 0.05
0 0.17421875 0.8828125 0.01875 0.071875
0 0.1875 0.89296875 0.01875 0.046875
0 0.14296875 0.8640625 0.025 0.0453125
0 0.15390625 0.87578125 0.01875 0.0375
0 0.1078125 0.78671875 0.021875 0.05625
0 0.13125 0.34140625 0.01875 0.0375
0 0.1296875 0.3953125 0.0328125 0.053125
0 0.05234375 0.0703125 0.03125 0.06875
0 0.6359375 0.95 0.025 0.0546875
0 0.08359375 0.86171875 0.0171875 0.059375