0 0.68359375 0.03671875 0.0765625 0.03046875
0 0.31484375 0.16015625 0.08671875 0.01953125
0 0.06796875 0.22890625 0.06953125 0.02890625
0 0.065625 0.2125 0.05 0.02578125
0 0.15078125 0.13515625 0.06796875 0.0234375
0 0.52734375 0.2 0.05703125 0.02265625
0 0.61484375 0.14609375 0.07421875 0.01953125
0 0.77265625 0.13359375 0.0671875 0.0265625
0 0.884375 0.1140625 0.0625 0.01953125
0 0.68359375 0.1859375 0.075 0.01953125
0 0.8984375 0.22578125 0.059375 0.025
0 0.8796875 0.2046875 0.07578125 0.021875
0 0.97890625 0.284375 0.0421875 0.034375
0 0.6921875 0.35546875 0.07265625 0.02265625
0 0.834375 0.403125 0.0421875 0.021875
0 0.975 0.32109375 0.05 0.0203125
0 0.93046875 0.4765625 0.040625 0.03046875
0 0.90078125 0.5109375 0.05 0.02109375
0 0.64609375 0.503125 0.0453125 0.02421875
0 0.6859375 0.5703125 0.046875 0.0125
0 0.38828125 0.475 0.05078125 0.02734375
0 0.3203125 0.49609375 0.075 0.01796875
0 0.259375 0.503125 0.05 0.015625
0 0.05234375 0.50390625 0.05703125 0.01796875
0 0.24765625 0.5765625 0.05234375 0.0234375
0 0.2640625 0.5703125 0.0625 0.01875
0 0.41796875 0.5765625 0.03671875 0.03125
0 0.46328125 0.6015625 0.08046875 0.01875
0 0.29140625 0.740625 0.07578125 0.0234375
0 0.3234375 0.75859375 0.059375 0.0171875
0 0.56484375 0.76953125 0.046875 0.01640625
0 0.56328125 0.80234375 0.06171875 0.01953125
0 0.15 0.78515625 0.06796875 0.01796875
0 0.275 0.778125 0.06796875 0.015625
0 0.03125 0.79609375 0.04921875 0.02265625
0 0.1015625 0.8078125 0.06484375 0.0234375
0 0.2546875 0.83359375 0.06484375 0.0203125
0 0.075 0.87265625 0.03828125 0.0265625
0 0.4234375 0.8015625 0.0671875 0.01953125
0 0.553125 0.846875 0.059375 0.015625
0 0.5671875 0.83203125 0.0625 0.0203125
0 0.66875 0.82578125 0.0546875 0.01953125
0 0.7765625 0.934375 0.06015625 0.02265625
0 0.95625 0.97578125 0.046875 0.01640625
0 0.3 0.43359375 0.04765625 0.025
0 0.540625 0.8984375 0.06796875 0.02265625
0 0.47734375 0.72734375 0.05 0.02265625
0 0.39140625 0.7484375 0.04921875 0.028125