0 0.05859375 0.06875 0.096875 0.03046875
0 0.0453125 0.05 0.07421875 0.03125
0 0.5328125 0.11796875 0.07890625 0.0203125
0 0.6515625 0.0578125 0.0453125 0.02578125
0 0.66015625 0.02578125 0.0921875 0.02109375
0 0.9125 0.0328125 0.0921875 0.01875
0 0.8828125 0.203125 0.08046875 0.025
0 0.90859375 0.1890625 0.06796875 0.0203125
0 0.10078125 0.1875 0.0828125 0.02265625
0 0.10859375 0.1640625 0.0875 0.0203125
0 0.08515625 0.1453125 0.0890625 0.02265625
0 0.07109375 0.12890625 0.07109375 0.02734375
0 0.1109375 0.09375 0.07890625 0.025
0 0.9609375 0.1515625 0.06875 0.02421875
0 0.4921875 0.25390625 0.0734375 0.01953125
0 0.68359375 0.26875 0.0515625 0.0375
0 0.86484375 0.31171875 0.07734375 0.02890625
0 0.6203125 0.1421875 0.06796875 0.01953125
0 0.6796875 0.1734375 0.06796875 0.01640625
0 0.88984375 0.29609375 0.03984375 0.0296875
0 0.06171875 0.37578125 0.05625 0.03359375
0 0.05859375 0.46875 0.05625 0.01796875
0 0.4296875 0.4546875 0.040625 0.02734375
0 0.8359375 0.54921875 0.05625 0.02578125
0 0.74375 0.565625 0.0765625 0.0296875
0 0.4546875 0.60234375 0.06875 0.02265625
0 0.35234375 0.60078125 0.06640625 0.03046875
0 0.5703125 0.615625 0.08046875 0.0296875
0 0.60546875 0.6234375 0.05625 0.01640625
0 0.05546875 0.6171875 0.07265625 0.0234375
0 0.63984375 0.734375 0.0640625 0.034375
0 0.74453125 0.7078125 0.075 0.02734375
0 0.31796875 0.88046875 0.06171875 0.021875
0 0.503125 0.890625 0.05078125 0.0328125
0 0.503125 0.88671875 0.0625 0.0171875
0 0.59453125 0.8984375 0.06171875 0.0234375
0 0.296875 0.93828125 0.06796875 0.02421875
0 0.49765625 0.9609375 0.06484375 0.03984375
0 0.05625 0.79765625 0.06875 0.01796875
0 0.2015625 0.8203125 0.0359375 0.03203125
0 0.2375 0.79140625 0.05078125 0.02421875
0 0.7734375 0.7578125 0.05234375 0.0328125
0 0.92734375 0.47421875 0.0421875 0.02421875