0 0.9359375 0.83046875 0.034375 0.0390625
0 0.94921875 0.859375 0.03125 0.05
0 0.859375 0.7625 0.025 0.0359375
0 0.8546875 0.81875 0.0296875 0.028125
0 0.7828125 0.7546875 0.0234375 0.0515625
0 0.76640625 0.534375 0.0390625 0.046875
0 0.6609375 0.7375 0.05 0.06875
0 0.6453125 0.40078125 0.04375 0.059375
0 0.8703125 0.06875 0.0203125 0.0375
0 0.5765625 0.065625 0.028125 0.065625
0 0.48046875 0.1390625 0.040625 0.071875
0 0.49921875 0.25859375 0.025 0.0375
0 0.42578125 0.046875 0.0421875 0.071875
0 0.24453125 0.16484375 0.0234375 0.0484375
0 0.171875 0.1390625 0.03125 0.0828125
0 0.19296875 0.39765625 0.028125 0.0609375
0 0.17734375 0.2546875 0.021875 0.0296875
0 0.20546875 0.28515625 0.021875 0.0625
0 0.22421875 0.328125 0.034375 0.05625
0 0.12734375 0.384375 0.025 0.034375
0 0.0984375 0.45859375 0.0265625 0.05625
0 0.07578125 0.5234375 0.025 0.04375
0 0.17578125 0.8046875 0.021875 0.0296875
0 0.2921875 0.93359375 0.0328125 0.071875
0 0.41015625 0.73515625 0.034375 0.040625
0 0.49921875 0.7609375 0.025 0.03125
0 0.70859375 0.91015625 0.021875 0.071875
0 0.89453125 0.53984375 0.021875 0.046875
0 0.23125 0.4578125 0.015625 0.0546875
0 0.40078125 0.571875 0.0140625 0.025
0 0.3140625 0.1828125 0.0375 0.08125