2 0.91953125 0.8859375 0.0375 0.0640625
2 0.8671875 0.79140625 0.05 0.09375
2 0.84296875 0.66484375 0.03125 0.06875
2 0.7796875 0.65078125 0.040625 0.05625
2 0.77578125 0.7375 0.046875 0.071875
2 0.8125 0.453125 0.0390625 0.0609375
2 0.84921875 0.56875 0.028125 0.05
2 0.91796875 0.36328125 0.034375 0.071875
2 0.909375 0.5671875 0.034375 0.090625
2 0.953125 0.10625 0.0265625 0.0453125
2 0.93359375 0.028125 0.025 0.046875
2 0.83984375 0.1625 0.0375 0.0515625
2 0.884375 0.13359375 0.046875 0.05625
2 0.74453125 0.0875 0.040625 0.046875
2 0.6953125 0.14296875 0.028125 0.0328125
2 0.6703125 0.1796875 0.03125 0.0546875
2 0.55859375 0.19921875 0.0453125 0.05625
2 0.45390625 0.1515625 0.040625 0.05
2 0.61875 0.5125 0.028125 0.071875
2 0.5703125 0.38359375 0.0296875 0.053125
2 0.5296875 0.4984375 0.053125 0.09375
2 0.68828125 0.64296875 0.046875 0.0671875
2 0.57265625 0.0359375 0.059375 0.071875
2 0.284375 0.14140625 0.05 0.0578125
2 0.209375 0.22578125 0.021875 0.0609375
2 0.07421875 0.09453125 0.046875 0.059375
2 0.18125 0.5828125 0.021875 0.06875
2 0.15234375 0.821875 0.04375 0.06875
2 0.33125 0.56328125 0.0328125 0.05
2 0.36484375 0.5484375 0.04375 0.09375
2 0.34609375 0.8296875 0.0375 0.103125
2 0.25859375 0.81796875 0.0375 0.071875
2 0.2328125 0.86953125 0.028125 0.0671875