0 0.95390625 0.2703125 0.01875 0.0359375
0 0.97421875 0.20078125 0.01875 0.053125
0 0.92578125 0.13828125 0.021875 0.0578125
0 0.93828125 0.13046875 0.021875 0.05
0 0.89453125 0.45703125 0.025 0.0421875
0 0.815625 0.3546875 0.0125 0.040625
0 0.79140625 0.309375 0.0125 0.0390625
0 0.840625 0.14453125 0.021875 0.021875
0 0.77578125 0.503125 0.028125 0.053125
0 0.68125 0.4859375 0.021875 0.04375
0 0.70546875 0.48515625 0.015625 0.0421875
0 0.86875 0.56171875 0.01875 0.0390625
0 0.9359375 0.6515625 0.021875 0.0734375
0 0.8390625 0.93828125 0.028125 0.05
0 0.865625 0.86640625 0.03125 0.05625
0 0.8703125 0.859375 0.00625 0.0171875
0 0.86953125 0.96171875 0.0203125 0.053125
0 0.8875 0.5953125 0.028125 0.028125
0 0.5875 0.86484375 0.021875 0.0421875
0 0.50546875 0.7453125 0.0375 0.059375
0 0.47109375 0.90234375 0.028125 0.046875
0 0.44765625 0.60703125 0.028125 0.109375
0 0.43671875 0.17578125 0.0296875 0.0875
0 0.26484375 0.6984375 0.0453125 0.053125
0 0.2140625 0.7015625 0.01875 0.053125
0 0.25703125 0.85625 0.01875 0.034375
0 0.25546875 0.95390625 0.021875 0.071875
0 0.20546875 0.88984375 0.04375 0.065625
0 0.17890625 0.525 0.01875 0.021875
0 0.1921875 0.44609375 0.0453125 0.040625
0 0.31015625 0.22265625 0.01875 0.071875
0 0.12421875 0.8125 0.03125 0.0359375
0 0.165625 0.69453125 0.0375 0.0390625
0 0.42265625 0.32890625 0.03125 0.053125