2 0.61171875 0.815625 0.07890625 0.02265625
2 0.7546875 0.86171875 0.071875 0.025
2 0.31875 0.8359375 0.06484375 0.028125
2 0.19453125 0.83828125 0.0765625 0.01875
2 0.36796875 0.7578125 0.06640625 0.02890625
2 0.4484375 0.66875 0.06015625 0.03046875
2 0.30625 0.76171875 0.0546875 0.04140625
2 0.1328125 0.6171875 0.05859375 0.04375
2 0.09140625 0.76328125 0.04140625 0.0328125
2 0.82265625 0.821875 0.05859375 0.02421875
2 0.0671875 0.40859375 0.040625 0.04296875
2 0.10625 0.346875 0.06015625 0.0375
2 0.19921875 0.4296875 0.0359375 0.03984375
2 0.25703125 0.49296875 0.0515625 0.0375
2 0.39140625 0.43515625 0.05625 0.03828125
2 0.25 0.41640625 0.0515625 0.03515625
2 0.21875 0.1234375 0.075 0.03125
2 0.14765625 0.02265625 0.1109375 0.03046875
2 0.575 0.103125 0.07734375 0.02109375
2 0.8390625 0.09375 0.08046875 0.01953125
2 0.85546875 0.07421875 0.10078125 0.0265625
2 0.584375 0.15 0.053125 0.03203125
2 0.759375 0.14921875 0.0703125 0.0234375
2 0.7015625 0.20078125 0.0546875 0.028125
2 0.05 0.2421875 0.04609375 0.0375
2 0.17578125 0.2484375 0.053125 0.03671875
2 0.17109375 0.0984375 0.0515625 0.02890625
2 0.71171875 0.428125 0.06328125 0.03359375
2 0.390625 0.59140625 0.04453125 0.02734375
2 0.02734375 0.68203125 0.040625 0.034375