2 0.69609375 0.81328125 0.0484375 0.0171875
2 0.5140625 0.853125 0.03671875 0.01796875
2 0.33046875 0.7359375 0.04296875 0.0203125
2 0.39453125 0.85546875 0.0359375 0.0203125
2 0.425 0.83984375 0.04453125 0.0140625
2 0.31015625 0.83671875 0.04453125 0.0140625
2 0.10078125 0.71875 0.046875 0.01796875
2 0.121875 0.6671875 0.0375 0.009375
2 0.20546875 0.60625 0.02421875 0.01875
2 0.21796875 0.64375 0.040625 0.01796875
2 0.46875 0.15 0.03671875 0.02734375
2 0.10859375 0.55546875 0.0125 0.02109375
2 0.2484375 0.42890625 0.03671875 0.01640625
2 0.17421875 0.490625 0.0359375 0.021875
2 0.11640625 0.44296875 0.0265625 0.01171875
2 0.25625 0.5515625 0.0359375 0.02109375
2 0.60078125 0.59453125 0.05546875 0.021875
2 0.19921875 0.1453125 0.04296875 0.0203125
2 0.14296875 0.27109375 0.03671875 0.01796875
2 0.0484375 0.32578125 0.03671875 0.015625
2 0.06484375 0.36875 0.02734375 0.01328125
2 0.16171875 0.228125 0.059375 0.02109375
2 0.10703125 0.228125 0.04609375 0.034375
2 0.15859375 0.19453125 0.02734375 0.02109375
2 0.2609375 0.13984375 0.028125 0.01796875
2 0.2890625 0.1859375 0.03359375 0.02109375
2 0.80703125 0.18125 0.04375 0.01171875
2 0.3390625 0.19140625 0.034375 0.01640625
2 0.31796875 0.17578125 0.0265625 0.0109375
2 0.4265625 0.1625 0.034375 0.0140625
2 0.7984375 0.1546875 0.0234375 0.021875
2 0.98046875 0.1515625 0.0390625 0.0203125
2 0.646875 0.11796875 0.04609375 0.01171875
2 0.7265625 0.09140625 0.0515625 0.01640625
2 0.9328125 0.190625 0.02578125 0.0140625
2 0.84296875 0.15390625 0.03515625 0.0203125
2 0.46875 0.09453125 0.06640625 0.02421875
2 0.1796875 0.09375 0.08828125 0.025
2 0.85234375 0.0890625 0.0484375 0.0109375
2 0.7796875 0.12109375 0.0375 0.01953125
2 0.74453125 0.10234375 0.05 0.0171875
2 0.2421875 0.115625 0.04609375 0.01328125
2 0.6953125 0.31875 0.04921875 0.034375
2 0.1734375 0.59453125 0.02421875 0.01484375
2 0.25 0.52421875 0.0328125 0.01953125
2 0.21953125 0.56875 0.03125 0.01953125
2 0.44921875 0.7171875 0.0390625 0.015625
2 0.38046875 0.72109375 0.04609375 0.0140625
2 0.578125 0.7234375 0.0421875 0.01875
2 0.6265625 0.73359375 0.02890625 0.02265625
2 0.81953125 0.753125 0.02578125 0.02265625
2 0.746875 0.7234375 0.04296875 0.01640625
2 0.896875 0.66328125 0.04453125 0.0234375
2 0.5296875 0.784375 0.0375 0.0140625
2 0.69375 0.77734375 0.0390625 0.01640625
2 0.54765625 0.7421875 0.02734375 0.0171875
2 0.81484375 0.71875 0.04921875 0.02421875