0 0.11875 0.85390625 0.034375 0.071875
0 0.2046875 0.64921875 0.021875 0.053125
0 0.353125 0.715625 0.0265625 0.084375
0 0.31875 0.709375 0.04375 0.065625
0 0.40703125 0.4296875 0.028125 0.084375
0 0.50078125 0.278125 0.01875 0.078125
0 0.478125 0.29140625 0.025 0.05625
0 0.5046875 0.05859375 0.040625 0.0765625
0 0.2484375 0.12734375 0.025 0.08125
0 0.11015625 0.33671875 0.0421875 0.075
0 0.15078125 0.1328125 0.0125 0.059375
0 0.18984375 0.4875 0.04375 0.0515625
0 0.2703125 0.9296875 0.0375 0.075
0 0.2140625 0.92421875 0.04375 0.071875
0 0.52421875 0.77578125 0.025 0.0765625
0 0.5765625 0.6859375 0.0203125 0.090625
0 0.59375 0.5703125 0.021875 0.03125
0 0.75390625 0.47265625 0.0234375 0.0546875
0 0.7671875 0.3953125 0.01875 0.040625
0 0.7921875 0.2421875 0.021875 0.05
0 0.875 0.3578125 0.028125 0.040625
0 0.91640625 0.26875 0.025 0.046875
0 0.9703125 0.76015625 0.0265625 0.05
0 0.8921875 0.8390625 0.021875 0.078125
0 0.74609375 0.8546875 0.03125 0.0484375
0 0.13828125 0.62734375 0.0375 0.05