0 0.5890625 0.04921875 0.053125 0.021875
0 0.5578125 0.02265625 0.0625 0.021875
0 0.196875 0.01328125 0.046875 0.01875
0 0.1171875 0.05546875 0.05625 0.015625
0 0.25546875 0.11796875 0.059375 0.01875
0 0.58359375 0.16484375 0.05 0.015625
0 0.7953125 0.1890625 0.0578125 0.0171875
0 0.88046875 0.1640625 0.0640625 0.021875
0 0.88515625 0.13828125 0.046875 0.01875
0 0.69609375 0.23125 0.04375 0.021875
0 0.8640625 0.27421875 0.04375 0.021875
0 0.67578125 0.33046875 0.0546875 0.028125
0 0.11796875 0.2109375 0.05625 0.01875
0 0.165625 0.1859375 0.034375 0.021875
0 0.05 0.1671875 0.046875 0.0203125
0 0.23125 0.39140625 0.0328125 0.015625
0 0.3640625 0.4875 0.0640625 0.021875
0 0.375 0.465625 0.0484375 0.021875
0 0.728125 0.5375 0.0609375 0.021875
0 0.49609375 0.56640625 0.046875 0.0203125
0 0.19453125 0.4953125 0.0296875 0.0265625
0 0.43984375 0.65 0.0296875 0.0359375
0 0.48203125 0.66875 0.0578125 0.021875
0 0.7484375 0.7296875 0.06875 0.01875
0 0.68359375 0.7578125 0.059375 0.015625
0 0.771875 0.87890625 0.0328125 0.028125
0 0.74375 0.86640625 0.065625 0.0125
0 0.8234375 0.834375 0.0796875 0.021875
0 0.58984375 0.80625 0.04375 0.015625
0 0.91796875 0.77890625 0.0484375 0.0171875
0 0.6421875 0.8859375 0.0640625 0.028125
0 0.3984375 0.84453125 0.046875 0.025
0 0.3578125 0.85625 0.0625 0.01875
0 0.678125 0.9640625 0.071875 0.0296875
0 0.5890625 0.9765625 0.0765625 0.01875
0 0.20625 0.31640625 0.05625 0.021875
0 0.66640625 0.10390625 0.078125 0.0171875
0 0.21875 0.096875 0.053125 0.01875
0 0.04140625 0.090625 0.05 0.01875
0 0.88828125 0.821875 0.053125 0.0171875