0 0.03515625 0.9625 0.025 0.075
0 0.1328125 0.65 0.025 0.0625
0 0.12578125 0.8578125 0.021875 0.075
0 0.19765625 0.86953125 0.025 0.059375
0 0.1734375 0.7375 0.0171875 0.084375
0 0.24453125 0.8078125 0.0296875 0.0671875
0 0.225 0.95390625 0.034375 0.04375
0 0.16796875 0.36328125 0.0234375 0.06875
0 0.15703125 0.2328125 0.015625 0.059375
0 0.134375 0.25859375 0.025 0.071875
0 0.16640625 0.14296875 0.025 0.084375
0 0.215625 0.1046875 0.025 0.06875
0 0.3015625 0.203125 0.028125 0.040625
0 0.29296875 0.16328125 0.0234375 0.0546875
0 0.2890625 0.03046875 0.025 0.0609375
0 0.409375 0.5546875 0.021875 0.0578125
0 0.5 0.52734375 0.0296875 0.04375
0 0.49375 0.74609375 0.0234375 0.065625
0 0.50703125 0.9515625 0.025 0.053125
0 0.496875 0.93828125 0.021875 0.071875
0 0.5890625 0.59375 0.025 0.059375
0 0.51484375 0.3296875 0.034375 0.053125
0 0.521875 0.228125 0.0265625 0.065625
0 0.57734375 0.27578125 0.021875 0.0546875
0 0.578125 0.16640625 0.01875 0.0625
0 0.61328125 0.65390625 0.021875 0.05
0 0.67734375 0.86875 0.021875 0.0609375
0 0.59296875 0.8890625 0.025 0.0453125
0 0.76171875 0.38046875 0.0234375 0.0578125
0 0.79296875 0.55625 0.028125 0.059375
0 0.74609375 0.88125 0.0265625 0.065625
0 0.85859375 0.66640625 0.025 0.0703125
0 0.81953125 0.953125 0.0171875 0.05625
0 0.8296875 0.8953125 0.021875 0.0640625
0 0.9203125 0.8296875 0.028125 0.075
0 0.8984375 0.59296875 0.028125 0.06875
0 0.853125 0.421875 0.0375 0.0375
0 0.93203125 0.4984375 0.025 0.084375
0 0.9328125 0.59921875 0.021875 0.0765625
0 0.95703125 0.96875 0.03125 0.0625
0 0.96328125 0.02890625 0.03125 0.0578125
0 0.825 0.56015625 0.028125 0.06875
0 0.64609375 0.05625 0.0265625 0.04375
0 0.61328125 0.06328125 0.021875 0.05