0 0.93515625 0.68125 0.025 0.046875
0 0.91640625 0.553125 0.0265625 0.059375
0 0.984375 0.9578125 0.021875 0.065625
0 0.9734375 0.15546875 0.0265625 0.0828125
0 0.78046875 0.21484375 0.0375 0.0796875
0 0.72578125 0.1796875 0.03125 0.0578125
0 0.92265625 0.44375 0.03125 0.065625
0 0.834375 0.175 0.0234375 0.0578125
0 0.8203125 0.353125 0.028125 0.04375
0 0.85390625 0.95234375 0.025 0.0703125
0 0.60703125 0.2578125 0.0265625 0.046875
0 0.565625 0.3625 0.0234375 0.0484375
0 0.91328125 0.81015625 0.0234375 0.0453125
0 0.8796875 0.79140625 0.021875 0.0421875
0 0.70234375 0.53828125 0.034375 0.05625
0 0.75703125 0.975 0.01875 0.05
0 0.3046875 0.98203125 0.028125 0.0359375
0 0.60703125 0.6859375 0.021875 0.071875
0 0.309375 0.5984375 0.0359375 0.071875
0 0.42109375 0.81796875 0.040625 0.034375
0 0.3640625 0.34765625 0.01875 0.05
0 0.42109375 0.11640625 0.0203125 0.053125
0 0.41640625 0.4015625 0.0265625 0.040625
0 0.18984375 0.84609375 0.0234375 0.0546875
0 0.23046875 0.5859375 0.021875 0.046875
0 0.2515625 0.509375 0.0125 0.046875
0 0.10234375 0.784375 0.028125 0.0609375
0 0.2625 0.17421875 0.021875 0.071875
0 0.1703125 0.61484375 0.01875 0.05625
0 0.37578125 0.89765625 0.0296875 0.0765625
0 0.23359375 0.82265625 0.040625 0.0484375
0 0.83515625 0.6890625 0.025 0.0734375
0 0.5328125 0.10234375 0.021875 0.059375
0 0.60078125 0.3765625 0.03125 0.071875
0 0.325 0.19921875 0.021875 0.078125
0 0.8640625 0.5171875 0.021875 0.06875
0 0.81953125 0.1015625 0.021875 0.0546875
0 0.871875 0.959375 0.021875 0.08125