0 0.0296875 0.13203125 0.021875 0.0890625
0 0.07265625 0.3703125 0.021875 0.075
0 0.128125 0.42109375 0.028125 0.06875
0 0.11328125 0.45234375 0.021875 0.06875
0 0.103125 0.2875 0.0328125 0.084375
0 0.1515625 0.0328125 0.040625 0.065625
0 0.1359375 0.08984375 0.0328125 0.05
0 0.19140625 0.83984375 0.0234375 0.078125
0 0.1078125 0.55 0.028125 0.090625
0 0.0796875 0.90234375 0.021875 0.0765625
0 0.01953125 0.7390625 0.015625 0.0703125
0 0.175 0.70078125 0.021875 0.096875
0 0.14140625 0.79453125 0.025 0.0640625
0 0.1359375 0.94921875 0.021875 0.06875
0 0.21640625 0.41328125 0.0296875 0.0703125
0 0.225 0.74296875 0.025 0.059375
0 0.2703125 0.909375 0.0234375 0.05
0 0.26640625 0.90625 0.0234375 0.078125
0 0.29375 0.709375 0.040625 0.04375
0 0.396875 0.92890625 0.03125 0.046875
0 0.315625 0.92734375 0.015625 0.0546875
0 0.36015625 0.01328125 0.0265625 0.0265625
0 0.41015625 0.26796875 0.01875 0.0578125
0 0.403125 0.0375 0.0421875 0.046875
0 0.39375 0.07734375 0.0265625 0.0390625
0 0.44609375 0.03359375 0.01875 0.04375
0 0.465625 0.05859375 0.021875 0.05
0 0.54140625 0.7171875 0.01875 0.04375
0 0.49453125 0.71796875 0.025 0.0640625
0 0.5796875 0.63984375 0.01875 0.046875
0 0.5890625 0.7125 0.0203125 0.0640625
0 0.72578125 0.6625 0.0234375 0.0375
0 0.6453125 0.5578125 0.015625 0.0546875
0 0.6421875 0.52578125 0.034375 0.06875
0 0.62890625 0.62578125 0.015625 0.0625
0 0.646875 0.04375 0.015625 0.06875
0 0.63203125 0.06328125 0.01875 0.05625
0 0.66484375 0.6984375 0.025 0.053125
0 0.68671875 0.846875 0.015625 0.0640625
0 0.6609375 0.8484375 0.01875 0.04375
0 0.59140625 0.85234375 0.025 0.053125
0 0.79375 0.18203125 0.0265625 0.03125
0 0.77890625 0.23046875 0.021875 0.053125
0 0.8296875 0.06484375 0.021875 0.04375
0 0.78203125 0.62890625 0.01875 0.075
0 0.7875 0.340625 0.01875 0.0609375
0 0.7234375 0.01328125 0.0140625 0.0265625
0 0.93984375 0.12578125 0.01875 0.075
0 0.90625 0.43046875 0.015625 0.0484375
0 0.8921875 0.378125 0.025 0.04375
0 0.93203125 0.57421875 0.025 0.04375
0 0.96484375 0.9 0.0234375 0.071875
0 0.86953125 0.63984375 0.028125 0.040625