0 0.21171875 0.08203125 0.06484375 0.0203125
0 0.75 0.08671875 0.04921875 0.01796875
0 0.8234375 0.05 0.0703125 0.02578125
0 0.62265625 0.009375 0.08125 0.01875
0 0.33671875 0.13203125 0.0703125 0.01953125
0 0.346875 0.16875 0.0421875 0.01875
0 0.4734375 0.265625 0.0546875 0.01640625
0 0.63359375 0.246875 0.06015625 0.02421875
0 0.52421875 0.29140625 0.07578125 0.028125
0 0.8453125 0.2546875 0.053125 0.02578125
0 0.71328125 0.23984375 0.03828125 0.02265625
0 0.92265625 0.0953125 0.03828125 0.03203125
0 0.03203125 0.23359375 0.05546875 0.025
0 0.02421875 0.3828125 0.04140625 0.03125
0 0.384375 0.384375 0.05859375 0.03203125
0 0.7015625 0.36328125 0.071875 0.0234375
0 0.78515625 0.346875 0.06875 0.0234375
0 0.88671875 0.428125 0.06484375 0.02109375
0 0.725 0.521875 0.05703125 0.01640625
0 0.625 0.47421875 0.05546875 0.04140625
0 0.5828125 0.58046875 0.06796875 0.015625
0 0.41640625 0.5125 0.06953125 0.0171875
0 0.06015625 0.59375 0.046875 0.028125
0 0.12734375 0.6625 0.08046875 0.0234375
0 0.34375 0.69140625 0.06640625 0.0203125
0 0.4921875 0.66484375 0.0578125 0.0234375
0 0.23984375 0.76015625 0.06875 0.034375
0 0.21796875 0.74296875 0.0578125 0.02734375
0 0.3984375 0.76171875 0.0390625 0.028125
0 0.3890625 0.7890625 0.06015625 0.0171875
0 0.26015625 0.80859375 0.0625 0.0234375
0 0.22578125 0.8296875 0.07578125 0.02421875
0 0.51953125 0.8640625 0.07578125 0.0265625
0 0.51875 0.84296875 0.05234375 0.021875
0 0.69375 0.86015625 0.06640625 0.025
0 0.20859375 0.88515625 0.053125 0.021875
0 0.85390625 0.634375 0.071875 0.01875
0 0.87578125 0.61875 0.07109375 0.025
0 0.10625 0.8203125 0.08046875 0.0171875
0 0.19453125 0.48671875 0.05078125 0.02890625