0 0.025 0.75859375 0.025 0.059375
0 0.07265625 0.43046875 0.0203125 0.0703125
0 0.1484375 0.83125 0.028125 0.046875
0 0.1421875 0.78203125 0.025 0.05
0 0.10390625 0.7625 0.01875 0.0671875
0 0.14375 0.565625 0.0234375 0.084375
0 0.1234375 0.48828125 0.0234375 0.08125
0 0.18984375 0.340625 0.028125 0.0640625
0 0.3 0.7796875 0.021875 0.0390625
0 0.271875 0.70078125 0.01875 0.0625
0 0.24609375 0.43828125 0.0296875 0.05
0 0.29765625 0.1359375 0.021875 0.05625
0 0.30078125 0.0453125 0.01875 0.0453125
0 0.3703125 0.18203125 0.01875 0.046875
0 0.465625 0.89921875 0.021875 0.065625
0 0.4546875 0.95546875 0.03125 0.046875
0 0.55625 0.6328125 0.021875 0.046875
0 0.47734375 0.55078125 0.021875 0.053125
0 0.48515625 0.24375 0.025 0.065625
0 0.5484375 0.265625 0.021875 0.04375
0 0.5375 0.15234375 0.021875 0.0375
0 0.61953125 0.80390625 0.028125 0.046875
0 0.68828125 0.55078125 0.028125 0.04375
0 0.68046875 0.590625 0.025 0.05625
0 0.6609375 0.40078125 0.021875 0.059375
0 0.6578125 0.365625 0.025 0.0515625
0 0.66171875 0.09921875 0.021875 0.05625
0 0.625 0.13359375 0.0375 0.053125
0 0.5765625 0.08359375 0.021875 0.046875
0 0.740625 0.83125 0.040625 0.04375
0 0.77265625 0.80078125 0.0375 0.0515625
0 0.7203125 0.909375 0.025 0.028125
0 0.65546875 0.73828125 0.0234375 0.059375
0 0.79140625 0.49921875 0.0265625 0.046875
0 0.71484375 0.103125 0.028125 0.04375
0 0.81328125 0.9421875 0.021875 0.0640625
0 0.82578125 0.7296875 0.0234375 0.0625
0 0.8515625 0.49140625 0.0296875 0.0546875
0 0.9125 0.49140625 0.021875 0.0390625
0 0.8859375 0.3671875 0.021875 0.0796875
0 0.959375 0.0765625 0.021875 0.05
0 0.93828125 0.96875 0.01875 0.0578125
0 0.95546875 0.4203125 0.0203125 0.071875
0 0.846875 0.22890625 0.028125 0.040625