0 0.0796875 0.73359375 0.0265625 0.0765625
0 0.13046875 0.8640625 0.034375 0.040625
0 0.171875 0.959375 0.021875 0.08125
0 0.0453125 0.46875 0.021875 0.05625
0 0.0546875 0.446875 0.0171875 0.059375
0 0.13828125 0.78984375 0.0265625 0.0390625
0 0.14296875 0.7453125 0.0234375 0.0328125
0 0.1625 0.6859375 0.015625 0.0375
0 0.15859375 0.64765625 0.021875 0.0390625
0 0.1984375 0.4296875 0.0125 0.0515625
0 0.17578125 0.47734375 0.015625 0.0453125
0 0.18984375 0.33828125 0.015625 0.046875
0 0.165625 0.19375 0.021875 0.03125
0 0.19375 0.0578125 0.01875 0.0375
0 0.121875 0.0203125 0.025 0.040625
0 0.10703125 0.10546875 0.021875 0.0390625
0 0.04921875 0.01953125 0.0203125 0.0390625
0 0.30859375 0.3109375 0.021875 0.0703125
0 0.24921875 0.45859375 0.025 0.0359375
0 0.334375 0.075 0.01875 0.053125
0 0.3765625 0.04453125 0.01875 0.053125
0 0.3953125 0.16875 0.021875 0.053125
0 0.41484375 0.20390625 0.021875 0.05
0 0.47734375 0.2171875 0.0234375 0.05
0 0.53515625 0.15234375 0.025 0.03125
0 0.64609375 0.1625 0.025 0.0328125
0 0.65859375 0.10234375 0.021875 0.04375
0 0.72109375 0.21484375 0.021875 0.03125
0 0.33125 0.7453125 0.025 0.065625
0 0.3703125 0.83125 0.021875 0.0609375
0 0.3890625 0.73125 0.025 0.05
0 0.50546875 0.765625 0.021875 0.0484375
0 0.5296875 0.584375 0.0203125 0.0390625
0 0.56640625 0.659375 0.0140625 0.040625
0 0.634375 0.675 0.0203125 0.04375
0 0.66953125 0.84140625 0.021875 0.0359375
0 0.57421875 0.88828125 0.021875 0.04375
0 0.696875 0.58359375 0.028125 0.0390625
0 0.7484375 0.52734375 0.01875 0.0375
0 0.796875 0.80703125 0.01875 0.0609375
0 0.7828125 0.8078125 0.01875 0.04375
0 0.92109375 0.51796875 0.0234375 0.034375
0 0.9109375 0.83984375 0.015625 0.05625
0 0.8453125 0.80546875 0.025 0.0453125
0 0.8859375 0.82578125 0.003125 0.00625
0 0.871875 0.19375 0.034375 0.05
0 0.9375 0.03984375 0.021875 0.0609375
0 0.95 0.37578125 0.0234375 0.05625