0 0.9390625 0.7328125 0.0234375 0.059375
0 0.92890625 0.4890625 0.025 0.05625
0 0.98828125 0.37109375 0.01875 0.0640625
0 0.92421875 0.18359375 0.021875 0.053125
0 0.96953125 0.02578125 0.0125 0.0515625
0 0.87890625 0.13671875 0.01875 0.059375
0 0.88515625 0.38671875 0.015625 0.059375
0 0.859375 0.80390625 0.015625 0.046875
0 0.86875 0.6953125 0.01875 0.0640625
0 0.859375 0.46328125 0.0109375 0.0671875
0 0.8875 0.61484375 0.0125 0.0671875
0 0.83671875 0.53828125 0.01875 0.053125
0 0.784375 0.76171875 0.0234375 0.059375
0 0.775 0.70078125 0.0265625 0.046875
0 0.753125 0.55546875 0.0203125 0.05
0 0.80859375 0.22265625 0.01875 0.059375
0 0.73046875 0.178125 0.0125 0.065625
0 0.70859375 0.13125 0.025 0.0375
0 0.71328125 0.02890625 0.0296875 0.0234375
0 0.671875 0.41640625 0.025 0.053125
0 0.66953125 0.60625 0.015625 0.046875
0 0.65 0.6734375 0.025 0.0484375
0 0.6296875 0.275 0.0140625 0.0390625
0 0.53984375 0.22890625 0.0171875 0.05625
0 0.39375 0.35546875 0.025 0.0484375
0 0.42421875 0.55 0.0234375 0.0546875
0 0.4640625 0.875 0.0171875 0.0484375
0 0.325 0.61484375 0.021875 0.040625
0 0.35078125 0.51640625 0.01875 0.0328125
0 0.37109375 0.5609375 0.0125 0.0578125
0 0.396875 0.41171875 0.0203125 0.046875
0 0.36796875 0.25 0.0171875 0.04375
0 0.365625 0.2078125 0.025 0.034375
0 0.359375 0.05234375 0.0234375 0.0234375
0 0.31484375 0.80078125 0.028125 0.040625
0 0.28984375 0.87265625 0.0171875 0.0671875
0 0.3078125 0.4859375 0.0203125 0.040625
0 0.2640625 0.4953125 0.0234375 0.0484375
0 0.2390625 0.446875 0.015625 0.046875
0 0.22421875 0.8078125 0.0171875 0.0640625
0 0.2421875 0.8234375 0.0171875 0.059375
0 0.19453125 0.6765625 0.0171875 0.053125
0 0.2828125 0.18046875 0.01875 0.06875
0 0.14921875 0.29609375 0.01875 0.0625
0 0.1109375 0.325 0.0265625 0.0625
0 0.12109375 0.75625 0.028125 0.0546875
0 0.1421875 0.80703125 0.025 0.075
0 0.09375 0.3984375 0.021875 0.040625