2 0.196875 0.61484375 0.0453125 0.0296875
2 0.16484375 0.6875 0.05546875 0.0265625
2 0.19140625 0.728125 0.040625 0.02421875
2 0.3046875 0.77734375 0.03984375 0.0234375
2 0.465625 0.65546875 0.05625 0.028125
2 0.34609375 0.66015625 0.04765625 0.02890625
2 0.52890625 0.74140625 0.03828125 0.02890625
2 0.3390625 0.8578125 0.08125 0.02265625
2 0.590625 0.83984375 0.07421875 0.025
2 0.571875 0.82890625 0.0625 0.021875
2 0.56796875 0.81640625 0.07734375 0.0203125
2 0.44921875 0.8125 0.0703125 0.02265625
2 0.46875 0.7984375 0.06640625 0.0140625
2 0.78203125 0.55 0.03984375 0.025
2 0.11796875 0.78828125 0.078125 0.02109375
2 0.0578125 0.640625 0.0375 0.01796875
2 0.05546875 0.534375 0.0359375 0.02265625
2 0.01953125 0.50234375 0.0296875 0.03359375
2 0.07265625 0.35390625 0.03515625 0.0359375
2 0.0265625 0.30859375 0.03203125 0.021875
2 0.03359375 0.2921875 0.0546875 0.03125
2 0.92421875 0.2640625 0.04921875 0.0203125
2 0.9515625 0.21875 0.0484375 0.03203125
2 0.940625 0.0890625 0.046875 0.0171875
2 0.9703125 0.10078125 0.05546875 0.0296875
2 0.8296875 0.17109375 0.04140625 0.04296875
2 0.8421875 0.16640625 0.06875 0.03046875
2 0.68671875 0.18828125 0.05625 0.02421875
2 0.5578125 0.15546875 0.0609375 0.03671875
2 0.44140625 0.08359375 0.0359375 0.02265625
2 0.41953125 0.13203125 0.07109375 0.021875
2 0.45 0.1921875 0.0484375 0.0234375
2 0.46484375 0.1703125 0.08671875 0.02109375
2 0.27109375 0.1890625 0.0515625 0.028125
2 0.265625 0.25390625 0.05625 0.01875
2 0.296875 0.2890625 0.05625 0.0203125
2 0.309375 0.24609375 0.04609375 0.028125
2 0.1296875 0.25390625 0.0671875 0.0265625
2 0.0984375 0.3234375 0.0515625 0.02890625
2 0.1390625 0.31171875 0.0546875 0.03125
2 0.05 0.14765625 0.0453125 0.0203125
2 0.04375 0.12734375 0.03203125 0.02109375
2 0.096875 0.12109375 0.0421875 0.0296875
2 0.1890625 0.08046875 0.075 0.01640625
2 0.075 0.10234375 0.05546875 0.021875
2 0.33125 0.10546875 0.059375 0.03046875
2 0.2046875 0.15703125 0.03828125 0.0328125