0 0.2234375 0.053125 0.09296875 0.02109375
0 0.27109375 0.1265625 0.0484375 0.015625
0 0.30703125 0.11796875 0.04375 0.01640625
0 0.28984375 0.14296875 0.0484375 0.01328125
0 0.16484375 0.1828125 0.0421875 0.01875
0 0.478125 0.14140625 0.06015625 0.0140625
0 0.79453125 0.13046875 0.0453125 0.02109375
0 0.78046875 0.196875 0.04609375 0.0171875
0 0.85625 0.1203125 0.04921875 0.0234375
0 0.50859375 0.21171875 0.0390625 0.021875
0 0.51640625 0.28515625 0.04375 0.021875
0 0.54140625 0.26796875 0.05546875 0.02265625
0 0.6671875 0.35078125 0.03359375 0.0140625
0 0.57890625 0.325 0.04921875 0.021875
0 0.6 0.39296875 0.04375 0.01484375
0 0.803125 0.38828125 0.034375 0.02578125
0 0.68125 0.434375 0.0609375 0.01796875
0 0.2796875 0.471875 0.0859375 0.02265625
0 0.390625 0.4703125 0.0546875 0.01875
0 0.05859375 0.4859375 0.04609375 0.01953125
0 0.89765625 0.5296875 0.046875 0.0140625
0 0.946875 0.53046875 0.040625 0.015625
0 0.82578125 0.47265625 0.0484375 0.0140625
0 0.62734375 0.58984375 0.0328125 0.0265625
0 0.25 0.6203125 0.0546875 0.0140625
0 0.20625 0.621875 0.04609375 0.02265625
0 0.353125 0.596875 0.0484375 0.021875
0 0.63515625 0.61484375 0.04296875 0.0203125
0 0.81015625 0.6140625 0.05078125 0.02265625
0 0.68984375 0.66328125 0.0546875 0.02109375
0 0.85703125 0.6671875 0.0609375 0.0125
0 0.928125 0.646875 0.034375 0.025
0 0.36484375 0.67109375 0.04375 0.01953125
0 0.215625 0.72421875 0.03671875 0.02734375
0 0.38359375 0.7140625 0.05078125 0.02421875
0 0.44296875 0.73359375 0.03984375 0.0203125
0 0.503125 0.7265625 0.05078125 0.02734375
0 0.35 0.759375 0.0515625 0.01953125
0 0.1890625 0.8078125 0.05234375 0.01875
0 0.21484375 0.840625 0.06015625 0.0203125
0 0.46484375 0.90625 0.03671875 0.0234375
0 0.5546875 0.8953125 0.03984375 0.02265625
0 0.17734375 0.95078125 0.05703125 0.01953125
0 0.12109375 0.90703125 0.0453125 0.02265625
0 0.76484375 0.93671875 0.046875 0.0203125
0 0.14375 0.80703125 0.0359375 0.025