0 0.00625 0.2453125 0.0125 0.04375
0 0.0421875 0.3453125 0.01875 0.05
0 0.06875 0.18125 0.028125 0.071875
0 0.10234375 0.0375 0.025 0.05
0 0.12734375 0.30390625 0.0265625 0.065625
0 0.1703125 0.46484375 0.021875 0.071875
0 0.15703125 0.89453125 0.028125 0.0765625
0 0.01328125 0.91875 0.015625 0.059375
0 0.16484375 0.72734375 0.025 0.084375
0 0.23203125 0.70390625 0.03125 0.05625
0 0.2609375 0.334375 0.025 0.05625
0 0.353125 0.66640625 0.0296875 0.040625
0 0.38984375 0.228125 0.028125 0.053125
0 0.4 0.0546875 0.028125 0.046875
0 0.640625 0.75859375 0.03125 0.05625
0 0.38671875 0.52578125 0.025 0.05625
0 0.45703125 0.11875 0.0375 0.059375
0 0.453125 0.26328125 0.021875 0.053125
0 0.56796875 0.4125 0.021875 0.046875
0 0.62578125 0.90390625 0.0234375 0.0390625
0 0.61875 0.81640625 0.021875 0.0609375
0 0.7109375 0.575 0.025 0.0609375
0 0.7484375 0.58359375 0.0203125 0.046875
0 0.74921875 0.37109375 0.0265625 0.04375
0 0.67109375 0.05703125 0.025 0.0453125
0 0.72421875 0.05078125 0.04375 0.053125
0 0.86953125 0.52734375 0.028125 0.08125
0 0.8453125 0.75859375 0.021875 0.071875
0 0.8078125 0.86015625 0.0265625 0.0453125
0 0.78984375 0.7640625 0.0140625 0.0515625
0 0.796875 0.96875 0.01875 0.0625
0 0.8953125 0.475 0.015625 0.04375
0 0.9109375 0.4328125 0.015625 0.05
0 0.95390625 0.70078125 0.025 0.0375
0 0.95078125 0.5109375 0.0265625 0.040625
0 0.93359375 0.496875 0.01875 0.071875
0 0.9578125 0.440625 0.021875 0.0484375
0 0.621875 0.109375 0.021875 0.04375
0 0.22421875 0.0625 0.015625 0.04375