0 0.6015625 0.0921875 0.08203125 0.0171875
0 0.93203125 0.04609375 0.0359375 0.02578125
0 0.896875 0.08515625 0.04765625 0.0203125
0 0.9765625 0.03828125 0.046875 0.02265625
0 0.76796875 0.08515625 0.03984375 0.02578125
0 0.71875 0.01171875 0.040625 0.0234375
0 0.25703125 0.13046875 0.0625 0.03203125
0 0.54765625 0.14140625 0.06953125 0.0203125
0 0.2875 0.15859375 0.05546875 0.02109375
0 0.30546875 0.2203125 0.05390625 0.02734375
0 0.16484375 0.21484375 0.0734375 0.03125
0 0.15390625 0.1203125 0.0515625 0.034375
0 0.053125 0.01640625 0.04921875 0.03125
0 0.28671875 0.0890625 0.04609375 0.03515625
0 0.884375 0.36328125 0.075 0.0375
0 0.6390625 0.2859375 0.05390625 0.0265625
0 0.328125 0.35390625 0.0625 0.025
0 0.53828125 0.47265625 0.05625 0.02421875
0 0.57578125 0.578125 0.05703125 0.0296875
0 0.6296875 0.596875 0.04609375 0.0203125
0 0.60546875 0.5234375 0.0546875 0.02578125
0 0.86171875 0.45078125 0.04453125 0.0265625
0 0.76875 0.390625 0.04453125 0.02109375
0 0.11875 0.79140625 0.0421875 0.028125
0 0.15625 0.84296875 0.05703125 0.02734375
0 0.43515625 0.8140625 0.04765625 0.0234375
0 0.47109375 0.81015625 0.053125 0.01796875
0 0.7859375 0.89296875 0.05078125 0.02421875
0 0.88828125 0.728125 0.0625 0.0328125
0 0.8609375 0.69453125 0.0703125 0.034375
0 0.65859375 0.765625 0.06484375 0.03203125
0 0.465625 0.921875 0.08046875 0.0234375
0 0.6484375 0.86484375 0.0765625 0.0296875
0 0.45625 0.74375 0.0609375 0.02890625
0 0.2125 0.815625 0.053125 0.03125
0 0.2640625 0.68203125 0.03984375 0.02421875
0 0.41015625 0.70859375 0.04609375 0.0234375
0 0.65859375 0.68125 0.0484375 0.02109375
0 0.58671875 0.85390625 0.0484375 0.02109375
0 0.36171875 0.88203125 0.06875 0.03359375
0 0.18515625 0.6296875 0.06484375 0.02890625
0 0.2453125 0.62578125 0.0453125 0.0296875
0 0.77734375 0.14609375 0.0734375 0.0234375
0 0.7921875 0.44921875 0.07421875 0.025
0 0.80078125 0.53828125 0.07890625 0.03671875
0 0.8734375 0.50546875 0.0578125 0.02109375
0 0.665625 0.828125 0.0609375 0.02109375
0 0.9640625 0.26640625 0.07109375 0.028125
0 0.36875 0.13671875 0.04921875 0.01875