0 0.75546875 0.0296875 0.06171875 0.02109375
0 0.65703125 0.028125 0.05390625 0.0234375
0 0.54453125 0.11640625 0.040625 0.028125
0 0.84453125 0.090625 0.04375 0.02109375
0 0.90078125 0.1328125 0.0390625 0.028125
0 0.90859375 0.16953125 0.03359375 0.02421875
0 0.509375 0.22109375 0.07421875 0.0375
0 0.3328125 0.35 0.06875 0.03125
0 0.06484375 0.41796875 0.08515625 0.0265625
0 0.14609375 0.12421875 0.05390625 0.0359375
0 0.775 0.503125 0.040625 0.02734375
0 0.76796875 0.365625 0.0421875 0.02890625
0 0.26796875 0.50703125 0.10625 0.0296875
0 0.53203125 0.6046875 0.04296875 0.02421875
0 0.5765625 0.609375 0.03828125 0.02265625
0 0.1484375 0.73203125 0.04453125 0.01953125
0 0.08046875 0.696875 0.06328125 0.0296875
0 0.09453125 0.57890625 0.0625 0.02421875
0 0.4578125 0.7484375 0.071875 0.0265625
0 0.30546875 0.81953125 0.08046875 0.02890625
0 0.3703125 0.84375 0.04921875 0.02734375
0 0.609375 0.9109375 0.0421875 0.028125
0 0.31875 0.7640625 0.071875 0.03203125
0 0.77265625 0.24296875 0.06875 0.03515625
0 0.6875 0.1484375 0.07265625 0.02578125
0 0.61171875 0.19921875 0.08125 0.04453125
0 0.0859375 0.825 0.0703125 0.02421875
0 0.5375 0.81171875 0.05390625 0.0234375
0 0.559375 0.87578125 0.04765625 0.0203125