2 0.90703125 0.884375 0.015625 0.1203125
2 0.8375 0.87421875 0.025 0.0640625
2 0.83984375 0.73828125 0.0359375 0.059375
2 0.80703125 0.9125 0.03125 0.0625
2 0.81328125 0.6421875 0.021875 0.0875
2 0.90546875 0.55546875 0.0265625 0.096875
2 0.95859375 0.29765625 0.028125 0.10625
2 0.9625 0.14765625 0.040625 0.08125
2 0.94609375 0.084375 0.03125 0.0703125
2 0.82109375 0.23203125 0.046875 0.08125
2 0.83046875 0.1609375 0.03125 0.0609375
2 0.6390625 0.28046875 0.0296875 0.1
2 0.625 0.50703125 0.034375 0.090625
2 0.52890625 0.03984375 0.034375 0.05
2 0.5296875 0.084375 0.0421875 0.0515625
2 0.55234375 0.11171875 0.040625 0.0671875
2 0.4328125 0.5640625 0.034375 0.0484375
2 0.41484375 0.61796875 0.0390625 0.1046875
2 0.365625 0.49140625 0.0421875 0.0625
2 0.321875 0.80234375 0.03125 0.0671875
2 0.2390625 0.71640625 0.0328125 0.0625
2 0.16875 0.759375 0.0359375 0.0625
2 0.16875 0.79921875 0.040625 0.046875
2 0.1359375 0.86796875 0.034375 0.05
2 0.184375 0.884375 0.034375 0.0625
2 0.23359375 0.59140625 0.025 0.0765625
2 0.1703125 0.60078125 0.0421875 0.0671875
2 0.27578125 0.41796875 0.0515625 0.0921875
2 0.3 0.259375 0.05 0.090625
2 0.21171875 0.15390625 0.040625 0.06875
2 0.23828125 0.26875 0.053125 0.0640625
2 0.08984375 0.22265625 0.04375 0.084375
2 0.6046875 0.90625 0.040625 0.075