0 0.95625 0.41640625 0.01875 0.053125
0 0.65859375 0.24765625 0.0171875 0.040625
0 0.65859375 0.60703125 0.025 0.0515625
0 0.6484375 0.9453125 0.025 0.0625
0 0.9296875 0.89296875 0.01875 0.0421875
0 0.81796875 0.60859375 0.025 0.059375
0 0.803125 0.915625 0.0234375 0.075
0 0.415625 0.5671875 0.034375 0.053125
0 0.09765625 0.81171875 0.0328125 0.053125
0 0.14765625 0.5140625 0.0234375 0.05625
0 0.15 0.8328125 0.01875 0.0828125
0 0.253125 0.5421875 0.021875 0.053125
0 0.08515625 0.70625 0.025 0.053125
0 0.21484375 0.840625 0.03125 0.05625
0 0.21015625 0.4578125 0.0296875 0.0484375
0 0.815625 0.06171875 0.0265625 0.090625
0 0.590625 0.07890625 0.028125 0.0796875
0 0.0609375 0.83359375 0.021875 0.075
0 0.628125 0.9828125 0.025 0.034375
0 0.31484375 0.27265625 0.0328125 0.04375
0 0.1921875 0.575 0.025 0.053125
0 0.86328125 0.58984375 0.01875 0.0609375
0 0.32265625 0.72578125 0.03125 0.0515625
0 0.82890625 0.83515625 0.025 0.075
0 0.115625 0.3015625 0.0265625 0.059375
0 0.353125 0.221875 0.028125 0.0453125
0 0.890625 0.05234375 0.015625 0.06875
0 0.8890625 0.33671875 0.025 0.046875
0 0.49453125 0.4953125 0.0296875 0.0375
0 0.74140625 0.19765625 0.021875 0.08125
0 0.54375 0.58828125 0.0265625 0.053125
0 0.46015625 0.3375 0.0359375 0.05
0 0.03828125 0.684375 0.028125 0.0546875
0 0.9625 0.08359375 0.021875 0.065625
0 0.91484375 0.83828125 0.0234375 0.0421875
0 0.16484375 0.725 0.025 0.0625
0 0.97734375 0.06796875 0.025 0.05625
0 0.9484375 0.81015625 0.0171875 0.0828125
0 0.134375 0.74921875 0.0171875 0.05625
0 0.98671875 0.671875 0.0203125 0.0625
0 0.63828125 0.94375 0.025 0.046875
0 0.56796875 0.815625 0.021875 0.05
0 0.83359375 0.37421875 0.0203125 0.059375
0 0.865625 0.51015625 0.0171875 0.065625
0 0.87890625 0.50703125 0.0203125 0.08125
0 0.38046875 0.69140625 0.0265625 0.0625
0 0.32734375 0.6875 0.034375 0.0390625
0 0.2765625 0.86796875 0.03125 0.040625
0 0.24921875 0.9203125 0.028125 0.0375
0 0.271875 0.62578125 0.034375 0.046875
0 0.22578125 0.69765625 0.0296875 0.065625
0 0.353125 0.80078125 0.025 0.065625
0 0.30859375 0.24765625 0.0359375 0.0484375