0 0.903125 0.7328125 0.028125 0.06875
0 0.9453125 0.3203125 0.01875 0.06875
0 0.940625 0.39296875 0.021875 0.0546875
0 0.90859375 0.3046875 0.03125 0.10625
0 0.8875 0.22421875 0.0234375 0.0796875
0 0.87109375 0.63828125 0.03125 0.0625
0 0.859375 0.8671875 0.025 0.05
0 0.7828125 0.9234375 0.0296875 0.0515625
0 0.72109375 0.95625 0.025 0.0625
0 0.6890625 0.89375 0.034375 0.0375
0 0.709375 0.76171875 0.0234375 0.075
0 0.77890625 0.62109375 0.028125 0.096875
0 0.840625 0.51171875 0.028125 0.06875
0 0.86171875 0.375 0.01875 0.046875
0 0.8296875 0.3578125 0.015625 0.0453125
0 0.79921875 0.10859375 0.015625 0.08125
0 0.775 0.165625 0.028125 0.0625
0 0.77109375 0.30546875 0.021875 0.0796875
0 0.65 0.34765625 0.034375 0.065625
0 0.615625 0.31875 0.03125 0.0578125
0 0.56953125 0.096875 0.025 0.0953125
0 0.58125 0.765625 0.0125 0.1109375
0 0.55 0.73515625 0.01875 0.0875
0 0.49921875 0.065625 0.0234375 0.05
0 0.4109375 0.084375 0.03125 0.08125
0 0.43046875 0.56953125 0.025 0.04375
0 0.29375 0.75390625 0.025 0.0453125
0 0.30546875 0.4421875 0.025 0.05625
0 0.24609375 0.0859375 0.03125 0.0625
0 0.25625 0.9296875 0.0296875 0.05625
0 0.23046875 0.9359375 0.01875 0.0390625
0 0.1609375 0.04453125 0.025 0.053125
0 0.1 0.1484375 0.021875 0.053125
0 0.1625 0.14453125 0.015625 0.05
0 0.21875 0.45546875 0.021875 0.05625
0 0.1625 0.57578125 0.021875 0.0625
0 0.1109375 0.32109375 0.0234375 0.0609375
0 0.06328125 0.178125 0.015625 0.053125
0 0.05078125 0.17734375 0.0125 0.0640625
0 0.08984375 0.596875 0.0328125 0.0515625
0 0.02890625 0.64453125 0.025 0.04375
0 0.021875 0.59375 0.021875 0.04375