2 0.23203125 0.0859375 0.0625 0.0125
2 0.18671875 0.10234375 0.0390625 0.0171875
2 0.11640625 0.11171875 0.025 0.015625
2 0.509375 0.090625 0.034375 0.025
2 0.44765625 0.0796875 0.05 0.028125
2 0.39921875 0.1671875 0.046875 0.01875
2 0.346875 0.14609375 0.03125 0.025
2 0.221875 0.15859375 0.05 0.021875
2 0.5390625 0.18125 0.046875 0.015625
2 0.56640625 0.159375 0.046875 0.01875
2 0.7859375 0.14296875 0.0390625 0.01875
2 0.9 0.17578125 0.05625 0.0125
2 0.8234375 0.13828125 0.046875 0.009375
2 0.8015625 0.1078125 0.028125 0.025
2 0.74765625 0.0875 0.059375 0.0171875
2 0.728125 0.16328125 0.04375 0.0234375
2 0.66484375 0.17421875 0.05625 0.015625
2 0.9 0.20703125 0.040625 0.0203125
2 0.9453125 0.30234375 0.0390625 0.01875
2 0.95234375 0.28359375 0.06875 0.01875
2 0.259375 0.296875 0.0359375 0.0234375
2 0.87890625 0.34765625 0.025 0.025
2 0.83671875 0.346875 0.034375 0.025
2 0.95625 0.53984375 0.034375 0.025
2 0.89921875 0.51328125 0.040625 0.025
2 0.9109375 0.48671875 0.03125 0.0203125
2 0.73046875 0.2171875 0.0640625 0.0171875
2 0.909375 0.63671875 0.03125 0.0234375
2 0.834375 0.65859375 0.0625 0.021875
2 0.82109375 0.62890625 0.040625 0.028125
2 0.76875 0.63203125 0.03125 0.0265625
2 0.9 0.7734375 0.04375 0.0203125
2 0.91171875 0.74375 0.05625 0.015625
2 0.6890625 0.80703125 0.025 0.025
2 0.65 0.85625 0.046875 0.01875
2 0.77578125 0.8484375 0.0375 0.021875
2 0.26484375 0.8265625 0.046875 0.021875
2 0.56875 0.78671875 0.0625 0.021875
2 0.51953125 0.71953125 0.0421875 0.028125
2 0.12578125 0.7140625 0.0328125 0.01875
2 0.30078125 0.75078125 0.053125 0.0171875
2 0.1390625 0.8109375 0.04375 0.021875
2 0.08125 0.84765625 0.053125 0.015625
2 0.25703125 0.80546875 0.04375 0.0125
2 0.22421875 0.77109375 0.0375 0.021875
2 0.021875 0.77734375 0.04375 0.015625