0 0.109375 0.01171875 0.04140625 0.02265625
0 0.50859375 0.0859375 0.053125 0.01875
0 0.39609375 0.05859375 0.0453125 0.0375
0 0.74453125 0.05625 0.05859375 0.015625
0 0.95390625 0.03203125 0.0625 0.0203125
0 0.7328125 0.0109375 0.078125 0.021875
0 0.34453125 0.1484375 0.0640625 0.0265625
0 0.83671875 0.19296875 0.0625 0.01875
0 0.4234375 0.1453125 0.0609375 0.01875
0 0.92734375 0.13203125 0.0609375 0.01796875
0 0.76796875 0.09609375 0.06640625 0.02890625
0 0.2171875 0.20234375 0.03046875 0.0296875
0 0.30078125 0.228125 0.04375 0.02421875
0 0.803125 0.31953125 0.0640625 0.0265625
0 0.90546875 0.2609375 0.06015625 0.025
0 0.84296875 0.15859375 0.0515625 0.021875
0 0.325 0.35234375 0.06484375 0.0234375
0 0.5984375 0.3125 0.04140625 0.0265625
0 0.7734375 0.38125 0.07734375 0.01796875
0 0.5296875 0.4703125 0.04375 0.02109375
0 0.59765625 0.50234375 0.046875 0.021875
0 0.7796875 0.45 0.06015625 0.02265625
0 0.85859375 0.45859375 0.05546875 0.01328125
0 0.83203125 0.42578125 0.07421875 0.02734375
0 0.5921875 0.5765625 0.0625 0.01796875
0 0.73125 0.5421875 0.07578125 0.0203125
0 0.02578125 0.596875 0.0515625 0.0296875
0 0.15859375 0.62109375 0.04921875 0.03125
0 0.23203125 0.67109375 0.04765625 0.01875
0 0.38203125 0.70234375 0.0640625 0.01953125
0 0.45703125 0.73984375 0.05546875 0.03203125
0 0.659375 0.59921875 0.05859375 0.01875
0 0.7578125 0.61171875 0.03359375 0.01875
0 0.79375 0.61953125 0.03359375 0.0203125
0 0.90703125 0.496875 0.06796875 0.0203125
0 0.14921875 0.77265625 0.06796875 0.02265625
0 0.23203125 0.81328125 0.04921875 0.02109375
0 0.2875 0.82578125 0.07734375 0.01796875
0 0.37421875 0.83359375 0.0546875 0.01953125
0 0.65703125 0.765625 0.0359375 0.021875
0 0.646875 0.66953125 0.0359375 0.01796875
0 0.88984375 0.7078125 0.0453125 0.0203125
0 0.9078125 0.7203125 0.03203125 0.0234375
0 0.61640625 0.865625 0.0625 0.02734375
0 0.571875 0.85078125 0.0640625 0.02421875
0 0.6953125 0.82578125 0.053125 0.02109375
0 0.4734375 0.93828125 0.0609375 0.02890625
0 0.334375 0.87578125 0.0625 0.02265625
0 0.11015625 0.8421875 0.0546875 0.01953125
0 0.34609375 0.98125 0.05546875 0.02890625
0 0.6953125 0.93671875 0.071875 0.0234375
0 0.65859375 0.87734375 0.071875 0.021875
0 0.1546875 0.81875 0.06171875 0.0390625
0 0.26171875 0.13671875 0.06640625 0.02421875
0 0.1046875 0.1484375 0.071875 0.02109375