0 0.90625 0.7328125 0.021875 0.0765625
0 0.98125 0.578125 0.0203125 0.090625
0 0.91015625 0.634375 0.0515625 0.078125
0 0.88359375 0.1265625 0.028125 0.09375
0 0.84609375 0.078125 0.0265625 0.05625
0 0.8265625 0.5890625 0.0359375 0.103125
0 0.775 0.30234375 0.046875 0.0578125
0 0.765625 0.1859375 0.0375 0.084375
0 0.6859375 0.21171875 0.0625 0.10625
0 0.86875 0.3 0.025 0.0703125
0 0.85859375 0.71015625 0.028125 0.071875
0 0.87421875 0.83515625 0.040625 0.1078125
0 0.87265625 0.5546875 0.0328125 0.0953125
0 0.5984375 0.76953125 0.05625 0.0609375
0 0.65390625 0.3265625 0.0375 0.121875
0 0.5140625 0.22734375 0.01875 0.0890625
0 0.4765625 0.153125 0.0421875 0.059375
0 0.23125 0.525 0.046875 0.046875
0 0.3296875 0.38203125 0.034375 0.0625
0 0.26640625 0.3953125 0.025 0.0546875
0 0.27734375 0.265625 0.025 0.065625
0 0.32109375 0.1953125 0.0265625 0.0671875
0 0.33203125 0.04921875 0.034375 0.0734375
0 0.20859375 0.05859375 0.0375 0.075
0 0.1890625 0.54453125 0.028125 0.0578125
0 0.14296875 0.49140625 0.0296875 0.03125
0 0.34375 0.9171875 0.03125 0.0578125
0 0.471875 0.81171875 0.03125 0.0984375
0 0.503125 0.55703125 0.0328125 0.0671875
0 0.14296875 0.05078125 0.034375 0.09375
0 0.11015625 0.26015625 0.021875 0.0671875
0 0.1125 0.28984375 0.025 0.06875
0 0.1359375 0.678125 0.021875 0.0625
0 0.04453125 0.0375 0.0375 0.075
0 0.4125 0.5171875 0.0359375 0.084375
0 0.40078125 0.8296875 0.034375 0.0875
0 0.21953125 0.43203125 0.0234375 0.065625
0 0.45859375 0.275 0.028125 0.06875
0 0.696875 0.95546875 0.046875 0.084375
0 0.540625 0.69921875 0.0453125 0.08125
0 0.2359375 0.22578125 0.025 0.071875