0 0.68828125 0.609375 0.09140625 0.0359375
0 0.7 0.578125 0.0828125 0.0390625
0 0.384375 0.57578125 0.0546875 0.02734375
0 0.11171875 0.546875 0.05 0.02109375
0 0.4375 0.6734375 0.0609375 0.02265625
0 0.3921875 0.7328125 0.10859375 0.01484375
0 0.33828125 0.7484375 0.0375 0.02109375
0 0.46640625 0.7375 0.046875 0.02109375
0 0.80859375 0.753125 0.065625 0.034375
0 0.6796875 0.7515625 0.0875 0.028125
0 0.7015625 0.8015625 0.07578125 0.03125
0 0.628125 0.84296875 0.0421875 0.028125
0 0.6703125 0.8453125 0.04140625 0.02421875
0 0.39453125 0.78828125 0.04140625 0.02578125
0 0.14765625 0.80703125 0.04453125 0.028125
0 0.43359375 0.8234375 0.04921875 0.02890625
0 0.31953125 0.8734375 0.0765625 0.0296875
0 0.0734375 0.8375 0.053125 0.01875
0 0.66328125 0.90625 0.1125 0.0265625
0 0.54765625 0.91484375 0.04375 0.028125
0 0.6109375 0.934375 0.04140625 0.01875
0 0.90234375 0.678125 0.115625 0.0265625
0 0.8015625 0.51171875 0.0484375 0.03828125
0 0.9125 0.5703125 0.0453125 0.03125
0 0.1328125 0.421875 0.128125 0.034375
0 0.48359375 0.42578125 0.0640625 0.03125
0 0.3546875 0.35703125 0.08671875 0.0265625
0 0.63359375 0.3203125 0.046875 0.0484375
0 0.978125 0.30390625 0.04296875 0.0296875
0 0.51171875 0.26875 0.078125 0.025
0 0.271875 0.209375 0.0484375 0.02421875
0 0.340625 0.25859375 0.07734375 0.02421875
0 0.09921875 0.27109375 0.13359375 0.01875
0 0.1171875 0.18984375 0.04140625 0.021875
0 0.66796875 0.18671875 0.053125 0.025
0 0.8390625 0.25 0.059375 0.028125
0 0.9703125 0.17109375 0.05859375 0.021875
0 0.98671875 0.08671875 0.0265625 0.0328125
0 0.87421875 0.1046875 0.0640625 0.03125
0 0.83046875 0.0515625 0.06171875 0.01875
0 0.95625 0.03203125 0.0796875 0.015625
0 0.775 0.01484375 0.0578125 0.0171875
0 0.45078125 0.06015625 0.0890625 0.021875
0 0.36796875 0.11796875 0.06796875 0.03671875
0 0.309375 0.14375 0.0578125 0.01875
0 0.12578125 0.04296875 0.0671875 0.01328125