0 0.52734375 0.06484375 0.071875 0.01875
0 0.65 0.0515625 0.0625 0.0125
0 0.209375 0.05 0.0625 0.021875
0 0.10703125 0.025 0.05625 0.0234375
0 0.64921875 0.1078125 0.053125 0.021875
0 0.7296875 0.1328125 0.046875 0.0171875
0 0.92734375 0.18125 0.075 0.028125
0 0.728125 0.21171875 0.065625 0.021875
0 0.66875 0.259375 0.05 0.01875
0 0.325 0.1765625 0.0640625 0.0203125
0 0.159375 0.2421875 0.053125 0.0171875
0 0.14375 0.115625 0.0375 0.034375
0 0.08046875 0.1625 0.046875 0.01875
0 0.04765625 0.1546875 0.053125 0.015625
0 0.51953125 0.259375 0.046875 0.025
0 0.3578125 0.31796875 0.040625 0.0171875
0 0.6421875 0.35625 0.0578125 0.0265625
0 0.48359375 0.41328125 0.05625 0.021875
0 0.9078125 0.27265625 0.046875 0.0203125
0 0.89296875 0.434375 0.0328125 0.021875
0 0.19296875 0.5046875 0.034375 0.01875
0 0.8671875 0.5375 0.084375 0.021875
0 0.62734375 0.60078125 0.040625 0.028125
0 0.61640625 0.57265625 0.053125 0.01875
0 0.31796875 0.60859375 0.046875 0.0171875
0 0.56015625 0.6765625 0.04375 0.021875
0 0.0796875 0.55859375 0.028125 0.021875
0 0.20703125 0.74921875 0.059375 0.0234375
0 0.6 0.73046875 0.059375 0.021875
0 0.51796875 0.74453125 0.03125 0.025
0 0.59453125 0.78515625 0.04375 0.021875
0 0.6296875 0.85859375 0.05 0.025
0 0.46328125 0.8765625 0.05 0.015625
0 0.31171875 0.90390625 0.053125 0.015625
0 0.91953125 0.85234375 0.053125 0.034375
0 0.88046875 0.80859375 0.06875 0.0171875
0 0.97734375 0.64453125 0.0453125 0.025