0 0.059375 0.62265625 0.0375 0.065625
0 0.0296875 0.68515625 0.0296875 0.0625
0 0.20234375 0.8890625 0.04375 0.1078125
0 0.22890625 0.85390625 0.0265625 0.0609375
0 0.2703125 0.69609375 0.0375 0.0703125
0 0.23828125 0.43515625 0.0421875 0.115625
0 0.1171875 0.09296875 0.0359375 0.06875
0 0.17890625 0.06640625 0.0328125 0.053125
0 0.015625 0.2484375 0.025 0.059375
0 0.07421875 0.2453125 0.03125 0.078125
0 0.1734375 0.66640625 0.034375 0.084375
0 0.13359375 0.49765625 0.0484375 0.0984375
0 0.44296875 0.94140625 0.03125 0.090625
0 0.3765625 0.06328125 0.034375 0.0890625
0 0.4359375 0.3234375 0.040625 0.053125
0 0.465625 0.06328125 0.03125 0.0546875
0 0.43828125 0.01640625 0.034375 0.028125
0 0.72421875 0.62421875 0.05 0.08125
0 0.61328125 0.484375 0.0375 0.0515625
0 0.61875 0.42578125 0.025 0.053125
0 0.61015625 0.59375 0.028125 0.0515625
0 0.63203125 0.75390625 0.0390625 0.0828125
0 0.7078125 0.77890625 0.0375 0.0734375
0 0.54140625 0.775 0.03125 0.053125
0 0.4875 0.6984375 0.034375 0.071875
0 0.6140625 0.9109375 0.03125 0.071875
0 0.94375 0.8640625 0.040625 0.075
0 0.91484375 0.49375 0.0625 0.1
0 0.78984375 0.22890625 0.05625 0.065625
0 0.77421875 0.3859375 0.034375 0.05
0 0.875 0.540625 0.0203125 0.05
0 0.77734375 0.71328125 0.0375 0.046875