0 0.0859375 0.81875 0.015625 0.06875
0 0.1171875 0.7359375 0.021875 0.059375
0 0.10703125 0.72109375 0.025 0.05
0 0.0359375 0.5953125 0.0296875 0.0515625
0 0.04609375 0.5671875 0.025 0.05
0 0.1453125 0.478125 0.025 0.05
0 0.1390625 0.43984375 0.025 0.05625
0 0.13203125 0.56484375 0.0265625 0.08125
0 0.14296875 0.61796875 0.021875 0.04375
0 0.15234375 0.88828125 0.015625 0.0546875
0 0.20703125 0.8921875 0.01875 0.0765625
0 0.13984375 0.975 0.028125 0.05
0 0.228125 0.75078125 0.01875 0.05
0 0.13515625 0.228125 0.025 0.090625
0 0.12890625 0.09375 0.021875 0.0765625
0 0.17890625 0.20859375 0.025 0.075
0 0.215625 0.50078125 0.034375 0.05625
0 0.2796875 0.7640625 0.03125 0.046875
0 0.28671875 0.9265625 0.021875 0.071875
0 0.2609375 0.2015625 0.028125 0.046875
0 0.39375 0.1640625 0.0234375 0.05
0 0.50703125 0.71640625 0.0203125 0.040625
0 0.496875 0.7546875 0.028125 0.046875
0 0.40234375 0.71875 0.021875 0.034375
0 0.52890625 0.2515625 0.0203125 0.046875
0 0.55390625 0.3234375 0.01875 0.0375
0 0.55859375 0.44296875 0.0203125 0.0546875
0 0.56796875 0.665625 0.021875 0.03125
0 0.54921875 0.6453125 0.025 0.040625
0 0.43046875 0.1453125 0.021875 0.0375
0 0.38515625 0.4578125 0.015625 0.04375
0 0.48515625 0.44140625 0.021875 0.046875
0 0.64609375 0.1609375 0.025 0.03125
0 0.63671875 0.209375 0.021875 0.04375
0 0.6515625 0.48671875 0.021875 0.040625
0 0.70546875 0.646875 0.015625 0.0453125
0 0.62578125 0.6296875 0.015625 0.05625
0 0.565625 0.8328125 0.0234375 0.04375
0 0.6078125 0.92109375 0.021875 0.0421875
0 0.70703125 0.83046875 0.021875 0.034375
0 0.7359375 0.80859375 0.01875 0.0578125
0 0.86875 0.58984375 0.021875 0.046875
0 0.93125 0.63125 0.0203125 0.0390625
0 0.85 0.74609375 0.01875 0.0546875
0 0.82265625 0.64453125 0.015625 0.05
0 0.79375 0.5765625 0.015625 0.0375
0 0.7875 0.51171875 0.0125 0.0390625
0 0.78125 0.325 0.0234375 0.04375
0 0.9796875 0.23984375 0.028125 0.0328125
0 0.56328125 0.15703125 0.025 0.0484375