2 0.778125 0.12265625 0.04296875 0.02578125
2 0.890625 0.18046875 0.04609375 0.03046875
2 0.96640625 0.22578125 0.053125 0.02421875
2 0.915625 0.16171875 0.040625 0.01796875
2 0.903125 0.28984375 0.046875 0.0375
2 0.26328125 0.10859375 0.05234375 0.02578125
2 0.07578125 0.12265625 0.0484375 0.02421875
2 0.309375 0.14140625 0.0515625 0.02421875
2 0.13984375 0.19375 0.0625 0.02109375
2 0.05 0.184375 0.05 0.0296875
2 0.0953125 0.19609375 0.0375 0.02578125
2 0.06015625 0.2875 0.053125 0.02421875
2 0.409375 0.35625 0.08984375 0.01953125
2 0.5046875 0.4671875 0.04375 0.02421875
2 0.24140625 0.4390625 0.07734375 0.028125
2 0.10546875 0.45390625 0.053125 0.01875
2 0.07734375 0.4984375 0.04765625 0.03125
2 0.73984375 0.48828125 0.05703125 0.02109375
2 0.81953125 0.43515625 0.040625 0.03359375
2 0.528125 0.6 0.06171875 0.0328125
2 0.5890625 0.65 0.07734375 0.04765625
2 0.23828125 0.59609375 0.0546875 0.02109375
2 0.18515625 0.50234375 0.04921875 0.02265625
2 0.05234375 0.64453125 0.046875 0.028125
2 0.20546875 0.61015625 0.06015625 0.03125
2 0.3609375 0.68359375 0.05234375 0.02734375
2 0.50546875 0.73515625 0.059375 0.0328125
2 0.19140625 0.8546875 0.05390625 0.02578125
2 0.45625 0.81953125 0.0578125 0.025
2 0.92109375 0.8296875 0.07109375 0.02421875
2 0.709375 0.0765625 0.1234375 0.02265625
2 0.43125 0.0953125 0.06328125 0.028125