0 0.70078125 0.08515625 0.0390625 0.0234375
0 0.803125 0.0734375 0.0515625 0.02890625
0 0.73515625 0.0171875 0.07109375 0.0265625
0 0.53984375 0.09765625 0.0578125 0.03046875
0 0.56484375 0.140625 0.075 0.02734375
0 0.6140625 0.22734375 0.06015625 0.03515625
0 0.3734375 0.27109375 0.046875 0.021875
0 0.42265625 0.334375 0.05625 0.0296875
0 0.05546875 0.16640625 0.0390625 0.01796875
0 0.0375 0.253125 0.03359375 0.025
0 0.15703125 0.14609375 0.0625 0.0375
0 0.065625 0.10390625 0.07421875 0.034375
0 0.140625 0.02421875 0.06640625 0.03671875
0 0.24765625 0.1359375 0.046875 0.01640625
0 0.95625 0.371875 0.03046875 0.02578125
0 0.79140625 0.48203125 0.05546875 0.03359375
0 0.3328125 0.4140625 0.07890625 0.02578125
0 0.0265625 0.36875 0.053125 0.040625
0 0.11875 0.50625 0.053125 0.02578125
0 0.246875 0.67421875 0.0703125 0.02734375
0 0.46796875 0.7375 0.04921875 0.03203125
0 0.62578125 0.78828125 0.0421875 0.01796875
0 0.759375 0.82421875 0.053125 0.02421875
0 0.3171875 0.88828125 0.04765625 0.02578125
0 0.2125 0.940625 0.075 0.02890625
0 0.07109375 0.82421875 0.05078125 0.0203125
0 0.32109375 0.80234375 0.0515625 0.0125
0 0.5328125 0.61640625 0.053125 0.02890625
0 0.48203125 0.93671875 0.05078125 0.01875
0 0.11171875 0.884375 0.04921875 0.01875
0 0.8109375 0.92421875 0.06796875 0.02109375