0 0.421875 0.05234375 0.07265625 0.02109375
0 0.6734375 0.05859375 0.07265625 0.01484375
0 0.6734375 0.02109375 0.053125 0.015625
0 0.175 0.0859375 0.04765625 0.0234375
0 0.53671875 0.1265625 0.0453125 0.021875
0 0.84921875 0.0984375 0.0484375 0.021875
0 0.9390625 0.0796875 0.06953125 0.0234375
0 0.7671875 0.12734375 0.05078125 0.02578125
0 0.290625 0.2015625 0.09296875 0.025
0 0.18046875 0.20234375 0.0390625 0.03359375
0 0.18671875 0.23515625 0.0640625 0.01796875
0 0.37578125 0.271875 0.0828125 0.0265625
0 0.64609375 0.3140625 0.07734375 0.04296875
0 0.56015625 0.30390625 0.0625 0.0265625
0 0.88203125 0.2796875 0.07734375 0.021875
0 0.98046875 0.290625 0.0390625 0.025
0 0.60546875 0.1640625 0.0625 0.03984375
0 0.34609375 0.35390625 0.084375 0.02578125
0 0.040625 0.31484375 0.078125 0.03359375
0 0.34921875 0.43203125 0.0546875 0.03203125
0 0.60546875 0.47890625 0.05859375 0.01796875
0 0.7359375 0.53046875 0.07109375 0.028125
0 0.946875 0.61953125 0.0703125 0.02734375
0 0.84140625 0.56171875 0.05859375 0.01953125
0 0.396875 0.5765625 0.08203125 0.0328125
0 0.10625 0.54140625 0.0890625 0.01640625
0 0.3421875 0.6203125 0.0328125 0.01328125
0 0.30625 0.67578125 0.046875 0.0296875
0 0.06484375 0.7 0.07578125 0.0265625
0 0.83515625 0.734375 0.0515625 0.021875
0 0.9359375 0.753125 0.06796875 0.01640625
0 0.71171875 0.74765625 0.0375 0.0265625
0 0.8140625 0.80546875 0.053125 0.03359375
0 0.46484375 0.77734375 0.04375 0.02265625
0 0.321875 0.74921875 0.0703125 0.01953125
0 0.35546875 0.83984375 0.034375 0.02265625
0 0.28515625 0.78515625 0.05703125 0.025
0 0.07578125 0.87578125 0.06328125 0.02734375
0 0.4375 0.9359375 0.05859375 0.02734375
0 0.66953125 0.87578125 0.06015625 0.0265625
0 0.6203125 0.903125 0.034375 0.02109375
0 0.678125 0.834375 0.07265625 0.02265625
0 0.86328125 0.8421875 0.05078125 0.0171875
0 0.60234375 0.85234375 0.0640625 0.0171875
0 0.59375 0.83828125 0.05234375 0.01796875
0 0.18125 0.9390625 0.04375 0.0265625
0 0.09140625 0.9546875 0.07578125 0.0390625
0 0.9125 0.59140625 0.05703125 0.03046875
0 0.3703125 0.66171875 0.0390625 0.025
0 0.0890625 0.1609375 0.05 0.01796875
0 0.78671875 0.0921875 0.0609375 0.02578125
0 0.48125 0.04765625 0.04140625 0.0234375
0 0.47734375 0.01953125 0.0609375 0.0171875