0 0.803125 0.015625 0.0796875 0.03125
0 0.36171875 0.08359375 0.084375 0.02421875
0 0.65859375 0.15234375 0.078125 0.021875
0 0.76484375 0.13359375 0.06015625 0.02578125
0 0.921875 0.3171875 0.059375 0.0296875
0 0.0390625 0.121875 0.06796875 0.021875
0 0.271875 0.12734375 0.06328125 0.0328125
0 0.83984375 0.1984375 0.04296875 0.03359375
0 0.66328125 0.203125 0.0640625 0.03828125
0 0.60859375 0.384375 0.0515625 0.034375
0 0.740625 0.371875 0.06953125 0.0484375
0 0.3125 0.22109375 0.0859375 0.03671875
0 0.50703125 0.0328125 0.04921875 0.03671875
0 0.81484375 0.05546875 0.05390625 0.025
0 0.340625 0.35546875 0.0796875 0.02734375
0 0.08125 0.46015625 0.078125 0.01953125
0 0.04296875 0.5125 0.0859375 0.0203125
0 0.4296875 0.50078125 0.04921875 0.02890625
0 0.8515625 0.4703125 0.0515625 0.03046875
0 0.5875 0.5890625 0.0515625 0.03203125
0 0.50234375 0.77734375 0.05859375 0.02578125
0 0.6921875 0.78046875 0.059375 0.03046875
0 0.5234375 0.815625 0.05390625 0.02890625
0 0.584375 0.81796875 0.03125 0.021875
0 0.5328125 0.61875 0.0703125 0.02421875
0 0.346875 0.65625 0.06171875 0.03125
0 0.79921875 0.5484375 0.05546875 0.025
0 0.5609375 0.38984375 0.0578125 0.034375
0 0.10703125 0.5734375 0.0625 0.03125
0 0.09296875 0.61171875 0.071875 0.03046875
0 0.290625 0.703125 0.06015625 0.0234375
0 0.20859375 0.81875 0.0625 0.02578125
0 0.5171875 0.70390625 0.07578125 0.02734375
0 0.1328125 0.87265625 0.06796875 0.025
0 0.3828125 0.91015625 0.071875 0.02421875
0 0.284375 0.86015625 0.06328125 0.02421875
0 0.83046875 0.87421875 0.06796875 0.028125
0 0.7484375 0.8984375 0.04375 0.025
0 0.79609375 0.84921875 0.06015625 0.02734375
0 0.37109375 0.74140625 0.04375 0.02265625
0 0.50234375 0.8515625 0.06015625 0.02421875
0 0.821875 0.7796875 0.0359375 0.034375
0 0.053125 0.28984375 0.06484375 0.0234375
0 0.7921875 0.69375 0.06484375 0.02578125
0 0.07578125 0.05703125 0.0484375 0.02734375
0 0.03046875 0.03828125 0.05546875 0.02734375
0 0.103125 0.27265625 0.0578125 0.02578125