0 0.26015625 0.025 0.10625 0.025
0 0.8296875 0.04765625 0.0625 0.028125
0 0.753125 0.01640625 0.1 0.01875
0 0.825 0.065625 0.075 0.028125
0 0.63125 0.121875 0.0671875 0.0234375
0 0.30703125 0.1375 0.071875 0.034375
0 0.37109375 0.18671875 0.0796875 0.025
0 0.63046875 0.1640625 0.0671875 0.03125
0 0.42265625 0.153125 0.0546875 0.034375
0 0.590625 0.22734375 0.053125 0.0375
0 0.40546875 0.2125 0.08125 0.0328125
0 0.07265625 0.3109375 0.08125 0.0375
0 0.5015625 0.39375 0.0625 0.028125
0 0.36953125 0.259375 0.0703125 0.0328125
0 0.975 0.26484375 0.05 0.0375
0 0.6265625 0.35234375 0.1 0.0328125
0 0.11015625 0.41875 0.08125 0.028125
0 0.05078125 0.43828125 0.053125 0.0375
0 0.353125 0.4921875 0.075 0.03125
0 0.57890625 0.59453125 0.103125 0.0375
0 0.96484375 0.690625 0.0703125 0.0453125
0 0.41875 0.68828125 0.059375 0.028125
0 0.26875 0.6484375 0.0875 0.034375
0 0.296875 0.70234375 0.046875 0.0296875
0 0.44453125 0.76796875 0.046875 0.034375
0 0.69453125 0.6703125 0.0515625 0.040625
0 0.834375 0.825 0.06875 0.0234375
0 0.81171875 0.79140625 0.05 0.025
0 0.61796875 0.8265625 0.065625 0.040625
0 0.77421875 0.82734375 0.078125 0.028125
0 0.8125 0.6484375 0.071875 0.034375
0 0.54375 0.85859375 0.08125 0.0171875
0 0.72890625 0.7703125 0.075 0.0390625
0 0.21953125 0.83125 0.090625 0.0453125
0 0.4078125 0.88671875 0.0625 0.0375
0 0.18671875 0.8859375 0.0625 0.0375
0 0.18828125 0.8171875 0.0546875 0.0375
0 0.9546875 0.81171875 0.0875 0.0328125
0 0.33828125 0.42421875 0.04375 0.021875
0 0.76796875 0.6109375 0.059375 0.028125
0 0.8734375 0.90234375 0.0625 0.0234375
0 0.77890625 0.9578125 0.06875 0.021875
0 0.6484375 0.89609375 0.05625 0.0296875
0 0.65625 0.59609375 0.1 0.05
0 0.4125 0.825 0.05 0.021875
0 0.0921875 0.9203125 0.059375 0.0296875
0 0.06328125 0.85625 0.0546875 0.03125
0 0.190625 0.784375 0.0609375 0.01875
0 0.26796875 0.9390625 0.046875 0.028125
0 0.234375 0.91328125 0.04375 0.0265625