0 0.421875 0.05234375 0.07265625 0.02109375
0 0.53515625 0.0546875 0.07265625 0.01484375
0 0.6734375 0.02109375 0.053125 0.015625
0 0.06796875 0.07578125 0.04765625 0.0234375
0 0.4546875 0.13125 0.0453125 0.021875
0 0.87578125 0.09609375 0.0484375 0.021875
0 0.96484375 0.0796875 0.06953125 0.0234375
0 0.78125 0.1515625 0.05078125 0.02578125
0 0.290625 0.2015625 0.09296875 0.025
0 0.18046875 0.20234375 0.0390625 0.03359375
0 0.140625 0.25234375 0.0640625 0.01796875
0 0.365625 0.259375 0.0828125 0.0265625
0 0.64609375 0.3140625 0.07734375 0.04296875
0 0.56015625 0.30390625 0.0625 0.0265625
0 0.86796875 0.26640625 0.07734375 0.021875
0 0.9796875 0.28984375 0.040625 0.02578125
0 0.596875 0.1859375 0.0625 0.03984375
0 0.34609375 0.35390625 0.084375 0.02578125
0 0.05078125 0.3765625 0.078125 0.03359375
0 0.4328125 0.434375 0.0546875 0.03203125
0 0.60546875 0.47890625 0.05859375 0.01796875
0 0.778125 0.52109375 0.07109375 0.028125
0 0.796875 0.60390625 0.0703125 0.02734375
0 0.76953125 0.5734375 0.05859375 0.01953125
0 0.396875 0.5765625 0.08203125 0.0328125
0 0.10625 0.54140625 0.0890625 0.01640625
0 0.3421875 0.6203125 0.0328125 0.01328125
0 0.41484375 0.7140625 0.046875 0.0296875
0 0.2015625 0.71796875 0.07578125 0.0265625
0 0.8546875 0.659375 0.0515625 0.021875
0 0.8875 0.75859375 0.06796875 0.01640625
0 0.8609375 0.73671875 0.0375 0.0265625
0 0.75 0.76171875 0.053125 0.03359375
0 0.44921875 0.79609375 0.04375 0.02265625
0 0.3421875 0.78828125 0.0703125 0.01953125
0 0.378125 0.81171875 0.034375 0.02265625
0 0.2171875 0.803125 0.05703125 0.025
0 0.246875 0.88359375 0.06328125 0.02734375
0 0.4796875 0.92890625 0.05859375 0.02734375
0 0.6734375 0.9 0.06015625 0.0265625
0 0.6171875 0.896875 0.034375 0.02109375
0 0.6609375 0.85 0.07265625 0.02265625
0 0.74140625 0.84375 0.05078125 0.0171875
0 0.60234375 0.85234375 0.0640625 0.0171875
0 0.59375 0.83828125 0.05234375 0.01796875
0 0.04765625 0.93671875 0.04375 0.0265625
0 0.09140625 0.96484375 0.07578125 0.0390625