0 0.87578125 0.1828125 0.0234375 0.05
0 0.86640625 0.2890625 0.034375 0.0578125
0 0.8140625 0.28125 0.028125 0.078125
0 0.8484375 0.8109375 0.03125 0.071875
0 0.88359375 0.89296875 0.0203125 0.0625
0 0.84609375 0.91953125 0.015625 0.071875
0 0.81953125 0.421875 0.028125 0.0171875
0 0.62109375 0.1390625 0.028125 0.05625
0 0.62734375 0.2453125 0.0296875 0.0671875
0 0.73046875 0.95078125 0.015625 0.05625
0 0.52734375 0.64765625 0.0265625 0.09375
0 0.5796875 0.50234375 0.025 0.0515625
0 0.47109375 0.246875 0.0234375 0.05
0 0.4234375 0.3109375 0.01875 0.065625
0 0.4453125 0.31640625 0.021875 0.0625
0 0.5015625 0.74921875 0.0234375 0.040625
0 0.4953125 0.9359375 0.025 0.0765625
0 0.43828125 0.63671875 0.021875 0.053125
0 0.34140625 0.63671875 0.0265625 0.0828125
0 0.33125 0.93984375 0.03125 0.04375
0 0.2390625 0.48515625 0.0328125 0.046875
0 0.19765625 0.4609375 0.0203125 0.0515625
0 0.2109375 0.64140625 0.021875 0.0640625
0 0.1578125 0.49296875 0.03125 0.071875
0 0.15390625 0.25 0.021875 0.05625
0 0.0984375 0.528125 0.025 0.04375
0 0.11484375 0.49765625 0.025 0.053125
0 0.18671875 0.3484375 0.025 0.0359375
0 0.19375 0.2703125 0.025 0.05
0 0.428125 0.575 0.0234375 0.040625
0 0.7515625 0.06640625 0.0234375 0.040625