0 0.23125 0.22421875 0.0484375 0.01953125
0 0.28125 0.20078125 0.04453125 0.01640625
0 0.34375 0.14453125 0.053125 0.0203125
0 0.69921875 0.2125 0.0484375 0.01484375
0 0.83671875 0.12421875 0.03515625 0.02265625
0 0.94921875 0.0375 0.071875 0.01796875
0 0.6140625 0.28515625 0.03828125 0.01875
0 0.65 0.3203125 0.0390625 0.028125
0 0.86953125 0.31328125 0.03046875 0.0296875
0 0.925 0.33359375 0.03828125 0.0375
0 0.35703125 0.3453125 0.05703125 0.0234375
0 0.02421875 0.45703125 0.03515625 0.0359375
0 0.1421875 0.55078125 0.04296875 0.0234375
0 0.37421875 0.59140625 0.0515625 0.0234375
0 0.39375 0.5796875 0.046875 0.01875
0 0.7640625 0.56796875 0.04453125 0.021875
0 0.7703125 0.49296875 0.0375 0.03046875
0 0.93203125 0.46796875 0.059375 0.01875
0 0.5546875 0.57109375 0.0375 0.0265625
0 0.5828125 0.67421875 0.046875 0.02734375
0 0.67265625 0.696875 0.03359375 0.02734375
0 0.73359375 0.67890625 0.0515625 0.0234375
0 0.7921875 0.65078125 0.0515625 0.0171875
0 0.328125 0.70703125 0.0625 0.021875
0 0.3546875 0.78984375 0.059375 0.025
0 0.21875 0.76796875 0.03828125 0.01484375
0 0.14375 0.7328125 0.0578125 0.02109375
0 0.24453125 0.80859375 0.04140625 0.02421875
0 0.3453125 0.87578125 0.05703125 0.01875
0 0.7453125 0.9328125 0.053125 0.01875
0 0.68125 0.928125 0.05234375 0.01640625
0 0.340625 0.91796875 0.0515625 0.0234375
0 0.68515625 0.8671875 0.0578125 0.0203125
0 0.7390625 0.8609375 0.03359375 0.03125
0 0.6015625 0.790625 0.06640625 0.01953125
0 0.68359375 0.74765625 0.046875 0.01875
0 0.7671875 0.7390625 0.05 0.0203125
0 0.85234375 0.71875 0.0625 0.01953125
0 0.534375 0.7375 0.05546875 0.01640625
0 0.34765625 0.65625 0.0578125 0.01953125