2 0.453125 0.06640625 0.0671875 0.02578125
2 0.5765625 0.09375 0.06484375 0.021875
2 0.9109375 0.08203125 0.05078125 0.0234375
2 0.75234375 0.078125 0.0453125 0.01953125
2 0.59921875 0.1453125 0.06015625 0.01796875
2 0.64140625 0.1171875 0.0578125 0.02578125
2 0.96171875 0.1640625 0.0484375 0.04140625
2 0.72890625 0.15078125 0.04453125 0.01640625
2 0.48671875 0.14609375 0.05703125 0.01875
2 0.1375 0.13984375 0.03359375 0.02421875
2 0.1984375 0.1171875 0.04765625 0.0203125
2 0.21328125 0.0921875 0.046875 0.02109375
2 0.2734375 0.0734375 0.06640625 0.0328125
2 0.0828125 0.08984375 0.0421875 0.02578125
2 0.1109375 0.12109375 0.05390625 0.025
2 0.0203125 0.14375 0.03984375 0.02578125
2 0.02734375 0.29375 0.04140625 0.04296875
2 0.0921875 0.26484375 0.05078125 0.03046875
2 0.52734375 0.19296875 0.0421875 0.02734375
2 0.05546875 0.3328125 0.03828125 0.021875
2 0.065625 0.4875 0.04453125 0.0203125
2 0.06015625 0.45703125 0.0328125 0.02734375
2 0.0890625 0.44765625 0.02734375 0.03671875
2 0.12421875 0.4296875 0.0375 0.03203125
2 0.121875 0.56640625 0.040625 0.034375
2 0.159375 0.56953125 0.04375 0.03203125
2 0.51484375 0.5515625 0.04375 0.0265625
2 0.83359375 0.46796875 0.04453125 0.02421875
2 0.659375 0.66171875 0.075 0.01484375
2 0.7078125 0.840625 0.04921875 0.01796875
2 0.7703125 0.8109375 0.0515625 0.0203125
2 0.41328125 0.825 0.053125 0.02265625
2 0.42265625 0.7109375 0.04921875 0.0359375
2 0.3046875 0.77421875 0.04921875 0.0171875
2 0.3453125 0.77109375 0.046875 0.0296875
2 0.27890625 0.85078125 0.05 0.0265625
2 0.08359375 0.77421875 0.046875 0.0203125
2 0.11328125 0.8296875 0.05 0.0234375
2 0.0828125 0.71484375 0.05234375 0.0234375
2 0.09140625 0.69453125 0.0390625 0.01640625
2 0.81640625 0.18046875 0.04765625 0.01875
2 0.4 0.496875 0.03828125 0.02734375