0 0.89921875 0.28984375 0.021875 0.053125
0 0.9125 0.43984375 0.01875 0.046875
0 0.9328125 0.3203125 0.01875 0.06875
0 0.88984375 0.03046875 0.021875 0.0609375
0 0.953125 0.15546875 0.01875 0.053125
0 0.7453125 0.15625 0.01875 0.0546875
0 0.6515625 0.15 0.01875 0.040625
0 0.71015625 0.26796875 0.021875 0.0515625
0 0.7578125 0.58203125 0.0171875 0.040625
0 0.89609375 0.57421875 0.025 0.040625
0 0.6796875 0.5796875 0.025 0.0515625
0 0.77890625 0.9453125 0.021875 0.05625
0 0.7484375 0.96875 0.025 0.0625
0 0.9203125 0.725 0.028125 0.0421875
0 0.88515625 0.9703125 0.025 0.059375
0 0.9 0.97578125 0.015625 0.0484375
0 0.734375 0.8515625 0.0234375 0.075
0 0.38828125 0.4484375 0.0328125 0.040625
0 0.37890625 0.69765625 0.034375 0.053125
0 0.38984375 0.97265625 0.025 0.0546875
0 0.45546875 0.19921875 0.0234375 0.05
0 0.4515625 0.02421875 0.025 0.0484375
0 0.271875 0.05859375 0.025 0.046875
0 0.27734375 0.31015625 0.0234375 0.053125
0 0.46171875 0.86015625 0.01875 0.0484375
0 0.2078125 0.890625 0.0375 0.03125
0 0.21953125 0.76484375 0.034375 0.040625
0 0.19609375 0.60234375 0.0234375 0.05625
0 0.1453125 0.6453125 0.01875 0.0828125
0 0.246875 0.4546875 0.021875 0.053125
0 0.17421875 0.49453125 0.025 0.078125
0 0.121875 0.896875 0.03125 0.05625
0 0.8640625 0.325 0.028125 0.05625
0 0.26875 0.5359375 0.025 0.06875
0 0.23984375 0.58984375 0.0296875 0.0484375
0 0.0671875 0.8390625 0.021875 0.05
0 0.10234375 0.84765625 0.025 0.075
0 0.93125 0.95859375 0.01875 0.08125
0 0.95078125 0.41171875 0.0265625 0.090625
0 0.76953125 0.2875 0.028125 0.0796875
0 0.1671875 0.56328125 0.021875 0.075
0 0.26171875 0.6578125 0.028125 0.05625
0 0.63203125 0.9828125 0.025 0.034375
0 0.3421875 0.890625 0.0265625 0.071875
0 0.2640625 0.73828125 0.0328125 0.04375
0 0.190625 0.87734375 0.025 0.053125
0 0.803125 0.89609375 0.01875 0.0609375
0 0.31015625 0.91875 0.03125 0.0515625
0 0.78515625 0.121875 0.01875 0.04375
0 0.86953125 0.14375 0.03125 0.040625
0 0.80625 0.21171875 0.025 0.05
0 0.8640625 0.44921875 0.025 0.075
0 0.8515625 0.94296875 0.021875 0.078125
0 0.78515625 0.60390625 0.015625 0.05
0 0.77578125 0.58046875 0.015625 0.059375
0 0.21484375 0.228125 0.034375 0.0734375