0 0.00703125 0.1765625 0.0140625 0.08125
0 0.0390625 0.80546875 0.025 0.046875
0 0.08046875 0.73984375 0.021875 0.0734375
0 0.0921875 0.890625 0.028125 0.0640625
0 0.11640625 0.79609375 0.0234375 0.0640625
0 0.121875 0.8140625 0.021875 0.0671875
0 0.11328125 0.48359375 0.021875 0.05
0 0.134375 0.6578125 0.01875 0.053125
0 0.14921875 0.303125 0.01875 0.05625
0 0.1296875 0.3328125 0.0140625 0.065625
0 0.13046875 0.08984375 0.021875 0.0734375
0 0.0765625 0.178125 0.025 0.065625
0 0.2296875 0.4078125 0.0265625 0.0390625
0 0.2140625 0.434375 0.0203125 0.040625
0 0.2375 0.75234375 0.021875 0.0625
0 0.19296875 0.7890625 0.01875 0.059375
0 0.34140625 0.596875 0.021875 0.059375
0 0.3328125 0.55078125 0.025 0.0375
0 0.38359375 0.76015625 0.0234375 0.05
0 0.159375 0.959375 0.03125 0.0625
0 0.1046875 0.0171875 0.021875 0.034375
0 0.296875 0.67421875 0.021875 0.06875
0 0.321875 0.73984375 0.0265625 0.059375
0 0.41640625 0.5578125 0.025 0.046875
0 0.44453125 0.61875 0.0234375 0.0578125
0 0.48046875 0.2171875 0.0203125 0.071875
0 0.51171875 0.4078125 0.034375 0.03125
0 0.59921875 0.134375 0.0359375 0.065625
0 0.6015625 0.03515625 0.01875 0.05625
0 0.56796875 0.6984375 0.021875 0.0578125
0 0.6171875 0.675 0.0234375 0.071875
0 0.728125 0.42265625 0.03125 0.04375
0 0.74375 0.26796875 0.021875 0.059375
0 0.8390625 0.30859375 0.03125 0.0375
0 0.8265625 0.51640625 0.025 0.0640625
0 0.81953125 0.34453125 0.025 0.065625
0 0.7921875 0.41171875 0.01875 0.053125
0 0.89453125 0.45 0.025 0.05
0 0.83203125 0.65703125 0.0296875 0.0515625
0 0.84140625 0.5359375 0.028125 0.0640625
0 0.9125 0.659375 0.03125 0.0578125
0 0.92578125 0.32890625 0.028125 0.0625
0 0.9765625 0.18046875 0.0375 0.0640625