0 0.078125 0.103125 0.0640625 0.025
0 0.203125 0.1421875 0.065625 0.03203125
0 0.63359375 0.08125 0.078125 0.03125
0 0.640625 0.0671875 0.08203125 0.0171875
0 0.5609375 0.12734375 0.06015625 0.0203125
0 0.7078125 0.11484375 0.0765625 0.02421875
0 0.3984375 0.17265625 0.0640625 0.0234375
0 0.69296875 0.18828125 0.05546875 0.0265625
0 0.6296875 0.23671875 0.06015625 0.02421875
0 0.34609375 0.2140625 0.0734375 0.01875
0 0.49140625 0.3109375 0.0609375 0.034375
0 0.51875 0.296875 0.05390625 0.03515625
0 0.61484375 0.284375 0.05546875 0.0296875
0 0.76015625 0.3359375 0.04609375 0.0296875
0 0.91171875 0.2953125 0.0625 0.04140625
0 0.95625 0.284375 0.0640625 0.0421875
0 0.7171875 0.41484375 0.0625 0.02734375
0 0.57578125 0.40078125 0.04765625 0.0328125
0 0.803125 0.421875 0.0390625 0.025
0 0.25390625 0.465625 0.06015625 0.02734375
0 0.64453125 0.46875 0.078125 0.0234375
0 0.696875 0.56484375 0.06015625 0.021875
0 0.8140625 0.621875 0.05859375 0.02109375
0 0.88515625 0.56015625 0.0390625 0.02734375
0 0.803125 0.48359375 0.05546875 0.02890625
0 0.02578125 0.60703125 0.05078125 0.0203125
0 0.7828125 0.65859375 0.0734375 0.01953125
0 0.26171875 0.74609375 0.0625 0.01875
0 0.37109375 0.8296875 0.0578125 0.02421875
0 0.4703125 0.84140625 0.06875 0.03203125
0 0.55234375 0.88515625 0.0578125 0.0265625
0 0.72734375 0.85 0.0515625 0.01953125
0 0.721875 0.90625 0.06875 0.0375
0 0.47109375 0.9328125 0.075 0.021875
0 0.284375 0.95234375 0.06640625 0.02890625
0 0.16640625 0.95625 0.0546875 0.03671875
0 0.14609375 0.6 0.06171875 0.0296875
0 0.884375 0.12265625 0.0578125 0.0203125
0 0.18984375 0.11484375 0.07734375 0.02421875
0 0.65234375 0.01015625 0.06640625 0.01953125
0 0.4890625 0.8203125 0.06484375 0.028125
0 0.1890625 0.77578125 0.0734375 0.0203125