0 0.07578125 0.07890625 0.0265625 0.08125
0 0.04453125 0.059375 0.028125 0.06875
0 0.08359375 0.45234375 0.0296875 0.071875
0 0.08671875 0.49453125 0.03125 0.0625
0 0.11953125 0.1609375 0.015625 0.0734375
0 0.11484375 0.05390625 0.025 0.0578125
0 0.134375 0.215625 0.025 0.090625
0 0.13515625 0.290625 0.028125 0.065625
0 0.15234375 0.5265625 0.03125 0.0765625
0 0.165625 0.40234375 0.034375 0.0625
0 0.25078125 0.44609375 0.021875 0.065625
0 0.23984375 0.19375 0.03125 0.0390625
0 0.29296875 0.825 0.028125 0.0546875
0 0.12578125 0.6375 0.021875 0.0546875
0 0.14375 0.7203125 0.0296875 0.0640625
0 0.171875 0.70703125 0.01875 0.0625
0 0.2671875 0.98125 0.025 0.03125
0 0.31796875 0.95078125 0.015625 0.046875
0 0.5734375 0.63046875 0.0265625 0.0515625
0 0.48359375 0.365625 0.0171875 0.04375
0 0.48125 0.39921875 0.021875 0.0375
0 0.496875 0.2234375 0.021875 0.046875
0 0.47578125 0.06015625 0.0234375 0.0515625
0 0.525 0.178125 0.0203125 0.05
0 0.540625 0.0453125 0.015625 0.040625
0 0.628125 0.359375 0.03125 0.04375
0 0.50234375 0.78046875 0.0234375 0.05
0 0.678125 0.825 0.01875 0.059375
0 0.5921875 0.7578125 0.03125 0.065625
0 0.7640625 0.25859375 0.0296875 0.0609375
0 0.7765625 0.6125 0.021875 0.0515625
0 0.7296875 0.4671875 0.0234375 0.05
0 0.7578125 0.09921875 0.01875 0.053125
0 0.6875 0.0703125 0.0296875 0.0359375
0 0.8171875 0.13515625 0.0203125 0.05
0 0.8296875 0.528125 0.0140625 0.06875
0 0.840625 0.671875 0.0296875 0.059375
0 0.8859375 0.77578125 0.03125 0.06875
0 0.95859375 0.50078125 0.0296875 0.0625
0 0.94140625 0.2578125 0.0390625 0.0375
0 0.95859375 0.215625 0.03125 0.0578125