0 0.09296875 0.684375 0.03125 0.05625
0 0.14375 0.43515625 0.0375 0.0515625
0 0.128125 0.49609375 0.01875 0.04375
0 0.1015625 0.54453125 0.028125 0.0875
0 0.06796875 0.5703125 0.021875 0.0515625
0 0.16328125 0.52578125 0.0390625 0.059375
0 0.16328125 0.60859375 0.01875 0.046875
0 0.15 0.14296875 0.0375 0.078125
0 0.23515625 0.27890625 0.046875 0.0453125
0 0.24296875 0.36796875 0.0203125 0.0828125
0 0.303125 0.59375 0.025 0.0515625
0 0.18515625 0.83125 0.0265625 0.0671875
0 0.13515625 0.74375 0.025 0.06875
0 0.2546875 0.53203125 0.03125 0.071875
0 0.45078125 0.49375 0.028125 0.0640625
0 0.4828125 0.365625 0.0375 0.0625
0 0.540625 0.7375 0.059375 0.0625
0 0.63203125 0.35 0.0375 0.090625
0 0.621875 0.2453125 0.0359375 0.0609375
0 0.71484375 0.3 0.034375 0.078125
0 0.68984375 0.5140625 0.0375 0.0609375
0 0.8109375 0.53515625 0.0484375 0.05625
0 0.75859375 0.6578125 0.053125 0.075
0 0.84375 0.36796875 0.03125 0.1
0 0.85 0.1265625 0.028125 0.0765625
0 0.8546875 0.6484375 0.0375 0.084375
0 0.59609375 0.82109375 0.0359375 0.053125
0 0.67890625 0.7 0.040625 0.096875
0 0.46953125 0.81875 0.040625 0.0890625
0 0.38828125 0.7828125 0.040625 0.0875
0 0.43359375 0.81484375 0.0296875 0.08125
0 0.440625 0.71953125 0.034375 0.0703125