0 0.79609375 0.034375 0.075 0.0203125
0 0.7046875 0.06171875 0.0609375 0.025
0 0.91875 0.12265625 0.0609375 0.01875
0 0.85546875 0.12109375 0.05 0.0265625
0 0.4359375 0.121875 0.0578125 0.0234375
0 0.421875 0.09296875 0.0578125 0.0203125
0 0.34921875 0.07890625 0.071875 0.0171875
0 0.15 0.075 0.06875 0.01875
0 0.37265625 0.0375 0.08125 0.01875
0 0.21640625 0.0203125 0.065625 0.021875
0 0.02109375 0.0703125 0.0421875 0.025
0 0.35078125 0.16640625 0.059375 0.0234375
0 0.2890625 0.1984375 0.05625 0.021875
0 0.515625 0.2375 0.04375 0.03125
0 0.50546875 0.2484375 0.0421875 0.0265625
0 0.48359375 0.29765625 0.05 0.015625
0 0.465625 0.36328125 0.0421875 0.025
0 0.05 0.3375 0.04375 0.021875
0 0.865625 0.421875 0.059375 0.03125
0 0.97421875 0.28984375 0.0515625 0.021875
0 0.94140625 0.5265625 0.06875 0.021875
0 0.73515625 0.50546875 0.0625 0.0171875
0 0.834375 0.49765625 0.05625 0.0328125
0 0.29921875 0.57421875 0.065625 0.01875
0 0.41875 0.66328125 0.071875 0.028125
0 0.6515625 0.75859375 0.0640625 0.028125
0 0.77265625 0.71953125 0.0796875 0.021875
0 0.80078125 0.69921875 0.071875 0.021875
0 0.85625 0.7765625 0.053125 0.021875
0 0.56015625 0.81796875 0.05 0.0265625
0 0.88515625 0.83125 0.059375 0.025
0 0.09375 0.5703125 0.059375 0.0234375
0 0.01875 0.74921875 0.0375 0.0296875
0 0.33046875 0.23671875 0.0421875 0.0296875
0 0.65078125 0.5515625 0.0703125 0.015625
0 0.409375 0.81171875 0.065625 0.01875
0 0.95234375 0.95546875 0.071875 0.0234375
0 0.7296875 0.93046875 0.06875 0.0203125
0 0.90078125 0.15859375 0.059375 0.021875
0 0.153125 0.93828125 0.071875 0.0203125