0 0.06171875 0.084375 0.06484375 0.02421875
0 0.29375 0.14140625 0.05703125 0.0265625
0 0.3078125 0.1625 0.03984375 0.01953125
0 0.51640625 0.1671875 0.04296875 0.025
0 0.91875 0.05703125 0.0578125 0.01875
0 0.76796875 0.0078125 0.05078125 0.015625
0 0.08828125 0.16796875 0.04140625 0.02578125
0 0.18828125 0.153125 0.05078125 0.02265625
0 0.6015625 0.26953125 0.05234375 0.0234375
0 0.690625 0.2578125 0.059375 0.021875
0 0.47109375 0.32890625 0.05234375 0.0328125
0 0.36328125 0.34765625 0.046875 0.0328125
0 0.15 0.0859375 0.06484375 0.0265625
0 0.87578125 0.11171875 0.059375 0.025
0 0.42890625 0.1140625 0.059375 0.0171875
0 0.37734375 0.5734375 0.06328125 0.0234375
0 0.3875 0.509375 0.05078125 0.02734375
0 0.1015625 0.584375 0.0484375 0.0234375
0 0.15234375 0.5671875 0.0609375 0.0234375
0 0.1953125 0.60234375 0.04296875 0.0203125
0 0.33515625 0.62734375 0.0625 0.025
0 0.71796875 0.63828125 0.0265625 0.0265625
0 0.42109375 0.68984375 0.05390625 0.03046875
0 0.51328125 0.71328125 0.05078125 0.01875
0 0.08125 0.68984375 0.0390625 0.028125
0 0.30234375 0.72265625 0.05703125 0.01953125
0 0.08671875 0.77109375 0.0609375 0.02109375
0 0.25625 0.77109375 0.05078125 0.02890625
0 0.30703125 0.78125 0.05 0.0234375
0 0.4671875 0.80078125 0.046875 0.028125
0 0.3609375 0.74375 0.071875 0.025
0 0.475 0.878125 0.0703125 0.02578125
0 0.28203125 0.84453125 0.0609375 0.02734375
0 0.1390625 0.8765625 0.03984375 0.03359375
0 0.88828125 0.26171875 0.04453125 0.02890625
0 0.93515625 0.27109375 0.04609375 0.025
0 0.80859375 0.87421875 0.0421875 0.040625
0 0.715625 0.70234375 0.04296875 0.025
0 0.58984375 0.7703125 0.04453125 0.02109375
0 0.95390625 0.9375 0.06171875 0.0234375