2 0.96484375 0.85234375 0.034375 0.065625
2 0.93671875 0.67890625 0.0265625 0.0703125
2 0.90078125 0.48203125 0.028125 0.065625
2 0.84375 0.275 0.021875 0.0703125
2 0.90703125 0.05859375 0.0203125 0.1
2 0.8421875 0.93515625 0.03125 0.04375
2 0.8609375 0.68984375 0.0234375 0.0609375
2 0.82265625 0.90546875 0.0265625 0.04375
2 0.81875 0.56015625 0.021875 0.046875
2 0.75 0.44765625 0.0203125 0.059375
2 0.71171875 0.040625 0.0203125 0.028125
2 0.66796875 0.9265625 0.03125 0.034375
2 0.6390625 0.884375 0.028125 0.0421875
2 0.65703125 0.7890625 0.0234375 0.046875
2 0.509375 0.52109375 0.0296875 0.046875
2 0.609375 0.25546875 0.03125 0.05
2 0.54609375 0.20625 0.0140625 0.059375
2 0.546875 0.76328125 0.040625 0.05
2 0.471875 0.96015625 0.028125 0.03125
2 0.484375 0.87265625 0.0375 0.034375
2 0.50859375 0.82421875 0.034375 0.0265625
2 0.38984375 0.86015625 0.0375 0.04375
2 0.30390625 0.8125 0.034375 0.0625
2 0.41171875 0.609375 0.03125 0.034375
2 0.1859375 0.60078125 0.028125 0.053125
2 0.2125 0.809375 0.0203125 0.05625
2 0.140625 0.7171875 0.015625 0.0609375
2 0.14375 0.35859375 0.021875 0.078125
2 0.16484375 0.16015625 0.025 0.06875
2 0.26015625 0.4484375 0.025 0.06875
2 0.2890625 0.21015625 0.0203125 0.0484375
2 0.24609375 0.1140625 0.03125 0.040625
2 0.18046875 0.978125 0.034375 0.04375
2 0.14453125 0.33046875 0.015625 0.053125