0 0.89375 0.034375 0.07421875 0.040625
0 0.0984375 0.028125 0.12890625 0.021875
0 0.0640625 0.04375 0.06328125 0.0203125
0 0.0578125 0.13203125 0.090625 0.01640625
0 0.32734375 0.05859375 0.05390625 0.03046875
0 0.3171875 0.13515625 0.0734375 0.02890625
0 0.38984375 0.1421875 0.090625 0.0234375
0 0.8359375 0.134375 0.0484375 0.03203125
0 0.89765625 0.178125 0.053125 0.0265625
0 0.79375 0.165625 0.05859375 0.03515625
0 0.7375 0.09609375 0.046875 0.03359375
0 0.2015625 0.15859375 0.0859375 0.02578125
0 0.22578125 0.19765625 0.04921875 0.0203125
0 0.12890625 0.1765625 0.078125 0.0265625
0 0.521875 0.221875 0.078125 0.02734375
0 0.5265625 0.2015625 0.05234375 0.03359375
0 0.56015625 0.2640625 0.04296875 0.021875
0 0.30390625 0.23046875 0.04375 0.02421875
0 0.3453125 0.353125 0.0546875 0.03046875
0 0.640625 0.3109375 0.0703125 0.03359375
0 0.89375 0.21875 0.0515625 0.01640625
0 0.96640625 0.2453125 0.0671875 0.025
0 0.921875 0.28984375 0.0484375 0.02109375
0 0.8125 0.3140625 0.0859375 0.015625
0 0.778125 0.28984375 0.05625 0.0140625
0 0.7890625 0.4203125 0.09375 0.021875
0 0.74296875 0.4515625 0.0546875 0.0296875
0 0.5875 0.575 0.09140625 0.01875
0 0.39375 0.70078125 0.0765625 0.028125
0 0.73359375 0.70078125 0.0484375 0.0453125
0 0.91484375 0.696875 0.03671875 0.0296875
0 0.9625 0.6921875 0.03203125 0.02421875
0 0.56171875 0.75 0.07109375 0.03359375
0 0.55859375 0.7921875 0.0484375 0.0265625
0 0.36328125 0.7921875 0.04765625 0.02734375
0 0.24765625 0.759375 0.04296875 0.0265625
0 0.07734375 0.77109375 0.04765625 0.0171875
0 0.025 0.775 0.0453125 0.02265625
0 0.21171875 0.85546875 0.05 0.021875
0 0.31640625 0.8453125 0.0515625 0.0296875
0 0.3484375 0.8390625 0.04375 0.02578125
0 0.18125 0.81796875 0.09296875 0.03046875
0 0.115625 0.86796875 0.059375 0.0125
0 0.178125 0.9109375 0.065625 0.02734375
0 0.15234375 0.9546875 0.03828125 0.02265625
0 0.14921875 0.9359375 0.03515625 0.01484375
0 0.05859375 0.96796875 0.07890625 0.02890625
0 0.4078125 0.965625 0.08828125 0.02890625
0 0.34453125 0.92109375 0.05625 0.028125
0 0.203125 0.89296875 0.03828125 0.01875
0 0.51953125 0.8515625 0.034375 0.01796875
0 0.5546875 0.865625 0.05703125 0.02578125
0 0.84375 0.86171875 0.07265625 0.0171875
0 0.86953125 0.83203125 0.0671875 0.0234375
0 0.58515625 0.9375 0.078125 0.021875
0 0.7640625 0.9875 0.08203125 0.025