0 0.94921875 0.8203125 0.03125 0.0765625
0 0.97734375 0.825 0.021875 0.05
0 0.9109375 0.70078125 0.015625 0.0375
0 0.92265625 0.4375 0.015625 0.040625
0 0.90234375 0.28203125 0.015625 0.040625
0 0.84296875 0.18046875 0.025 0.05
0 0.81015625 0.5953125 0.0296875 0.0625
0 0.828125 0.9171875 0.028125 0.04375
0 0.728125 0.54609375 0.028125 0.059375
0 0.69375 0.97578125 0.0234375 0.0484375
0 0.72421875 0.88515625 0.034375 0.0484375
0 0.65703125 0.17578125 0.040625 0.028125
0 0.67734375 0.1421875 0.025 0.0625
0 0.70625 0.15703125 0.0296875 0.08125
0 0.946875 0.37109375 0.025 0.040625
0 0.97734375 0.48046875 0.01875 0.0421875
0 0.85625 0.71796875 0.025 0.0609375
0 0.8546875 0.9203125 0.01875 0.06875
0 0.8984375 0.92265625 0.015625 0.04375
0 0.49375 0.7265625 0.05625 0.06875
0 0.534375 0.7015625 0.028125 0.046875
0 0.475 0.4046875 0.025 0.0265625
0 0.60078125 0.19140625 0.021875 0.059375
0 0.41953125 0.76171875 0.028125 0.05625
0 0.4328125 0.67265625 0.021875 0.05625
0 0.3625 0.67421875 0.0375 0.0609375
0 0.32734375 0.85078125 0.0265625 0.0453125
0 0.24375 0.51328125 0.0328125 0.04375
0 0.1796875 0.06171875 0.03125 0.05
0 0.11796875 0.2265625 0.0234375 0.040625
0 0.046875 0.7765625 0.0390625 0.09375
0 0.13515625 0.575 0.03125 0.0609375
0 0.19609375 0.49921875 0.015625 0.096875
0 0.1671875 0.7328125 0.0203125 0.0578125
0 0.15859375 0.4453125 0.03125 0.071875
0 0.18125 0.89140625 0.034375 0.05625
0 0.140625 0.325 0.0265625 0.028125
0 0.43125 0.2359375 0.0390625 0.059375