2 0.18203125 0.76015625 0.021875 0.10625
2 0.19375 0.68203125 0.0234375 0.0453125
2 0.21875 0.728125 0.01875 0.0625
2 0.26953125 0.70390625 0.0234375 0.05625
2 0.1921875 0.128125 0.009375 0.0375
2 0.146875 0.26796875 0.021875 0.059375
2 0.2015625 0.05234375 0.0375 0.0828125
2 0.38828125 0.2171875 0.03125 0.0359375
2 0.36484375 0.146875 0.025 0.0484375
2 0.440625 0.2640625 0.01875 0.034375
2 0.4328125 0.3578125 0.0265625 0.046875
2 0.39609375 0.6125 0.0234375 0.040625
2 0.35703125 0.5375 0.0265625 0.0625
2 0.44453125 0.74140625 0.0328125 0.06875
2 0.36484375 0.84921875 0.0375 0.059375
2 0.5421875 0.74921875 0.0265625 0.0625
2 0.50546875 0.62109375 0.028125 0.084375
2 0.54375 0.44921875 0.01875 0.040625
2 0.55625 0.14375 0.025 0.040625
2 0.92109375 0.2296875 0.025 0.08125
2 0.89453125 0.31640625 0.015625 0.0515625
2 0.86875 0.33046875 0.025 0.0671875
2 0.8546875 0.25859375 0.0203125 0.08125
2 0.82421875 0.33828125 0.03125 0.0375
2 0.87734375 0.6953125 0.028125 0.0625
2 0.875 0.8109375 0.034375 0.0640625
2 0.8484375 0.765625 0.028125 0.06875
2 0.8078125 0.6546875 0.021875 0.0609375
2 0.84140625 0.5765625 0.015625 0.059375
2 0.6875 0.66171875 0.01875 0.0640625
2 0.63984375 0.8234375 0.025 0.0640625
2 0.725 0.325 0.0265625 0.075