0 0.8921875 0.09921875 0.0578125 0.02734375
0 0.21640625 0.13671875 0.05859375 0.03203125
0 0.4328125 0.22265625 0.08359375 0.03515625
0 0.38828125 0.29921875 0.05625 0.02578125
0 0.09375 0.20703125 0.04765625 0.021875
0 0.025 0.23671875 0.040625 0.02578125
0 0.040625 0.31875 0.0578125 0.02421875
0 0.65234375 0.3015625 0.0515625 0.02578125
0 0.48984375 0.28671875 0.0484375 0.02109375
0 0.62890625 0.2625 0.05390625 0.0203125
0 0.89765625 0.28359375 0.071875 0.02265625
0 0.8203125 0.3140625 0.0609375 0.021875
0 0.26328125 0.41015625 0.04765625 0.0265625
0 0.45546875 0.53828125 0.059375 0.02578125
0 0.66953125 0.51015625 0.04921875 0.02734375
0 0.65390625 0.5859375 0.0484375 0.021875
0 0.653125 0.5640625 0.05625 0.0234375
0 0.5453125 0.665625 0.07265625 0.0265625
0 0.44765625 0.640625 0.08515625 0.0390625
0 0.45078125 0.73203125 0.075 0.0328125
0 0.1953125 0.7171875 0.07578125 0.02734375
0 0.146875 0.74765625 0.06796875 0.03046875
0 0.196875 0.784375 0.04921875 0.01953125
0 0.15 0.7875 0.04765625 0.01953125
0 0.05078125 0.73984375 0.0390625 0.0265625
0 0.0921875 0.753125 0.02421875 0.01796875
0 0.15625 0.8328125 0.06484375 0.0171875
0 0.32109375 0.8578125 0.0453125 0.0203125
0 0.415625 0.834375 0.04765625 0.021875
0 0.35234375 0.83046875 0.0453125 0.0203125
0 0.10234375 0.8859375 0.05546875 0.01875
0 0.08203125 0.91640625 0.0421875 0.01796875
0 0.621875 0.89921875 0.05859375 0.02421875
0 0.540625 0.3765625 0.08125 0.02421875
0 0.54375 0.55 0.0546875 0.04296875
0 0.321875 0.5984375 0.07890625 0.02265625
0 0.05234375 0.5984375 0.05234375 0.025