2 0.03515625 0.14765625 0.034375 0.065625
2 0.06328125 0.32109375 0.0265625 0.0703125
2 0.09921875 0.51796875 0.028125 0.065625
2 0.15625 0.725 0.021875 0.0703125
2 0.09296875 0.94140625 0.0203125 0.1
2 0.1578125 0.06484375 0.03125 0.04375
2 0.1390625 0.31015625 0.0234375 0.059375
2 0.17734375 0.09453125 0.0265625 0.04375
2 0.18125 0.43984375 0.021875 0.046875
2 0.25 0.55234375 0.0203125 0.059375
2 0.28828125 0.959375 0.0203125 0.028125
2 0.33203125 0.0734375 0.03125 0.034375
2 0.3609375 0.115625 0.028125 0.0421875
2 0.34296875 0.2109375 0.0234375 0.046875
2 0.490625 0.47890625 0.0296875 0.046875
2 0.390625 0.74453125 0.03125 0.05
2 0.45390625 0.79375 0.0140625 0.059375
2 0.453125 0.23671875 0.040625 0.05
2 0.528125 0.03984375 0.028125 0.03125
2 0.515625 0.12734375 0.0375 0.034375
2 0.49140625 0.17578125 0.034375 0.0265625
2 0.61015625 0.13984375 0.0375 0.04375
2 0.69609375 0.1875 0.034375 0.0625
2 0.58828125 0.390625 0.03125 0.034375
2 0.8140625 0.39921875 0.028125 0.053125
2 0.7875 0.190625 0.0203125 0.05625
2 0.859375 0.2828125 0.015625 0.059375
2 0.85625 0.64140625 0.021875 0.0796875
2 0.83515625 0.83984375 0.025 0.06875
2 0.73984375 0.5515625 0.025 0.06875
2 0.7109375 0.78984375 0.0203125 0.0484375
2 0.75390625 0.8859375 0.03125 0.040625
2 0.81953125 0.021875 0.034375 0.04375
2 0.85546875 0.66953125 0.015625 0.0546875