0 0.896875 0.7953125 0.01875 0.065625
0 0.92265625 0.43984375 0.021875 0.0453125
0 0.921875 0.1984375 0.015625 0.0671875
0 0.878125 0.3640625 0.021875 0.071875
0 0.9859375 0.39453125 0.021875 0.0625
0 0.95390625 0.16953125 0.0203125 0.0546875
0 0.8640625 0.77265625 0.01875 0.0734375
0 0.8328125 0.49296875 0.0171875 0.0625
0 0.82890625 0.1859375 0.0203125 0.04375
0 0.76953125 0.6875 0.025 0.05
0 0.703125 0.8015625 0.025 0.0359375
0 0.72578125 0.7765625 0.025 0.03125
0 0.73515625 0.07109375 0.021875 0.040625
0 0.60859375 0.2390625 0.025 0.05625
0 0.48046875 0.85234375 0.01875 0.0625
0 0.50546875 0.42109375 0.015625 0.075
0 0.40390625 0.4625 0.01875 0.0671875
0 0.38515625 0.45234375 0.025 0.0375
0 0.35 0.17890625 0.028125 0.05
0 0.353125 0.125 0.025 0.053125
0 0.328125 0.7921875 0.028125 0.046875
0 0.31875 0.9109375 0.03125 0.05625
0 0.2671875 0.52890625 0.0203125 0.06875
0 0.2328125 0.73203125 0.021875 0.0625
0 0.2734375 0.7 0.0203125 0.065625
0 0.23203125 0.278125 0.01875 0.0578125
0 0.12890625 0.871875 0.021875 0.06875
0 0.034375 0.696875 0.021875 0.071875
0 0.02890625 0.53125 0.028125 0.096875
0 0.1171875 0.6921875 0.028125 0.065625
0 0.1140625 0.73515625 0.01875 0.053125
0 0.053125 0.978125 0.03125 0.03125
0 0.121875 0.3734375 0.01875 0.0671875
0 0.1859375 0.4859375 0.015625 0.05
0 0.19296875 0.5515625 0.01875 0.0671875
0 0.89140625 0.1359375 0.028125 0.05
0 0.2796875 0.4515625 0.040625 0.059375
0 0.21953125 0.8390625 0.0265625 0.0671875
0 0.40234375 0.14453125 0.021875 0.0609375