2 0.3796875 0.09921875 0.0640625 0.01796875
2 0.1578125 0.059375 0.04375 0.02890625
2 0.2015625 0.09609375 0.0515625 0.01875
2 0.05546875 0.1203125 0.040625 0.028125
2 0.0625 0.184375 0.05 0.0203125
2 0.1875 0.32421875 0.0265625 0.03046875
2 0.20390625 0.36171875 0.025 0.0296875
2 0.16953125 0.22265625 0.046875 0.028125
2 0.2171875 0.17734375 0.0328125 0.02734375
2 0.28984375 0.16171875 0.0375 0.0171875
2 0.01640625 0.23828125 0.0328125 0.02890625
2 0.0703125 0.5578125 0.05390625 0.02890625
2 0.71875 0.62890625 0.05390625 0.01875
2 0.6828125 0.46953125 0.0546875 0.0265625
2 0.07265625 0.6296875 0.046875 0.0265625
2 0.5328125 0.76796875 0.0375 0.0140625
2 0.7453125 0.71640625 0.0640625 0.025
2 0.80625 0.72734375 0.03046875 0.03359375
2 0.41796875 0.8078125 0.05390625 0.01640625
2 0.615625 0.82578125 0.05 0.015625
2 0.77265625 0.859375 0.05234375 0.01640625
2 0.771875 0.85078125 0.06875 0.0140625
2 0.89140625 0.8390625 0.0515625 0.01328125
2 0.42734375 0.8640625 0.0703125 0.0171875
2 0.31328125 0.24296875 0.0640625 0.01796875
2 0.87890625 0.08828125 0.05 0.02109375
2 0.98984375 0.8671875 0.0203125 0.028125