2 0.79375 0.0921875 0.06875 0.02265625
2 0.859375 0.11953125 0.053125 0.02421875
2 0.8125 0.1125 0.03515625 0.0171875
2 0.82109375 0.078125 0.05625 0.02578125
2 0.54921875 0.140625 0.065625 0.02734375
2 0.33515625 0.0984375 0.06484375 0.02890625
2 0.296875 0.0875 0.07265625 0.021875
2 0.1484375 0.03671875 0.06640625 0.01953125
2 0.21328125 0.14296875 0.0609375 0.04140625
2 0.1296875 0.13984375 0.09921875 0.01875
2 0.3515625 0.2984375 0.05234375 0.0234375
2 0.73828125 0.30390625 0.04140625 0.025
2 0.96796875 0.31875 0.0640625 0.025
2 0.93359375 0.153125 0.06015625 0.01953125
2 0.9015625 0.17109375 0.04296875 0.0234375
2 0.15546875 0.42109375 0.08671875 0.0328125
2 0.23359375 0.42578125 0.05 0.03046875
2 0.55078125 0.478125 0.05078125 0.0234375
2 0.4375 0.4515625 0.05625 0.02421875
2 0.87265625 0.42265625 0.0578125 0.02109375
2 0.8859375 0.46640625 0.0328125 0.02109375
2 0.78515625 0.553125 0.0359375 0.0375
2 0.8609375 0.64375 0.0640625 0.01953125
2 0.68359375 0.665625 0.0671875 0.02890625
2 0.62109375 0.61875 0.0515625 0.01953125
2 0.265625 0.56328125 0.03359375 0.0203125
2 0.3046875 0.60703125 0.04609375 0.02109375
2 0.1921875 0.65078125 0.05546875 0.02265625
2 0.146875 0.69375 0.0296875 0.0171875
2 0.646875 0.76015625 0.05390625 0.02578125
2 0.58828125 0.7828125 0.071875 0.03046875
2 0.953125 0.728125 0.04921875 0.025
2 0.8125 0.82421875 0.05859375 0.03203125
2 0.940625 0.84296875 0.0609375 0.02421875
2 0.3421875 0.44296875 0.0546875 0.0234375