0 0.9859375 0.8125 0.025 0.1046875
0 0.7859375 0.95078125 0.025 0.090625
0 0.95234375 0.1890625 0.028125 0.0625
0 0.96796875 0.24296875 0.01875 0.1
0 0.934375 0.14296875 0.028125 0.075
0 0.8828125 0.33828125 0.0234375 0.0671875
0 0.88125 0.6265625 0.034375 0.071875
0 0.82421875 0.52109375 0.0375 0.090625
0 0.80546875 0.56640625 0.025 0.0796875
0 0.82578125 0.37734375 0.03125 0.0671875
0 0.86328125 0.45625 0.034375 0.0546875
0 0.77578125 0.40234375 0.0375 0.053125
0 0.7859375 0.2359375 0.0328125 0.08125
0 0.70390625 0.91171875 0.0375 0.0796875
0 0.63828125 0.54765625 0.028125 0.0625
0 0.72578125 0.69140625 0.0328125 0.0703125
0 0.73515625 0.025 0.0375 0.05
0 0.64765625 0.3734375 0.0328125 0.1
0 0.58125 0.84375 0.028125 0.08125
0 0.52734375 0.86640625 0.040625 0.09375
0 0.56171875 0.909375 0.0375 0.053125
0 0.5 0.646875 0.03125 0.075
0 0.40546875 0.42109375 0.0375 0.103125
0 0.34609375 0.17578125 0.0453125 0.0703125
0 0.30703125 0.76015625 0.028125 0.059375
0 0.3515625 0.73125 0.034375 0.0875
0 0.2953125 0.71484375 0.0296875 0.046875
0 0.2453125 0.5546875 0.034375 0.046875
0 0.30234375 0.56640625 0.040625 0.0515625
0 0.16484375 0.13203125 0.0234375 0.06875
0 0.20390625 0.24296875 0.025 0.05
0 0.18671875 0.3890625 0.040625 0.065625
0 0.1734375 0.23203125 0.028125 0.078125
0 0.14453125 0.3484375 0.034375 0.071875
0 0.14140625 0.45625 0.0171875 0.08125
0 0.2296875 0.27109375 0.0390625 0.075
0 0.17578125 0.721875 0.0453125 0.090625
0 0.11640625 0.659375 0.0375 0.0625
0 0.10859375 0.784375 0.0375 0.0625
0 0.19375 0.878125 0.0375 0.0546875
0 0.175 0.04296875 0.034375 0.0859375
0 0.48671875 0.890625 0.021875 0.04375
0 0.421875 0.88359375 0.028125 0.059375
0 0.0890625 0.1890625 0.0234375 0.0625
0 0.0515625 0.17265625 0.021875 0.06875
0 0.10625 0.36328125 0.0296875 0.05625
0 0.40390625 0.34375 0.05 0.1