0 0.0265625 0.07734375 0.025 0.071875
0 0.08359375 0.26796875 0.03125 0.0671875
0 0.04140625 0.37421875 0.028125 0.090625
0 0.0296875 0.39375 0.021875 0.103125
0 0.01328125 0.9484375 0.0265625 0.103125
0 0.128125 0.3515625 0.028125 0.084375
0 0.20390625 0.64609375 0.0203125 0.071875
0 0.190625 0.86015625 0.034375 0.05625
0 0.2390625 0.96875 0.015625 0.0625
0 0.16796875 0.97421875 0.0296875 0.05
0 0.20078125 0.5296875 0.03125 0.040625
0 0.19453125 0.471875 0.034375 0.0375
0 0.24453125 0.51796875 0.021875 0.05625
0 0.28984375 0.50234375 0.0171875 0.075
0 0.29140625 0.4484375 0.021875 0.04375
0 0.2671875 0.17890625 0.015625 0.0640625
0 0.10546875 0.47578125 0.0265625 0.0703125
0 0.06796875 0.7 0.021875 0.084375
0 0.35234375 0.1359375 0.01875 0.028125
0 0.3171875 0.21875 0.0203125 0.0390625
0 0.3578125 0.91171875 0.03125 0.0453125
0 0.39140625 0.8640625 0.0328125 0.03125
0 0.48984375 0.37890625 0.021875 0.08125
0 0.33359375 0.61015625 0.03125 0.05625
0 0.4046875 0.54296875 0.040625 0.03125
0 0.65234375 0.578125 0.03125 0.0453125
0 0.6265625 0.91796875 0.0375 0.0546875
0 0.50390625 0.909375 0.028125 0.05625
0 0.5890625 0.41171875 0.034375 0.065625
0 0.5546875 0.30234375 0.0265625 0.0640625
0 0.60234375 0.18203125 0.01875 0.08125
0 0.59765625 0.22109375 0.01875 0.08125
0 0.6609375 0.49609375 0.025 0.053125
0 0.72734375 0.22578125 0.03125 0.059375
0 0.7546875 0.1734375 0.01875 0.078125
0 0.74609375 0.90390625 0.025 0.0640625
0 0.803125 0.63125 0.025 0.0625
0 0.853125 0.40234375 0.03125 0.053125
0 0.86328125 0.946875 0.021875 0.10625
0 0.84921875 0.9625 0.0140625 0.075
0 0.98828125 0.54140625 0.0234375 0.0578125
0 0.80625 0.19453125 0.025 0.0875
0 0.90390625 0.4453125 0.01875 0.0625
0 0.921875 0.96796875 0.028125 0.0640625
0 0.91640625 0.91484375 0.015625 0.0796875