0 0.97734375 0.20859375 0.015625 0.08125
0 0.96171875 0.17421875 0.015625 0.0484375
0 0.95859375 0.36328125 0.01875 0.05625
0 0.91484375 0.3421875 0.021875 0.0609375
0 0.9125 0.07421875 0.025 0.0453125
0 0.85234375 0.1328125 0.03125 0.053125
0 0.87265625 0.6046875 0.015625 0.0484375
0 0.82734375 0.61484375 0.01875 0.028125
0 0.79296875 0.91015625 0.015625 0.053125
0 0.81015625 0.8890625 0.0078125 0.0328125
0 0.83125 0.7078125 0.01875 0.053125
0 0.8125 0.98125 0.021875 0.0375
0 0.69375 0.93125 0.0171875 0.0390625
0 0.66171875 0.92109375 0.0234375 0.04375
0 0.5734375 0.93515625 0.03125 0.0390625
0 0.4828125 0.90390625 0.0203125 0.05625
0 0.434375 0.828125 0.01875 0.046875
0 0.4796875 0.49921875 0.0328125 0.0515625
0 0.54375 0.3015625 0.025 0.0640625
0 0.50546875 0.24140625 0.021875 0.0421875
0 0.49921875 0.0515625 0.0234375 0.05
0 0.4078125 0.39921875 0.0375 0.040625
0 0.39140625 0.29140625 0.021875 0.040625
0 0.18046875 0.1921875 0.0125 0.034375
0 0.1703125 0.2265625 0.0125 0.046875
0 0.11796875 0.43671875 0.0328125 0.046875
0 0.10078125 0.51875 0.021875 0.046875
0 0.27109375 0.221875 0.028125 0.0625
0 0.23671875 0.6625 0.021875 0.046875
0 0.2859375 0.6015625 0.01875 0.040625
0 0.14609375 0.76015625 0.025 0.071875
0 0.21640625 0.38828125 0.01875 0.0546875
0 0.1875 0.41328125 0.025 0.053125
0 0.20234375 0.44296875 0.01875 0.0375
0 0.3171875 0.68125 0.034375 0.0546875
0 0.39296875 0.878125 0.021875 0.05