0 0.890625 0.8421875 0.028125 0.040625
0 0.903125 0.753125 0.01875 0.0390625
0 0.9203125 0.94296875 0.0171875 0.04375
0 0.86875 0.66796875 0.025 0.0421875
0 0.85 0.60625 0.0375 0.046875
0 0.8421875 0.69140625 0.0203125 0.0453125
0 0.81640625 0.734375 0.01875 0.0875
0 0.7578125 0.76875 0.021875 0.071875
0 0.7328125 0.43046875 0.015625 0.071875
0 0.8140625 0.50390625 0.015625 0.05625
0 0.8515625 0.4515625 0.021875 0.05
0 0.90703125 0.25 0.021875 0.065625
0 0.7015625 0.4765625 0.015625 0.078125
0 0.6515625 0.88828125 0.025 0.0484375
0 0.6484375 0.8140625 0.021875 0.05625
0 0.68828125 0.97578125 0.0359375 0.0484375
0 0.58828125 0.82578125 0.01875 0.053125
0 0.64921875 0.08359375 0.0359375 0.0390625
0 0.56015625 0.5390625 0.0296875 0.040625
0 0.34609375 0.70859375 0.040625 0.05625
0 0.3421875 0.85390625 0.028125 0.0703125
0 0.3109375 0.55078125 0.021875 0.046875
0 0.24375 0.9484375 0.0140625 0.103125
0 0.22578125 0.21484375 0.034375 0.071875
0 0.3140625 0.11875 0.034375 0.0390625
0 0.3578125 0.071875 0.0296875 0.0421875
0 0.165625 0.153125 0.025 0.059375
0 0.1625 0.07265625 0.03125 0.040625
0 0.1671875 0.275 0.0375 0.0875
0 0.16484375 0.48828125 0.025 0.053125
0 0.140625 0.5546875 0.025 0.05625
0 0.1046875 0.56328125 0.03125 0.065625
0 0.08671875 0.77421875 0.0375 0.1109375
0 0.09921875 0.8734375 0.0171875 0.04375
0 0.103125 0.975 0.021875 0.05
0 0.03984375 0.9265625 0.0328125 0.065625
0 0.0171875 0.7125 0.021875 0.078125
0 0.02265625 0.15390625 0.03125 0.0609375
0 0.15234375 0.74453125 0.03125 0.0984375
0 0.39453125 0.2890625 0.040625 0.065625
0 0.48046875 0.27109375 0.046875 0.053125