0 0.03125 0.39140625 0.015625 0.046875
0 0.053125 0.340625 0.0296875 0.065625
0 0.1140625 0.40703125 0.021875 0.03125
0 0.165625 0.5625 0.028125 0.046875
0 0.18203125 0.34375 0.021875 0.034375
0 0.20546875 0.4890625 0.0296875 0.071875
0 0.19765625 0.84140625 0.021875 0.05
0 0.15625 0.91875 0.040625 0.04375
0 0.12265625 0.70390625 0.015625 0.0625
0 0.078125 0.07265625 0.0203125 0.028125
0 0.1015625 0.2890625 0.01875 0.021875
0 0.14765625 0.09140625 0.021875 0.0265625
0 0.21484375 0.16953125 0.021875 0.034375
0 0.25390625 0.2203125 0.028125 0.0390625
0 0.25234375 0.3234375 0.025 0.0875
0 0.4015625 0.6109375 0.0234375 0.0453125
0 0.3875 0.82734375 0.0265625 0.05625
0 0.4359375 0.64140625 0.0296875 0.021875
0 0.50234375 0.5734375 0.0171875 0.05
0 0.5328125 0.515625 0.0234375 0.0421875
0 0.50703125 0.28203125 0.01875 0.05
0 0.6328125 0.39140625 0.021875 0.0359375
0 0.6296875 0.52421875 0.028125 0.05625
0 0.5953125 0.0375 0.025 0.0375
0 0.69609375 0.3140625 0.025 0.05625
0 0.69765625 0.2 0.01875 0.0515625
0 0.78828125 0.40234375 0.015625 0.03125
0 0.75546875 0.690625 0.025 0.046875
0 0.7375 0.7796875 0.015625 0.025
0 0.88359375 0.29296875 0.025 0.034375
0 0.92734375 0.378125 0.021875 0.0296875
0 0.85546875 0.26640625 0.0203125 0.040625
0 0.8203125 0.06875 0.0203125 0.040625
0 0.8171875 0.1171875 0.0125 0.040625
0 0.98125 0.78203125 0.0234375 0.046875