0 0.9296875 0.5875 0.0359375 0.0671875
0 0.9546875 0.71328125 0.0203125 0.05
0 0.8546875 0.89140625 0.0265625 0.059375
0 0.87578125 0.8828125 0.021875 0.04375
0 0.83515625 0.26484375 0.0375 0.05
0 0.753125 0.53984375 0.0328125 0.075
0 0.6875 0.903125 0.021875 0.0796875
0 0.6625 0.46328125 0.01875 0.059375
0 0.77734375 0.2375 0.05 0.05
0 0.571875 0.82265625 0.0296875 0.065625
0 0.896875 0.096875 0.0265625 0.046875
0 0.92265625 0.43203125 0.0125 0.05
0 0.89375 0.30703125 0.028125 0.0546875
0 0.9515625 0.44375 0.01875 0.059375
0 0.834375 0.03046875 0.028125 0.040625
0 0.49375 0.2171875 0.034375 0.0625
0 0.421875 0.29609375 0.025 0.046875
0 0.38046875 0.17421875 0.028125 0.05625
0 0.45625 0.6421875 0.028125 0.096875
0 0.48203125 0.95078125 0.0375 0.0578125
0 0.496875 0.73125 0.0171875 0.053125
0 0.69765625 0.4703125 0.021875 0.0671875
0 0.78125 0.52265625 0.0296875 0.0375
0 0.2390625 0.6421875 0.01875 0.0484375
0 0.17109375 0.615625 0.021875 0.0453125
0 0.1984375 0.621875 0.015625 0.0625
0 0.2203125 0.84140625 0.021875 0.053125
0 0.10234375 0.4 0.021875 0.04375
0 0.2171875 0.37578125 0.03125 0.0625
0 0.38671875 0.08046875 0.01875 0.028125
0 0.42109375 0.0578125 0.0234375 0.053125
0 0.371875 0.04140625 0.0265625 0.0421875