0 0.06484375 0.31875 0.025 0.046875
0 0.08359375 0.446875 0.0265625 0.059375
0 0.015625 0.0421875 0.021875 0.065625
0 0.0265625 0.84453125 0.0265625 0.0828125
0 0.21953125 0.78515625 0.0375 0.0796875
0 0.27421875 0.8203125 0.03125 0.0578125
0 0.07734375 0.55625 0.03125 0.065625
0 0.165625 0.825 0.0234375 0.0578125
0 0.1796875 0.646875 0.028125 0.04375
0 0.14609375 0.04765625 0.025 0.0703125
0 0.39296875 0.7421875 0.0265625 0.046875
0 0.434375 0.6375 0.0234375 0.0484375
0 0.08671875 0.18984375 0.0234375 0.046875
0 0.1203125 0.20859375 0.021875 0.04375
0 0.29765625 0.46171875 0.034375 0.05625
0 0.24296875 0.025 0.01875 0.05
0 0.6953125 0.01796875 0.028125 0.0359375
0 0.39296875 0.3140625 0.021875 0.071875
0 0.690625 0.4015625 0.0359375 0.071875
0 0.57890625 0.18203125 0.040625 0.034375
0 0.6359375 0.65234375 0.01875 0.05
0 0.57890625 0.88359375 0.0203125 0.053125
0 0.58359375 0.5984375 0.0265625 0.040625
0 0.81015625 0.15390625 0.0234375 0.0546875
0 0.76875 0.4046875 0.021875 0.046875
0 0.76328125 0.490625 0.0125 0.046875
0 0.89765625 0.215625 0.028125 0.059375
0 0.7375 0.82578125 0.021875 0.0703125
0 0.8296875 0.39140625 0.01875 0.05625
0 0.62421875 0.10234375 0.0296875 0.0765625
0 0.76640625 0.17734375 0.040625 0.05
0 0.16484375 0.3109375 0.025 0.0734375
0 0.4671875 0.89765625 0.021875 0.059375
0 0.39921875 0.6234375 0.03125 0.071875
0 0.675 0.80078125 0.021875 0.078125
0 0.1359375 0.4828125 0.021875 0.06875
0 0.18046875 0.8984375 0.021875 0.0546875
0 0.128125 0.040625 0.021875 0.08125