0 0.69296875 0.03515625 0.10625 0.025
0 0.14375 0.04140625 0.0625 0.028125
0 0.2609375 0.021875 0.1 0.01875
0 0.1921875 0.07421875 0.075 0.028125
0 0.39140625 0.12734375 0.0671875 0.0234375
0 0.75390625 0.13515625 0.071875 0.034375
0 0.6546875 0.16796875 0.0796875 0.025
0 0.36953125 0.1640625 0.0671875 0.03125
0 0.3078125 0.2140625 0.0546875 0.034375
0 0.425 0.22890625 0.053125 0.0375
0 0.665625 0.1796875 0.08125 0.0328125
0 0.92734375 0.3109375 0.08125 0.0375
0 0.46796875 0.40546875 0.0625 0.028125
0 0.628125 0.24921875 0.0703125 0.0328125
0 0.95234375 0.15703125 0.05 0.0375
0 0.3734375 0.35234375 0.1 0.0328125
0 0.88984375 0.41875 0.08125 0.028125
0 0.94921875 0.43828125 0.053125 0.0375
0 0.646875 0.4921875 0.075 0.03125
0 0.42109375 0.59765625 0.103125 0.0375
0 0.09453125 0.715625 0.0703125 0.0453125
0 0.56640625 0.68125 0.059375 0.028125
0 0.73125 0.6484375 0.0875 0.034375
0 0.696875 0.70390625 0.046875 0.0296875
0 0.55546875 0.76796875 0.046875 0.034375
0 0.23359375 0.69453125 0.0515625 0.040625
0 0.30546875 0.8265625 0.06875 0.0234375
0 0.2859375 0.7703125 0.05 0.025
0 0.40703125 0.825 0.065625 0.040625
0 0.22578125 0.82734375 0.078125 0.028125
0 0.15703125 0.63828125 0.071875 0.034375
0 0.45625 0.85859375 0.08125 0.0171875
0 0.11015625 0.76953125 0.075 0.0390625
0 0.78046875 0.83125 0.090625 0.0453125
0 0.59453125 0.89765625 0.0625 0.0375
0 0.12109375 0.8640625 0.0625 0.0375
0 0.77890625 0.80546875 0.0546875 0.0375
0 0.08984375 0.80859375 0.0875 0.0328125
0 0.671875 0.40625 0.04375 0.021875
0 0.271875 0.59375 0.059375 0.028125
0 0.0734375 0.8953125 0.0625 0.0234375
0 0.22109375 0.9578125 0.06875 0.021875
0 0.3515625 0.909375 0.05625 0.0296875
0 0.853125 0.5546875 0.1 0.05
0 0.565625 0.815625 0.05 0.021875
0 0.5328125 0.9328125 0.059375 0.0296875
0 0.94609375 0.8625 0.0546875 0.03125
0 0.85 0.78515625 0.0609375 0.01875
0 0.70546875 0.9390625 0.046875 0.028125
0 0.7984375 0.92109375 0.04375 0.0265625
0 0.6390625 0.215625 0.09375 0.0359375
0 0.9125 0.4859375 0.0453125 0.03125
0 0.35625 0.59296875 0.0625 0.0265625
0 0.5375 0.8921875 0.046875 0.028125