0 0.3515625 0.0296875 0.096875 0.03828125
0 0.83203125 0.115625 0.0796875 0.05390625
0 0.603125 0.15078125 0.10078125 0.03125
0 0.51484375 0.16328125 0.06640625 0.02734375
0 0.55078125 0.05234375 0.046875 0.0203125
0 0.31015625 0.16328125 0.08125 0.04140625
0 0.30078125 0.12265625 0.071875 0.0453125
0 0.07421875 0.0765625 0.08125 0.05078125
0 0.2171875 0.1125 0.05859375 0.034375
0 0.23515625 0.25234375 0.07421875 0.03671875
0 0.1296875 0.3203125 0.05625 0.04296875
0 0.55625 0.25390625 0.07578125 0.04375
0 0.85859375 0.3125 0.0890625 0.04375
0 0.44375 0.47421875 0.0640625 0.0390625
0 0.47109375 0.59765625 0.07578125 0.04375
0 0.15625 0.43671875 0.08046875 0.03671875
0 0.7703125 0.49140625 0.09140625 0.04375
0 0.85703125 0.55390625 0.06640625 0.03515625
0 0.671875 0.52109375 0.075 0.040625
0 0.61328125 0.62734375 0.0953125 0.03515625
0 0.56875 0.66640625 0.084375 0.021875
0 0.134375 0.59453125 0.10390625 0.03046875
0 0.246875 0.64375 0.084375 0.03828125
0 0.41484375 0.6625 0.07421875 0.0296875
0 0.08359375 0.7359375 0.08125 0.03125
0 0.1375 0.75625 0.05 0.03671875
0 0.64140625 0.75390625 0.09921875 0.03984375
0 0.7546875 0.84453125 0.06875 0.03671875
0 0.53671875 0.809375 0.06796875 0.03515625
0 0.3953125 0.81015625 0.07421875 0.02734375
0 0.46875 0.84765625 0.06328125 0.0203125
0 0.24453125 0.75 0.08203125 0.021875
0 0.15546875 0.84375 0.07890625 0.02578125
0 0.5 0.91875 0.08984375 0.01875
0 0.8671875 0.9515625 0.07421875 0.03984375
0 0.94453125 0.7625 0.08359375 0.040625
0 0.12734375 0.22734375 0.0609375 0.028125
0 0.875 0.02734375 0.090625 0.02265625
0 0.47265625 0.1859375 0.10390625 0.02578125
0 0.92890625 0.27578125 0.06484375 0.028125