0 0.5640625 0.08984375 0.03125 0.03125
0 0.28515625 0.0765625 0.04375 0.0375
0 0.16015625 0.0609375 0.05 0.0484375
0 0.5 0.04609375 0.0515625 0.021875
0 0.9046875 0.109375 0.065625 0.025
0 0.84609375 0.175 0.053125 0.01875
0 0.7921875 0.17734375 0.0125 0.021875
0 0.875 0.13984375 0.034375 0.021875
0 0.81953125 0.13984375 0.046875 0.01875
0 0.9453125 0.26328125 0.053125 0.0171875
0 0.715625 0.3890625 0.059375 0.03125
0 0.675 0.3765625 0.0375 0.0296875
0 0.48984375 0.2296875 0.0546875 0.03125
0 0.15703125 0.33046875 0.06875 0.0375
0 0.16484375 0.38984375 0.046875 0.03125
0 0.7671875 0.44453125 0.0671875 0.0375
0 0.71640625 0.496875 0.05625 0.025
0 0.515625 0.5578125 0.0578125 0.03125
0 0.6625 0.575 0.040625 0.0296875
0 0.17421875 0.728125 0.05 0.0328125
0 0.08671875 0.6828125 0.0921875 0.025
0 0.65234375 0.65859375 0.1 0.028125
0 0.67421875 0.625 0.0875 0.0234375
0 0.85 0.6859375 0.1 0.0265625
0 0.65546875 0.71171875 0.0625 0.028125
0 0.965625 0.85703125 0.06875 0.0359375
0 0.7390625 0.79609375 0.05 0.025
0 0.59765625 0.8375 0.075 0.0484375
0 0.5125 0.77421875 0.065625 0.025
0 0.70546875 0.14375 0.09375 0.028125
0 0.23515625 0.1796875 0.1 0.0375
0 0.2234375 0.22734375 0.0671875 0.040625
0 0.08359375 0.14140625 0.06875 0.025
0 0.1765625 0.57734375 0.0578125 0.021875
0 0.25 0.54375 0.028125 0.0265625