0 0.12578125 0.79140625 0.025 0.0875
0 0.16875 0.85859375 0.0265625 0.053125
0 0.22421875 0.71875 0.021875 0.0484375
0 0.1515625 0.25703125 0.01875 0.04375
0 0.13515625 0.24140625 0.015625 0.075
0 0.17890625 0.4359375 0.015625 0.059375
0 0.1640625 0.45078125 0.0140625 0.08125
0 0.21171875 0.109375 0.025 0.05
0 0.2671875 0.228125 0.01875 0.065625
0 0.2453125 0.0359375 0.021875 0.071875
0 0.28828125 0.03515625 0.0203125 0.06875
0 0.2703125 0.95390625 0.040625 0.053125
0 0.49296875 0.56015625 0.0296875 0.05
0 0.5 0.3828125 0.015625 0.065625
0 0.40078125 0.059375 0.0296875 0.0375
0 0.39609375 0.50625 0.0171875 0.0546875
0 0.50078125 0.74765625 0.0234375 0.0625
0 0.49921875 0.94921875 0.015625 0.05625
0 0.521875 0.9203125 0.021875 0.040625
0 0.609375 0.6375 0.015625 0.05625
0 0.5890625 0.6015625 0.03125 0.046875
0 0.56875 0.2984375 0.021875 0.053125
0 0.5890625 0.2171875 0.0265625 0.05
0 0.6875 0.08984375 0.01875 0.0609375
0 0.6421875 0.859375 0.025 0.071875
0 0.6640625 0.7796875 0.025 0.0625
0 0.746875 0.90546875 0.025 0.0578125
0 0.7765625 0.390625 0.025 0.046875
0 0.7859375 0.5375 0.015625 0.0640625
0 0.8453125 0.41640625 0.034375 0.05625
0 0.84921875 0.69765625 0.021875 0.06875
0 0.82265625 0.77421875 0.025 0.0578125
0 0.83671875 0.96640625 0.0234375 0.0671875
0 0.8140625 0.97890625 0.021875 0.0421875
0 0.8 0.93984375 0.01875 0.0546875
0 0.784375 0.96640625 0.01875 0.05625
0 0.89453125 0.9046875 0.028125 0.0765625
0 0.9625 0.85 0.021875 0.084375
0 0.9125 0.4203125 0.028125 0.078125
0 0.95703125 0.42578125 0.0171875 0.075
0 0.83359375 0.48359375 0.0203125 0.06875
0 0.76171875 0.13515625 0.0234375 0.05625