0 0.51796875 0.1328125 0.06796875 0.01953125
0 0.71953125 0.078125 0.05234375 0.01796875
0 0.45859375 0.28359375 0.04140625 0.0171875
0 0.3921875 0.32421875 0.0515625 0.02578125
0 0.0359375 0.25546875 0.06328125 0.025
0 0.65859375 0.0140625 0.0421875 0.01796875
0 0.26171875 0.12578125 0.05859375 0.02421875
0 0.05625 0.17578125 0.075 0.0234375
0 0.53203125 0.62890625 0.05390625 0.03359375
0 0.8375 0.72265625 0.04609375 0.02578125
0 0.271875 0.8015625 0.05234375 0.0328125
0 0.35703125 0.84375 0.05625 0.0234375
0 0.11484375 0.8796875 0.0828125 0.01875
0 0.47265625 0.75078125 0.05234375 0.02109375
0 0.3828125 0.9109375 0.078125 0.02421875
0 0.2390625 0.87109375 0.05625 0.03125
0 0.5578125 0.78828125 0.0484375 0.0296875
0 0.2 0.8546875 0.07578125 0.02421875
0 0.36640625 0.12265625 0.090625 0.0265625
0 0.93125 0.37578125 0.0796875 0.02734375
0 0.5546875 0.834375 0.075 0.02109375
0 0.0171875 0.36796875 0.03359375 0.02578125
0 0.13828125 0.93671875 0.071875 0.0265625
0 0.88125 0.66015625 0.04375 0.0328125
0 0.31484375 0.86640625 0.05390625 0.02421875
0 0.06640625 0.14375 0.0609375 0.01796875
0 0.24375 0.6703125 0.0515625 0.03125
0 0.18828125 0.15390625 0.07421875 0.025
0 0.753125 0.8328125 0.0734375 0.03359375
0 0.74296875 0.67265625 0.0453125 0.028125
0 0.6921875 0.0609375 0.06875 0.01640625
0 0.47421875 0.0984375 0.04609375 0.025
0 0.78671875 0.45234375 0.03671875 0.0296875
0 0.54765625 0.2015625 0.08125 0.021875
0 0.93828125 0.2671875 0.04140625 0.01953125
0 0.96015625 0.30390625 0.05625 0.02109375
0 0.06328125 0.4890625 0.053125 0.0265625
0 0.89296875 0.5328125 0.04921875 0.0359375
0 0.771875 0.93203125 0.09609375 0.03125
0 0.2078125 0.9484375 0.04921875 0.03046875
0 0.2234375 0.940625 0.0546875 0.028125
0 0.25625 0.903125 0.06875 0.028125
0 0.03359375 0.0109375 0.06640625 0.021875
0 0.02109375 0.08671875 0.0421875 0.0234375
0 0.3390625 0.8265625 0.07734375 0.03046875