2 0.1046875 0.86328125 0.06875 0.03125
2 0.06953125 0.81953125 0.0703125 0.021875
2 0.40390625 0.64765625 0.046875 0.021875
2 0.10234375 0.628125 0.0625 0.021875
2 0.1515625 0.7421875 0.0390625 0.01875
2 0.0703125 0.728125 0.040625 0.028125
2 0.61328125 0.6296875 0.0484375 0.03125
2 0.8078125 0.85546875 0.059375 0.025
2 0.8234375 0.775 0.090625 0.028125
2 0.81484375 0.68125 0.084375 0.0375
2 0.89375 0.60078125 0.0421875 0.025
2 0.8234375 0.5765625 0.053125 0.025
2 0.6859375 0.56796875 0.0625 0.0375
2 0.50703125 0.43828125 0.0625 0.034375
2 0.56328125 0.453125 0.0609375 0.040625
2 0.56015625 0.33125 0.0546875 0.046875
2 0.7453125 0.41796875 0.065625 0.034375
2 0.89609375 0.46796875 0.059375 0.025
2 0.08046875 0.290625 0.06875 0.025
2 0.03359375 0.2421875 0.05 0.021875
2 0.03671875 0.1546875 0.06875 0.0265625
2 0.08046875 0.1109375 0.0515625 0.025
2 0.15546875 0.14453125 0.0484375 0.0296875
2 0.13046875 0.078125 0.096875 0.034375
2 0.2015625 0.11171875 0.040625 0.0203125
2 0.48984375 0.0890625 0.08125 0.028125
2 0.61171875 0.10703125 0.053125 0.021875
2 0.70625 0.09921875 0.05625 0.01875
2 0.49765625 0.17890625 0.0953125 0.034375
2 0.646875 0.1484375 0.071875 0.0203125
2 0.83828125 0.1984375 0.0625 0.03125
2 0.90390625 0.2765625 0.065625 0.03125
2 0.93984375 0.56015625 0.084375 0.015625