0 0.0296875 0.3515625 0.0375 0.096875
0 0.115625 0.83203125 0.053125 0.0796875
0 0.15078125 0.603125 0.03125 0.1015625
0 0.16328125 0.51484375 0.028125 0.065625
0 0.05234375 0.55078125 0.0203125 0.046875
0 0.16328125 0.31015625 0.040625 0.08125
0 0.12265625 0.30078125 0.0453125 0.071875
0 0.0765625 0.07421875 0.05 0.08125
0 0.1125 0.2171875 0.034375 0.059375
0 0.25234375 0.23515625 0.0375 0.075
0 0.3203125 0.1296875 0.04375 0.05625
0 0.25390625 0.55625 0.04375 0.075
0 0.3125 0.85859375 0.04375 0.0890625
0 0.47421875 0.44375 0.0390625 0.0640625
0 0.59765625 0.47109375 0.04375 0.075
0 0.43671875 0.15625 0.0375 0.08125
0 0.49140625 0.7703125 0.04375 0.090625
0 0.55390625 0.85703125 0.034375 0.065625
0 0.52109375 0.671875 0.040625 0.075
0 0.62734375 0.61328125 0.034375 0.0953125
0 0.66640625 0.56875 0.021875 0.084375
0 0.59453125 0.134375 0.03125 0.103125
0 0.64375 0.246875 0.0375 0.084375
0 0.6625 0.41484375 0.0296875 0.075
0 0.7359375 0.08359375 0.03125 0.08125
0 0.75625 0.1375 0.0375 0.05
0 0.75390625 0.64140625 0.040625 0.1
0 0.84453125 0.7546875 0.0375 0.06875
0 0.809375 0.53671875 0.034375 0.06875
0 0.81015625 0.3953125 0.028125 0.075
0 0.84765625 0.46875 0.0203125 0.0625
0 0.75 0.24453125 0.021875 0.08125
0 0.84375 0.15546875 0.025 0.078125
0 0.91875 0.5 0.01875 0.090625
0 0.9515625 0.8671875 0.040625 0.075
0 0.7625 0.94453125 0.040625 0.084375
0 0.22734375 0.12734375 0.028125 0.0609375
0 0.02734375 0.875 0.021875 0.090625
0 0.1859375 0.47265625 0.025 0.103125
0 0.27578125 0.92890625 0.028125 0.065625