0 0.94140625 0.8640625 0.028125 0.0890625
0 0.83046875 0.43046875 0.01875 0.053125
0 0.8140625 0.49609375 0.028125 0.06875
0 0.85703125 0.675 0.01875 0.0828125
0 0.86796875 0.7640625 0.0296875 0.0546875
0 0.86484375 0.81171875 0.028125 0.0546875
0 0.8234375 0.75234375 0.0234375 0.059375
0 0.7703125 0.65078125 0.028125 0.059375
0 0.77890625 0.74140625 0.025 0.05
0 0.77578125 0.9109375 0.025 0.06875
0 0.78203125 0.95546875 0.025 0.046875
0 0.70390625 0.965625 0.028125 0.053125
0 0.634375 0.165625 0.028125 0.040625
0 0.525 0.4296875 0.03125 0.034375
0 0.4984375 0.05 0.021875 0.0640625
0 0.63046875 0.58359375 0.0125 0.065625
0 0.5875 0.8671875 0.021875 0.0625
0 0.44609375 0.16171875 0.025 0.0359375
0 0.44921875 0.18828125 0.015625 0.0390625
0 0.41171875 0.40234375 0.025 0.04375
0 0.4296875 0.6890625 0.015625 0.0453125
0 0.4546875 0.68671875 0.0171875 0.034375
0 0.3890625 0.403125 0.01875 0.04375
0 0.478125 0.78203125 0.025 0.065625
0 0.2234375 0.5890625 0.0203125 0.04375
0 0.17109375 0.5265625 0.021875 0.06875
0 0.1640625 0.61484375 0.01875 0.05625
0 0.16015625 0.4484375 0.0203125 0.046875
0 0.16328125 0.3828125 0.0140625 0.059375
0 0.31796875 0.36328125 0.01875 0.08125
0 0.28984375 0.23046875 0.0234375 0.05
0 0.23359375 0.14296875 0.0171875 0.065625
0 0.24765625 0.13984375 0.01875 0.04375
0 0.11328125 0.01640625 0.034375 0.0328125
0 0.16171875 0.2265625 0.01875 0.0546875
0 0.1984375 0.2765625 0.021875 0.06875
0 0.32421875 0.97734375 0.028125 0.0453125
0 0.56171875 0.92890625 0.025 0.0421875
0 0.8265625 0.06328125 0.03125 0.0453125
0 0.78671875 0.765625 0.021875 0.046875
0 0.0265625 0.396875 0.025 0.0625
0 0.03671875 0.8546875 0.015625 0.065625