0 0.93671875 0.1078125 0.028125 0.01640625
0 0.7171875 0.0625 0.06171875 0.02734375
0 0.52265625 0.05 0.0515625 0.03046875
0 0.65703125 0.1 0.06640625 0.02109375
0 0.81953125 0.1328125 0.07265625 0.0296875
0 0.75703125 0.20546875 0.06484375 0.03046875
0 0.3796875 0.1890625 0.06484375 0.0359375
0 0.40234375 0.15234375 0.075 0.0359375
0 0.1953125 0.190625 0.03984375 0.025
0 0.0546875 0.14765625 0.05703125 0.03046875
0 0.0328125 0.1140625 0.06171875 0.03828125
0 0.51171875 0.2546875 0.0546875 0.02734375
0 0.46640625 0.29375 0.06640625 0.0328125
0 0.41171875 0.375 0.06328125 0.02265625
0 0.434375 0.43671875 0.0671875 0.03359375
0 0.3171875 0.53828125 0.05546875 0.02734375
0 0.17578125 0.56640625 0.05859375 0.0296875
0 0.0921875 0.54765625 0.0515625 0.03359375
0 0.77109375 0.52421875 0.0703125 0.0296875
0 0.384375 0.65 0.08125 0.025
0 0.91796875 0.67890625 0.06640625 0.028125
0 0.290625 0.775 0.0515625 0.0296875
0 0.040625 0.69375 0.06953125 0.034375
0 0.2484375 0.834375 0.0578125 0.02734375
0 0.071875 0.86875 0.06015625 0.03359375