0 0.70390625 0.0640625 0.08046875 0.0203125
0 0.53046875 0.0890625 0.08203125 0.01953125
0 0.196875 0.15234375 0.0484375 0.02421875
0 0.51328125 0.11796875 0.06015625 0.021875
0 0.6765625 0.175 0.03984375 0.02734375
0 0.7015625 0.159375 0.0546875 0.015625
0 0.95859375 0.1546875 0.0578125 0.0234375
0 0.55859375 0.209375 0.0515625 0.0171875
0 0.203125 0.17890625 0.0640625 0.015625
0 0.37890625 0.17578125 0.06015625 0.01171875
0 0.05234375 0.20703125 0.0453125 0.02109375
0 0.8421875 0.203125 0.05703125 0.01953125
0 0.87265625 0.21796875 0.06640625 0.01796875
0 0.55625 0.25390625 0.05234375 0.01953125
0 0.76953125 0.346875 0.04140625 0.0234375
0 0.41640625 0.3796875 0.0359375 0.03203125
0 0.228125 0.41796875 0.0328125 0.0234375
0 0.15625 0.4359375 0.0328125 0.028125
0 0.15859375 0.51875 0.0453125 0.02265625
0 0.246875 0.51796875 0.05390625 0.0125
0 0.42265625 0.48125 0.05703125 0.01875
0 0.76953125 0.49375 0.05390625 0.0203125
0 0.53125 0.55859375 0.04765625 0.0296875
0 0.215625 0.5984375 0.04140625 0.021875
0 0.24140625 0.62890625 0.0546875 0.02109375
0 0.528125 0.61171875 0.046875 0.0234375
0 0.584375 0.63828125 0.0453125 0.0203125
0 0.5234375 0.66875 0.0453125 0.0234375
0 0.51328125 0.69453125 0.04765625 0.0234375
0 0.83984375 0.659375 0.03359375 0.021875
0 0.8859375 0.6625 0.0359375 0.01875
0 0.84609375 0.7234375 0.0296875 0.02421875
0 0.890625 0.596875 0.03125 0.0234375
0 0.30703125 0.68125 0.03984375 0.0265625
0 0.315625 0.6640625 0.0421875 0.01640625
0 0.0953125 0.690625 0.05078125 0.02421875
0 0.1 0.7265625 0.04140625 0.0265625
0 0.18984375 0.7734375 0.021875 0.02578125
0 0.0953125 0.77578125 0.05546875 0.01640625
0 0.26640625 0.81484375 0.0515625 0.021875
0 0.35234375 0.83671875 0.07734375 0.01796875
0 0.45234375 0.8203125 0.04296875 0.01796875
0 0.18984375 0.83984375 0.040625 0.01796875
0 0.1015625 0.9078125 0.04375 0.01953125