0 0.08515625 0.29921875 0.0234375 0.0390625
0 0.0734375 0.196875 0.028125 0.0515625
0 0.0171875 0.26484375 0.0265625 0.071875
0 0.09765625 0.46015625 0.03125 0.0578125
0 0.140625 0.43515625 0.028125 0.075
0 0.22734375 0.3859375 0.034375 0.059375
0 0.27109375 0.6265625 0.021875 0.046875
0 0.334375 0.57734375 0.0296875 0.05625
0 0.16640625 0.94453125 0.01875 0.0390625
0 0.253125 0.9625 0.025 0.034375
0 0.14609375 0.84296875 0.0375 0.0625
0 0.10390625 0.934375 0.034375 0.075
0 0.02421875 0.859375 0.0375 0.065625
0 0.1359375 0.75234375 0.015625 0.046875
0 0.371875 0.04375 0.025 0.03125
0 0.48203125 0.20859375 0.034375 0.05625
0 0.4140625 0.6671875 0.025 0.078125
0 0.36875 0.9734375 0.040625 0.053125
0 0.50625 0.88125 0.025 0.053125
0 0.67421875 0.753125 0.028125 0.0703125
0 0.7375 0.53203125 0.03125 0.05
0 0.78828125 0.37421875 0.01875 0.0421875
0 0.82421875 0.240625 0.025 0.053125
0 0.88828125 0.6828125 0.025 0.046875
0 0.940625 0.7875 0.028125 0.075
0 0.82421875 0.92890625 0.0203125 0.05
0 0.80234375 0.67890625 0.0125 0.0515625
0 0.61640625 0.4671875 0.028125 0.053125
0 0.93671875 0.51796875 0.01875 0.05
0 0.884375 0.88828125 0.01875 0.05
0 0.92421875 0.1890625 0.021875 0.06875