2 0.109375 0.11171875 0.0234375 0.0484375
2 0.1015625 0.26953125 0.025 0.0578125
2 0.084375 0.62421875 0.025 0.071875
2 0.07265625 0.64921875 0.015625 0.0515625
2 0.084375 0.5546875 0.015625 0.046875
2 0.125 0.89609375 0.01875 0.0734375
2 0.09921875 0.85 0.021875 0.0609375
2 0.18671875 0.95625 0.025 0.046875
2 0.146875 0.678125 0.0171875 0.0375
2 0.165625 0.80625 0.021875 0.0453125
2 0.23046875 0.87421875 0.03125 0.0453125
2 0.20703125 0.79296875 0.01875 0.0296875
2 0.17109375 0.7828125 0.01875 0.053125
2 0.15625 0.7890625 0.0234375 0.046875
2 0.215625 0.4140625 0.0125 0.0609375
2 0.1828125 0.5453125 0.0171875 0.04375
2 0.15625 0.3 0.021875 0.0453125
2 0.20078125 0.92578125 0.028125 0.021875
2 0.2828125 0.946875 0.028125 0.0296875
2 0.41015625 0.94140625 0.0359375 0.040625
2 0.4375 0.86796875 0.01875 0.034375
2 0.3625 0.93359375 0.01875 0.046875
2 0.36953125 0.60390625 0.0203125 0.065625
2 0.52421875 0.925 0.025 0.040625
2 0.6078125 0.90859375 0.021875 0.0328125
2 0.60078125 0.87734375 0.025 0.028125
2 0.57109375 0.8453125 0.025 0.0265625
2 0.7046875 0.9265625 0.01875 0.0375
2 0.81640625 0.48203125 0.021875 0.046875
2 0.834375 0.44140625 0.01875 0.065625
2 0.84453125 0.2109375 0.015625 0.046875
2 0.7890625 0.1203125 0.021875 0.05625
2 0.74765625 0.21015625 0.01875 0.0625
2 0.8515625 0.7890625 0.021875 0.0375
2 0.86015625 0.6359375 0.021875 0.0546875
2 0.76796875 0.86328125 0.015625 0.028125
2 0.775 0.8171875 0.01875 0.059375
2 0.75390625 0.87578125 0.0234375 0.0390625
2 0.734375 0.87578125 0.021875 0.05625
2 0.684375 0.91640625 0.028125 0.0375