0 0.2 0.03359375 0.05625 0.01875
0 0.0265625 0.07265625 0.053125 0.0203125
0 0.121875 0.1015625 0.05703125 0.02265625
0 0.23359375 0.22265625 0.05 0.02578125
0 0.43515625 0.02265625 0.0609375 0.01953125
0 0.3640625 0.10390625 0.07265625 0.01796875
0 0.31953125 0.1203125 0.05078125 0.0203125
0 0.5390625 0.1125 0.05234375 0.02109375
0 0.63671875 0.15390625 0.05234375 0.015625
0 0.59765625 0.18515625 0.06015625 0.02421875
0 0.42265625 0.1734375 0.05 0.02421875
0 0.19453125 0.21171875 0.0609375 0.015625
0 0.01796875 0.20625 0.03515625 0.03515625
0 0.6609375 0.05703125 0.04921875 0.028125
0 0.71015625 0.03828125 0.06796875 0.0203125
0 0.77578125 0.06171875 0.059375 0.021875
0 0.93046875 0.05703125 0.0671875 0.0234375
0 0.74609375 0.27734375 0.04921875 0.02109375
0 0.65234375 0.30546875 0.06171875 0.025
0 0.80234375 0.11875 0.0515625 0.01796875
0 0.9265625 0.215625 0.0515625 0.02109375
0 0.925 0.178125 0.0546875 0.0203125
0 0.7703125 0.40234375 0.04765625 0.0234375
0 0.8359375 0.446875 0.0390625 0.02421875
0 0.76953125 0.490625 0.0421875 0.03046875
0 0.87265625 0.4984375 0.04140625 0.02421875
0 0.26796875 0.4953125 0.05546875 0.025
0 0.29453125 0.5046875 0.0578125 0.02109375
0 0.34140625 0.575 0.0421875 0.01875
0 0.4515625 0.51328125 0.03984375 0.0265625
0 0.72265625 0.5375 0.03359375 0.025
0 0.875 0.58515625 0.028125 0.02109375
0 0.903125 0.63046875 0.05234375 0.02109375
0 0.73359375 0.70703125 0.03671875 0.03046875
0 0.67734375 0.79609375 0.02734375 0.0265625
0 0.61953125 0.7671875 0.05390625 0.0203125
0 0.79375 0.778125 0.0328125 0.02421875
0 0.74765625 0.81484375 0.05234375 0.02578125
0 0.734375 0.8453125 0.0609375 0.01875
0 0.79453125 0.8828125 0.05390625 0.0203125
0 0.8421875 0.821875 0.0625 0.01875
0 0.83359375 0.92109375 0.05390625 0.025
0 0.6171875 0.9015625 0.034375 0.02578125
0 0.5296875 0.90234375 0.0546875 0.0234375
0 0.346875 0.86484375 0.0546875 0.021875
0 0.3796875 0.80078125 0.05078125 0.0171875
0 0.13203125 0.940625 0.06328125 0.02421875
0 0.20546875 0.9765625 0.0515625 0.028125
0 0.025 0.8890625 0.04921875 0.0234375
0 0.14375 0.66171875 0.04375 0.01953125
0 0.32109375 0.64140625 0.0609375 0.02421875
0 0.2234375 0.66953125 0.034375 0.02578125
0 0.7171875 0.50078125 0.03828125 0.02109375
0 0.15546875 0.4125 0.05234375 0.02265625
0 0.13828125 0.35390625 0.05546875 0.0234375
0 0.959375 0.9734375 0.06640625 0.03125
0 0.42109375 0.9390625 0.07265625 0.02421875