0 0.22890625 0.03515625 0.08203125 0.02578125
0 0.56953125 0.0359375 0.07578125 0.02421875
0 0.68046875 0.009375 0.08203125 0.01796875
0 0.92578125 0.05625 0.05703125 0.02265625
0 0.5171875 0.12734375 0.0609375 0.0203125
0 0.66015625 0.15 0.05078125 0.01796875
0 0.80078125 0.15234375 0.0546875 0.0234375
0 0.89375 0.13828125 0.06796875 0.01640625
0 0.3578125 0.1890625 0.0625 0.0203125
0 0.35 0.16328125 0.06484375 0.02890625
0 0.3046875 0.2328125 0.04375 0.02421875
0 0.08984375 0.24296875 0.04921875 0.02265625
0 0.75859375 0.23046875 0.0453125 0.03359375
0 0.584375 0.24453125 0.05703125 0.025
0 0.3390625 0.35078125 0.05078125 0.03046875
0 0.4171875 0.3734375 0.05859375 0.02890625
0 0.7609375 0.3921875 0.0625 0.01875
0 0.8203125 0.47265625 0.0265625 0.0203125
0 0.8984375 0.45859375 0.053125 0.01796875
0 0.41796875 0.54296875 0.08125 0.0234375
0 0.26015625 0.6421875 0.05 0.01875
0 0.10234375 0.6234375 0.0515625 0.021875
0 0.6140625 0.73125 0.0390625 0.02890625
0 0.37265625 0.75546875 0.046875 0.02734375
0 0.47578125 0.6984375 0.0625 0.021875
0 0.64921875 0.8078125 0.053125 0.01640625
0 0.49609375 0.80234375 0.0546875 0.02109375
0 0.37109375 0.85234375 0.0796875 0.021875
0 0.34609375 0.8296875 0.0484375 0.01875
0 0.21875 0.85546875 0.04921875 0.03671875
0 0.12265625 0.9328125 0.08515625 0.01640625
0 0.4078125 0.95390625 0.04609375 0.03046875
0 0.7453125 0.83515625 0.05234375 0.02421875
0 0.6953125 0.7734375 0.06015625 0.01640625
0 0.5671875 0.59375 0.03203125 0.02265625
0 0.521875 0.88828125 0.04140625 0.0234375
0 0.5875 0.46171875 0.05703125 0.01640625
0 0.0109375 0.1625 0.021875 0.025
0 0.86015625 0.109375 0.04140625 0.01875