0 0.53125 0.07109375 0.071875 0.0328125
0 0.5625 0.00703125 0.0875 0.0140625
0 0.03984375 0.0265625 0.05 0.025
0 0.18046875 0.0203125 0.065625 0.028125
0 0.8125 0.1671875 0.0765625 0.03125
0 0.69296875 0.23203125 0.0671875 0.0328125
0 0.409375 0.19609375 0.059375 0.025
0 0.584375 0.13828125 0.05625 0.01875
0 0.39140625 0.14609375 0.05 0.025
0 0.10859375 0.15234375 0.06875 0.0203125
0 0.08671875 0.22265625 0.0625 0.028125
0 0.29765625 0.14375 0.059375 0.021875
0 0.0203125 0.128125 0.040625 0.0203125
0 0.6453125 0.12890625 0.0703125 0.01875
0 0.94140625 0.28515625 0.084375 0.021875
0 0.88046875 0.296875 0.06875 0.025
0 0.67578125 0.34375 0.0578125 0.034375
0 0.3921875 0.465625 0.04375 0.046875
0 0.31640625 0.4953125 0.046875 0.028125
0 0.89296875 0.61328125 0.046875 0.03125
0 0.8421875 0.58046875 0.05625 0.0234375
0 0.43125 0.5921875 0.0578125 0.028125
0 0.15390625 0.459375 0.08125 0.025
0 0.3765625 0.4140625 0.040625 0.0265625
0 0.2546875 0.378125 0.053125 0.021875
0 0.48203125 0.62421875 0.059375 0.028125
0 0.44921875 0.69453125 0.059375 0.0296875
0 0.70625 0.7265625 0.0328125 0.028125
0 0.64921875 0.74453125 0.0515625 0.0375
0 0.20078125 0.78203125 0.0421875 0.028125
0 0.55625 0.840625 0.065625 0.025
0 0.509375 0.80546875 0.065625 0.0171875
0 0.44140625 0.790625 0.059375 0.028125
0 0.31796875 0.90078125 0.0625 0.025
0 0.65234375 0.91484375 0.065625 0.025
0 0.58203125 0.934375 0.06875 0.01875
0 0.93984375 0.86171875 0.05625 0.0234375
0 0.42734375 0.85390625 0.065625 0.0171875
0 0.57265625 0.88125 0.06875 0.0234375
0 0.1140625 0.85703125 0.053125 0.025
0 0.18203125 0.66796875 0.053125 0.0203125
0 0.15234375 0.65625 0.0453125 0.01875
0 0.5796875 0.50703125 0.0375 0.028125
0 0.9 0.12109375 0.0625 0.0203125
0 0.9796875 0.2515625 0.040625 0.0234375
0 0.11640625 0.028125 0.0625 0.0234375