0 0.153125 0.0296875 0.0765625 0.02109375
0 0.2421875 0.01171875 0.0453125 0.0234375
0 0.63125 0.0578125 0.0703125 0.0234375
0 0.446875 0.1265625 0.06875 0.015625
0 0.190625 0.10078125 0.05859375 0.01875
0 0.21953125 0.0765625 0.078125 0.01640625
0 0.16328125 0.1859375 0.08359375 0.01484375
0 0.0578125 0.1671875 0.0703125 0.03046875
0 0.1015625 0.12890625 0.075 0.01953125
0 0.359375 0.1625 0.05859375 0.025
0 0.45703125 0.0140625 0.0703125 0.028125
0 0.79921875 0.196875 0.0640625 0.028125
0 0.70703125 0.2390625 0.075 0.0171875
0 0.5703125 0.22421875 0.040625 0.03515625
0 0.44375 0.2328125 0.078125 0.03046875
0 0.36953125 0.2234375 0.071875 0.0234375
0 0.35625 0.34609375 0.0703125 0.02421875
0 0.4140625 0.43359375 0.04765625 0.028125
0 0.959375 0.30546875 0.06875 0.01953125
0 0.85234375 0.1328125 0.08359375 0.02109375
0 0.6734375 0.48984375 0.04921875 0.025
0 0.88984375 0.48046875 0.0421875 0.03359375
0 0.328125 0.5625 0.0734375 0.0203125
0 0.16328125 0.621875 0.06875 0.0203125
0 0.03359375 0.61171875 0.0671875 0.03671875
0 0.3828125 0.58828125 0.08046875 0.02109375
0 0.534375 0.6640625 0.0734375 0.021875
0 0.71171875 0.6984375 0.08359375 0.01796875
0 0.13046875 0.71640625 0.05234375 0.028125
0 0.31015625 0.77109375 0.04609375 0.03359375
0 0.04296875 0.74765625 0.05234375 0.025
0 0.34453125 0.7796875 0.0703125 0.03203125
0 0.24609375 0.83515625 0.04375 0.02265625
0 0.296875 0.8140625 0.08828125 0.02265625
0 0.221875 0.921875 0.0765625 0.0296875
0 0.05625 0.8359375 0.0609375 0.01640625
0 0.64609375 0.9796875 0.05078125 0.03359375
0 0.30703125 0.96484375 0.0671875 0.0265625
0 0.59921875 0.8921875 0.071875 0.0265625
0 0.51328125 0.78984375 0.04921875 0.034375
0 0.403125 0.89765625 0.06796875 0.025
0 0.32265625 0.94765625 0.05234375 0.0234375
0 0.871875 0.54296875 0.06015625 0.028125