2 0.959375 0.16875 0.025 0.075
2 0.89296875 0.6765625 0.021875 0.0703125
2 0.87265625 0.740625 0.021875 0.0828125
2 0.86796875 0.50625 0.0296875 0.084375
2 0.82578125 0.9046875 0.021875 0.078125
2 0.8796875 0.91640625 0.021875 0.065625
2 0.853125 0.30234375 0.021875 0.084375
2 0.8875 0.29375 0.0265625 0.059375
2 0.81953125 0.34609375 0.021875 0.0765625
2 0.81484375 0.32421875 0.021875 0.053125
2 0.8390625 0.53125 0.01875 0.078125
2 0.7578125 0.6296875 0.0234375 0.059375
2 0.7453125 0.13671875 0.0171875 0.065625
2 0.65703125 0.1984375 0.025 0.028125
2 0.684375 0.25234375 0.028125 0.046875
2 0.8125 0.09140625 0.0296875 0.04375
2 0.67421875 0.10546875 0.034375 0.06875
2 0.571875 0.42734375 0.0328125 0.04375
2 0.40703125 0.4359375 0.0234375 0.0625
2 0.41796875 0.3734375 0.03125 0.0640625
2 0.4734375 0.63984375 0.01875 0.065625
2 0.5578125 0.871875 0.021875 0.059375
2 0.46328125 0.12890625 0.0375 0.0359375
2 0.36875 0.1359375 0.0421875 0.0421875
2 0.3078125 0.3390625 0.040625 0.0578125
2 0.2515625 0.4375 0.0375 0.034375
2 0.209375 0.140625 0.01875 0.05
2 0.1953125 0.5296875 0.028125 0.06875
2 0.20859375 0.23671875 0.0234375 0.0546875
2 0.11875 0.3 0.0265625 0.0625
2 0.13984375 0.43984375 0.025 0.078125
2 0.140625 0.56953125 0.021875 0.0625
2 0.2015625 0.78046875 0.0203125 0.0703125
2 0.21015625 0.02578125 0.021875 0.0515625