0 0.984375 0.3265625 0.03125 0.0515625
0 0.965625 0.38984375 0.028125 0.06875
0 0.95859375 0.71875 0.021875 0.0765625
0 0.95078125 0.45625 0.0234375 0.065625
0 0.98203125 0.23359375 0.028125 0.040625
0 0.925 0.1359375 0.01875 0.071875
0 0.88671875 0.23671875 0.03125 0.065625
0 0.90546875 0.3453125 0.03125 0.08125
0 0.71640625 0.23125 0.03125 0.059375
0 0.7546875 0.39765625 0.021875 0.071875
0 0.63203125 0.6859375 0.0390625 0.0796875
0 0.52421875 0.40234375 0.028125 0.0625
0 0.5828125 0.328125 0.025 0.075
0 0.41484375 0.75234375 0.0375 0.06875
0 0.4296875 0.87421875 0.0125 0.0765625
0 0.509375 0.88046875 0.025 0.0578125
0 0.475 0.64140625 0.0171875 0.040625
0 0.4375 0.32890625 0.028125 0.0875
0 0.3671875 0.49765625 0.028125 0.059375
0 0.35625 0.84453125 0.025 0.065625
0 0.3875 0.9734375 0.021875 0.053125
0 0.334375 0.94765625 0.025 0.075
0 0.31484375 0.77421875 0.028125 0.078125
0 0.34453125 0.1515625 0.0296875 0.071875
0 0.334375 0.0859375 0.0375 0.06875
0 0.284375 0.13359375 0.03125 0.059375
0 0.203125 0.1828125 0.040625 0.0671875
0 0.23359375 0.709375 0.03125 0.065625
0 0.1703125 0.82578125 0.0234375 0.04375
0 0.21328125 0.91171875 0.034375 0.075
0 0.18046875 0.74453125 0.025 0.0625
0 0.20859375 0.69375 0.025 0.078125
0 0.1484375 0.65546875 0.025 0.0671875
0 0.0859375 0.8625 0.0234375 0.0375
0 0.13984375 0.82421875 0.025 0.0453125
0 0.2015625 0.025 0.028125 0.05
0 0.04609375 0.72734375 0.025 0.096875
0 0.04921875 0.51953125 0.0359375 0.0796875
0 0.13359375 0.51953125 0.028125 0.0625
0 0.146875 0.73671875 0.03125 0.0609375
0 0.13203125 0.43359375 0.0234375 0.059375
0 0.14765625 0.37890625 0.028125 0.08125
0 0.5078125 0.31953125 0.028125 0.071875
0 0.86015625 0.77890625 0.0359375 0.0765625
0 0.86953125 0.84609375 0.028125 0.0625
0 0.63203125 0.1328125 0.0359375 0.059375
0 0.4390625 0.778125 0.028125 0.0625
0 0.46875 0.0859375 0.03125 0.046875
0 0.9484375 0.31796875 0.025 0.05625
0 0.21015625 0.09296875 0.0359375 0.0578125
0 0.16484375 0.31328125 0.028125 0.065625
0 0.19453125 0.40625 0.03125 0.065625
0 0.10546875 0.7453125 0.025 0.0625