0 0.95625 0.08515625 0.0875 0.02890625
0 0.409375 0.08671875 0.0734375 0.0265625
0 0.334375 0.04296875 0.05859375 0.025
0 0.334375 0.0125 0.0734375 0.025
0 0.8078125 0.1578125 0.06953125 0.01875
0 0.9125 0.18671875 0.08125 0.02421875
0 0.77578125 0.35390625 0.04609375 0.01640625
0 0.35625 0.28125 0.0375 0.025
0 0.603125 0.2390625 0.053125 0.02109375
0 0.54140625 0.2234375 0.08203125 0.0375
0 0.1921875 0.50703125 0.06640625 0.02265625
0 0.64375 0.39375 0.059375 0.03203125
0 0.48203125 0.465625 0.0640625 0.02265625
0 0.49609375 0.490625 0.06953125 0.0390625
0 0.35 0.6125 0.06015625 0.02734375
0 0.42578125 0.59375 0.0796875 0.028125
0 0.6765625 0.5671875 0.07109375 0.03046875
0 0.8125 0.45078125 0.0609375 0.0296875
0 0.57890625 0.4671875 0.05625 0.02890625
0 0.8890625 0.52734375 0.0625 0.0359375
0 0.03046875 0.59609375 0.0609375 0.02734375
0 0.05859375 0.671875 0.0703125 0.0234375
0 0.903125 0.6828125 0.04921875 0.02890625
0 0.1046875 0.6390625 0.075 0.02578125
0 0.78984375 0.75234375 0.0515625 0.02421875
0 0.69296875 0.71875 0.075 0.028125
0 0.6921875 0.7484375 0.07421875 0.01953125
0 0.61171875 0.73203125 0.04296875 0.025
0 0.13046875 0.80546875 0.053125 0.0234375
0 0.2359375 0.7171875 0.075 0.03203125
0 0.2953125 0.8078125 0.071875 0.0234375
0 0.6609375 0.9203125 0.05703125 0.02890625
0 0.21953125 0.83046875 0.05546875 0.02265625
0 0.5765625 0.8828125 0.07578125 0.02109375
0 0.640625 0.846875 0.06328125 0.02421875
0 0.32109375 0.70390625 0.0453125 0.02265625
0 0.946875 0.7453125 0.04921875 0.02421875
0 0.11640625 0.95234375 0.0640625 0.025
0 0.20078125 0.10546875 0.04140625 0.00078125
0 0.8546875 0.10234375 0.06953125 0.0453125
0 0.525 0.1078125 0.06484375 0.03515625
0 0.8953125 0.2609375 0.06484375 0.02734375
0 0.37109375 0.91875 0.0765625 0.02578125
0 0.04921875 0.84375 0.0421875 0.03046875
0 0.04296875 0.934375 0.0859375 0.021875
0 0.85390625 0.3703125 0.0421875 0.0234375
0 0.59140625 0.38046875 0.06171875 0.03125
0 0.67109375 0.09609375 0.07734375 0.0296875