0 0.40078125 0.05859375 0.0703125 0.034375
0 0.4578125 0.07421875 0.059375 0.0375
0 0.50625 0.17734375 0.04375 0.0265625
0 0.6359375 0.19375 0.0546875 0.01875
0 0.45859375 0.22109375 0.046875 0.025
0 0.303125 0.21171875 0.04375 0.0328125
0 0.30390625 0.1921875 0.034375 0.01875
0 0.21953125 0.21015625 0.05 0.025
0 0.2453125 0.27421875 0.0515625 0.025
0 0.3421875 0.2765625 0.034375 0.01875
0 0.5140625 0.3609375 0.059375 0.040625
0 0.68828125 0.3171875 0.1015625 0.01875
0 0.2125 0.6015625 0.0625 0.0296875
0 0.03671875 0.60546875 0.04375 0.0296875
0 0.67578125 0.56796875 0.0578125 0.0375
0 0.46484375 0.79921875 0.05625 0.034375
0 0.3921875 0.8390625 0.0375 0.0296875
0 0.39296875 0.8203125 0.040625 0.0265625
0 0.27734375 0.79921875 0.075 0.01875
0 0.28515625 0.77578125 0.0390625 0.01875
0 0.30390625 0.88515625 0.04375 0.028125
0 0.225 0.84609375 0.046875 0.025
0 0.77734375 0.890625 0.075 0.04375
0 0.7546875 0.859375 0.0578125 0.025
0 0.0640625 0.728125 0.034375 0.025
0 0.34375 0.9484375 0.0515625 0.021875
0 0.66875 0.73203125 0.0625 0.021875
0 0.759375 0.4125 0.0609375 0.028125
0 0.921875 0.2546875 0.05625 0.0265625
0 0.76328125 0.13828125 0.075 0.03125