2 0.04765625 0.8234375 0.046875 0.025
2 0.125 0.803125 0.040625 0.0203125
2 0.15859375 0.80546875 0.04375 0.01875
2 0.16953125 0.75078125 0.0578125 0.0328125
2 0.20703125 0.70390625 0.0578125 0.028125
2 0.46640625 0.7328125 0.0703125 0.021875
2 0.3140625 0.78359375 0.04375 0.0125
2 0.62734375 0.85 0.021875 0.0109375
2 0.69921875 0.7921875 0.0328125 0.01875
2 0.47265625 0.81875 0.040625 0.021875
2 0.8546875 0.92890625 0.065625 0.01875
2 0.8796875 0.67109375 0.028125 0.0265625
2 0.7875 0.60078125 0.0546875 0.025
2 0.684375 0.5703125 0.025 0.01875
2 0.48671875 0.49453125 0.053125 0.01875
2 0.66875 0.490625 0.05625 0.021875
2 0.95390625 0.3375 0.0375 0.0234375
2 0.88671875 0.17109375 0.03125 0.025
2 0.86171875 0.09296875 0.0515625 0.025
2 0.85546875 0.11796875 0.040625 0.01875
2 0.70703125 0.14453125 0.034375 0.015625
2 0.61953125 0.140625 0.040625 0.0203125
2 0.6765625 0.1703125 0.034375 0.025
2 0.4984375 0.125 0.034375 0.021875
2 0.3734375 0.13203125 0.059375 0.025
2 0.15625 0.20390625 0.046875 0.025
2 0.13203125 0.23046875 0.034375 0.025
2 0.059375 0.08515625 0.0453125 0.03125
2 0.6140625 0.17578125 0.040625 0.01875