2 0.18984375 0.05625 0.08984375 0.025
2 0.41796875 0.090625 0.09140625 0.028125
2 0.8015625 0.15390625 0.065625 0.01796875
2 0.759375 0.14921875 0.078125 0.0125
2 0.603125 0.0828125 0.0734375 0.0203125
2 0.62578125 0.0921875 0.05234375 0.0265625
2 0.22734375 0.184375 0.0484375 0.034375
2 0.20859375 0.23203125 0.0390625 0.03359375
2 0.3796875 0.14453125 0.04296875 0.02734375
2 0.20078125 0.11875 0.0484375 0.0234375
2 0.31328125 0.1515625 0.06484375 0.028125
2 0.60390625 0.2078125 0.05546875 0.0140625
2 0.6828125 0.1703125 0.04140625 0.0203125
2 0.62421875 0.24921875 0.0453125 0.021875
2 0.2625 0.24765625 0.05546875 0.03203125
2 0.0609375 0.29453125 0.0390625 0.03671875
2 0.109375 0.290625 0.03046875 0.03671875
2 0.12734375 0.34140625 0.0359375 0.028125
2 0.0484375 0.34921875 0.03359375 0.02421875
2 0.46796875 0.421875 0.046875 0.02890625
2 0.14921875 0.4328125 0.03359375 0.025
2 0.29921875 0.5984375 0.03046875 0.02890625
2 0.3421875 0.58125 0.040625 0.01640625
2 0.396875 0.6 0.0609375 0.034375
2 0.1671875 0.54453125 0.03046875 0.03046875
2 0.1515625 0.50859375 0.0375 0.02421875
2 0.49609375 0.740625 0.03828125 0.03203125
2 0.57265625 0.66015625 0.04140625 0.0265625
2 0.82109375 0.85390625 0.05234375 0.02421875
2 0.86328125 0.86640625 0.06640625 0.0203125
2 0.81328125 0.87890625 0.0515625 0.01484375
2 0.8265625 0.79921875 0.0546875 0.0203125
2 0.659375 0.8234375 0.05703125 0.021875
2 0.07890625 0.809375 0.04453125 0.0140625
2 0.059375 0.74140625 0.046875 0.021875
2 0.725 0.2296875 0.0484375 0.01875