0 0.86484375 0.021875 0.09375 0.0234375
0 0.05 0.015625 0.1 0.028125
0 0.2953125 0.1046875 0.06875 0.021875
0 0.5625 0.24375 0.1 0.0234375
0 0.7015625 0.09609375 0.084375 0.0265625
0 0.71796875 0.1328125 0.0625 0.0265625
0 0.19765625 0.11328125 0.06875 0.01875
0 0.3375 0.13828125 0.0390625 0.0265625
0 0.58359375 0.290625 0.0375 0.028125
0 0.36796875 0.1203125 0.053125 0.0375
0 0.77109375 0.04453125 0.06875 0.015625
0 0.22890625 0.140625 0.053125 0.01875
0 0.9390625 0.19375 0.075 0.03125
0 0.565625 0.21640625 0.06875 0.03125
0 0.49765625 0.1046875 0.0640625 0.0375
0 0.9328125 0.28125 0.05625 0.034375
0 0.35078125 0.3484375 0.05625 0.034375
0 0.296875 0.5453125 0.059375 0.03125
0 0.840625 0.36953125 0.0734375 0.028125
0 0.49140625 0.71796875 0.0765625 0.0296875
0 0.8046875 0.64296875 0.0625 0.028125
0 0.63828125 0.68984375 0.05625 0.025
0 0.68125 0.46171875 0.075 0.03125
0 0.396875 0.5828125 0.04375 0.025
0 0.1484375 0.61484375 0.0609375 0.021875
0 0.41171875 0.5625 0.0359375 0.021875
0 0.02109375 0.61875 0.0421875 0.021875
0 0.24921875 0.71171875 0.0671875 0.03125
0 0.31640625 0.80859375 0.046875 0.01875
0 0.0453125 0.7984375 0.084375 0.028125
0 0.18984375 0.859375 0.053125 0.025
0 0.24765625 0.83203125 0.0546875 0.015625
0 0.271875 0.765625 0.0421875 0.021875
0 0.36328125 0.82109375 0.040625 0.025
0 0.5671875 0.8109375 0.040625 0.021875
0 0.53984375 0.75625 0.0375 0.015625
0 0.3890625 0.828125 0.040625 0.01875
0 0.69140625 0.86953125 0.046875 0.0203125
0 0.3578125 0.9703125 0.034375 0.021875
0 0.2359375 0.90390625 0.0453125 0.0203125
0 0.14453125 0.80390625 0.04375 0.0125
0 0.3171875 0.8828125 0.046875 0.025
0 0.8328125 0.825 0.059375 0.0234375
0 0.57578125 0.89921875 0.034375 0.021875
0 0.74453125 0.90859375 0.0578125 0.0328125
0 0.8125 0.79140625 0.053125 0.028125
0 0.7125 0.8421875 0.0765625 0.03125
0 0.6546875 0.815625 0.0515625 0.025
0 0.1828125 0.7 0.05 0.0328125
0 0.9671875 0.840625 0.0375 0.0296875
0 0.43046875 0.63671875 0.059375 0.0296875
0 0.934375 0.546875 0.0859375 0.0359375
0 0.415625 0.22890625 0.0484375 0.021875
0 0.52734375 0.25546875 0.046875 0.028125
0 0.87421875 0.325 0.053125 0.025
0 0.22890625 0.1984375 0.0703125 0.034375
0 0.13359375 0.94296875 0.0625 0.0203125
0 0.9578125 0.484375 0.06875 0.021875
0 0.4875 0.49765625 0.0875 0.03125