0 0.39921875 0.0453125 0.0828125 0.03359375
0 0.39765625 0.034375 0.08984375 0.02265625
0 0.24609375 0.05859375 0.071875 0.02109375
0 0.09609375 0.12734375 0.0953125 0.01328125
0 0.83359375 0.11953125 0.05 0.0203125
0 0.89921875 0.09140625 0.06484375 0.02109375
0 0.2421875 0.20390625 0.07578125 0.02109375
0 0.40625 0.228125 0.04453125 0.0359375
0 0.0890625 0.24609375 0.04375 0.03203125
0 0.0375 0.234375 0.0625 0.02109375
0 0.50625 0.290625 0.0671875 0.02109375
0 0.51015625 0.27421875 0.04140625 0.02890625
0 0.54296875 0.24609375 0.0578125 0.0171875
0 0.5796875 0.2453125 0.05078125 0.03125
0 0.69140625 0.28515625 0.059375 0.02421875
0 0.01953125 0.32109375 0.0390625 0.0296875
0 0.515625 0.4046875 0.06953125 0.025
0 0.446875 0.403125 0.0546875 0.0265625
0 0.7765625 0.3328125 0.059375 0.0171875
0 0.13203125 0.4234375 0.046875 0.01875
0 0.05703125 0.6109375 0.05 0.03125
0 0.06875 0.50390625 0.06640625 0.02421875
0 0.08046875 0.4421875 0.07109375 0.028125
0 0.71796875 0.596875 0.0625 0.02109375
0 0.4796875 0.6046875 0.05234375 0.021875
0 0.521875 0.60859375 0.046875 0.02890625
0 0.61953125 0.65703125 0.0671875 0.02265625
0 0.28515625 0.609375 0.0578125 0.0171875
0 0.5265625 0.565625 0.053125 0.01484375
0 0.5140625 0.47578125 0.03515625 0.0265625
0 0.44765625 0.69296875 0.0546875 0.028125
0 0.08359375 0.746875 0.053125 0.025
0 0.11328125 0.83125 0.06640625 0.0234375
0 0.17109375 0.84921875 0.06484375 0.02421875
0 0.2921875 0.86953125 0.07109375 0.03125
0 0.08125 0.8203125 0.0828125 0.02109375
0 0.02578125 0.8484375 0.05078125 0.01953125
0 0.63046875 0.84453125 0.04140625 0.03203125
0 0.325 0.82421875 0.06640625 0.01875
0 0.96484375 0.7421875 0.0703125 0.01875
0 0.72890625 0.96875 0.04453125 0.0359375
0 0.62265625 0.51171875 0.059375 0.028125
0 0.24921875 0.103125 0.07421875 0.021875