0 0.75 0.128125 0.046875 0.0125
0 0.80546875 0.17265625 0.046875 0.01875
0 0.425 0.1609375 0.053125 0.0171875
0 0.3890625 0.18046875 0.040625 0.015625
0 0.23671875 0.1578125 0.040625 0.015625
0 0.134375 0.1734375 0.04375 0.0140625
0 0.25390625 0.13515625 0.04375 0.0109375
0 0.95625 0.2546875 0.03125 0.025
0 0.10078125 0.21015625 0.03125 0.021875
0 0.19375 0.26640625 0.0546875 0.0265625
0 0.034375 0.28984375 0.046875 0.025
0 0.55859375 0.496875 0.053125 0.01875
0 0.36640625 0.50546875 0.059375 0.0234375
0 0.20234375 0.5859375 0.0375 0.0203125
0 0.28515625 0.571875 0.040625 0.015625
0 0.640625 0.609375 0.04375 0.0125
0 0.5921875 0.590625 0.04375 0.028125
0 0.74609375 0.50078125 0.040625 0.015625
0 0.9484375 0.5015625 0.040625 0.015625
0 0.93515625 0.5171875 0.0359375 0.0125
0 0.88125 0.6296875 0.0328125 0.0234375
0 0.82421875 0.67734375 0.046875 0.015625
0 0.378125 0.77421875 0.040625 0.021875
0 0.95703125 0.8203125 0.01875 0.0125
0 0.93203125 0.8375 0.028125 0.0125
0 0.76484375 0.82421875 0.046875 0.01875
0 0.67578125 0.85859375 0.053125 0.021875
0 0.41953125 0.85234375 0.0484375 0.021875
0 0.865625 0.9171875 0.046875 0.028125
0 0.896875 0.75 0.0359375 0.0265625
0 0.5703125 0.79375 0.078125 0.0265625
0 0.5328125 0.403125 0.053125 0.028125
0 0.76171875 0.23203125 0.0375 0.01875
0 0.053125 0.3984375 0.03125 0.021875
0 0.503125 0.915625 0.0546875 0.01875
0 0.90625 0.96328125 0.0609375 0.0125