2 0.8953125 0.86328125 0.06796875 0.03203125
2 0.93046875 0.81953125 0.0703125 0.021875
2 0.59609375 0.64765625 0.046875 0.02265625
2 0.89765625 0.628125 0.0625 0.02109375
2 0.8484375 0.7421875 0.0390625 0.01796875
2 0.9296875 0.728125 0.03984375 0.02890625
2 0.38671875 0.6296875 0.0484375 0.03125
2 0.1921875 0.85546875 0.05859375 0.025
2 0.1765625 0.775 0.09140625 0.02734375
2 0.18515625 0.68125 0.084375 0.0375
2 0.10625 0.60078125 0.0421875 0.025
2 0.1765625 0.5765625 0.05390625 0.025
2 0.3140625 0.56796875 0.06171875 0.03828125
2 0.49296875 0.43828125 0.06171875 0.03515625
2 0.43671875 0.453125 0.0609375 0.040625
2 0.43984375 0.33125 0.0546875 0.04609375
2 0.2546875 0.41796875 0.065625 0.03515625
2 0.10390625 0.46796875 0.05859375 0.025
2 0.91953125 0.290625 0.06875 0.02421875
2 0.96640625 0.2421875 0.05 0.02265625
2 0.96328125 0.1546875 0.06875 0.0265625
2 0.91953125 0.1109375 0.0515625 0.02578125
2 0.84453125 0.14453125 0.0484375 0.0296875
2 0.86953125 0.078125 0.09609375 0.03515625
2 0.7984375 0.11171875 0.040625 0.0203125
2 0.51015625 0.0890625 0.08046875 0.028125
2 0.38828125 0.10703125 0.05390625 0.02265625
2 0.29375 0.09921875 0.05625 0.01875
2 0.50234375 0.17890625 0.0953125 0.034375
2 0.353125 0.1484375 0.07265625 0.0203125
2 0.16171875 0.1984375 0.0625 0.03203125
2 0.09609375 0.2765625 0.06640625 0.03046875
2 0.06015625 0.56015625 0.08359375 0.015625