0 0.08984375 0.11015625 0.06875 0.01875
0 0.9734375 0.096875 0.053125 0.01875
0 0.58828125 0.21328125 0.040625 0.0171875
0 0.596875 0.23671875 0.0515625 0.025
0 0.96875 0.2828125 0.0625 0.025
0 0.26796875 0.009375 0.0421875 0.01875
0 0.553125 0.1 0.059375 0.025
0 0.9625 0.19140625 0.075 0.0234375
0 0.63515625 0.60859375 0.053125 0.034375
0 0.61328125 0.9125 0.053125 0.0328125
0 0.86015625 0.828125 0.05625 0.0234375
0 0.95859375 0.94140625 0.0828125 0.01875
0 0.45390625 0.940625 0.053125 0.025
0 0.9484375 0.78515625 0.05625 0.03125
0 0.54140625 0.82421875 0.0484375 0.0296875
0 0.62578125 0.1765625 0.090625 0.0265625
0 0.2265625 0.8578125 0.075 0.021875
0 0.63828125 0.353125 0.034375 0.025
0 0.60859375 0.86875 0.053125 0.025
0 0.78046875 0.084375 0.0609375 0.01875
0 0.9453125 0.6765625 0.0515625 0.03125
0 0.63828125 0.1359375 0.075 0.025
0 0.6171875 0.82890625 0.059375 0.0265625
0 0.25390625 0.6875 0.0453125 0.028125
0 0.0359375 0.02578125 0.071875 0.015625
0 0.17421875 0.1203125 0.046875 0.025
0 0.66484375 0.615625 0.0375 0.0296875
0 0.34609375 0.309375 0.08125 0.021875
0 0.08984375 0.2703125 0.040625 0.01875
0 0.2453125 0.315625 0.05625 0.021875
0 0.49375 0.496875 0.053125 0.0265625
0 0.53125 0.9671875 0.0546875 0.028125
0 0.4046875 0.0109375 0.065625 0.021875
0 0.91953125 0.075 0.0421875 0.0234375
0 0.7515625 0.7671875 0.0625 0.025
0 0.11015625 0.02109375 0.05625 0.025
0 0.3359375 0.90234375 0.05625 0.0171875
0 0.8203125 0.053125 0.0625 0.0203125
0 0.33203125 0.40078125 0.046875 0.025
0 0.35234375 0.49921875 0.05 0.021875
0 0.4515625 0.03046875 0.084375 0.025
0 0.86875 0.68125 0.0640625 0.021875