0 0.90703125 0.684375 0.03125 0.05625
0 0.85625 0.43515625 0.0375 0.0515625
0 0.871875 0.49609375 0.01875 0.04375
0 0.8984375 0.54453125 0.028125 0.0875
0 0.93203125 0.5703125 0.021875 0.0515625
0 0.83671875 0.52578125 0.0390625 0.059375
0 0.83671875 0.60859375 0.01875 0.046875
0 0.85 0.14296875 0.0375 0.078125
0 0.76484375 0.27890625 0.046875 0.0453125
0 0.75703125 0.36796875 0.0203125 0.0828125
0 0.696875 0.59375 0.025 0.0515625
0 0.81484375 0.83125 0.0265625 0.0671875
0 0.86484375 0.74375 0.025 0.06875
0 0.7453125 0.53203125 0.03125 0.071875
0 0.54921875 0.49375 0.028125 0.0640625
0 0.5171875 0.365625 0.0375 0.0625
0 0.459375 0.7375 0.059375 0.0625
0 0.36796875 0.35 0.0375 0.090625
0 0.378125 0.2453125 0.0359375 0.0609375
0 0.28515625 0.3 0.034375 0.078125
0 0.31015625 0.5140625 0.0375 0.0609375
0 0.1890625 0.53515625 0.0484375 0.05625
0 0.24140625 0.6578125 0.053125 0.075
0 0.15625 0.36796875 0.03125 0.1
0 0.15 0.1265625 0.028125 0.0765625
0 0.1453125 0.6484375 0.0375 0.084375
0 0.40390625 0.82109375 0.0359375 0.053125
0 0.32109375 0.7 0.040625 0.096875
0 0.53046875 0.81875 0.040625 0.0890625
0 0.61171875 0.7828125 0.040625 0.0875
0 0.56640625 0.81484375 0.0296875 0.08125
0 0.559375 0.71953125 0.034375 0.0703125