0 0.10390625 0.3890625 0.021875 0.053125
0 0.07421875 0.40078125 0.01875 0.046875
0 0.0765625 0.6828125 0.01875 0.06875
0 0.0296875 0.74609375 0.021875 0.0609375
0 0.0375 0.87265625 0.01875 0.053125
0 0.15703125 0.740625 0.01875 0.0546875
0 0.15625 0.94921875 0.01875 0.0484375
0 0.1875 0.88203125 0.025 0.0625
0 0.33515625 0.921875 0.01875 0.040625
0 0.15078125 0.521875 0.021875 0.0515625
0 0.171875 0.62421875 0.028125 0.040625
0 0.16171875 0.21640625 0.025 0.040625
0 0.309375 0.43671875 0.025 0.0515625
0 0.1828125 0.18671875 0.021875 0.05625
0 0.24609375 0.03984375 0.015625 0.05625
0 0.14765625 0.078125 0.028125 0.0421875
0 0.1125 0.0515625 0.015625 0.0484375
0 0.12890625 0.56171875 0.015625 0.04375
0 0.3078125 0.96875 0.01875 0.0625
0 0.3390625 0.25546875 0.0234375 0.075
0 0.665625 0.51484375 0.0328125 0.040625
0 0.596875 0.234375 0.034375 0.053125
0 0.6671875 0.11640625 0.0375 0.0546875
0 0.5375 0.30390625 0.0328125 0.05
0 0.50078125 0.77890625 0.0234375 0.05
0 0.57578125 0.97578125 0.025 0.0484375
0 0.3859375 0.7796875 0.028125 0.053125
0 0.71640625 0.70625 0.025 0.046875
0 0.66953125 0.8765625 0.0234375 0.0515625
0 0.6296875 0.6140625 0.01875 0.0484375
0 0.69609375 0.015625 0.0375 0.03125
0 0.77578125 0.0203125 0.034375 0.040625
0 0.84296875 0.228125 0.0234375 0.0625
0 0.8140625 0.3140625 0.01875 0.05625
0 0.77265625 0.3078125 0.0234375 0.05625
0 0.86796875 0.2703125 0.01875 0.0828125
0 0.86015625 0.39609375 0.021875 0.053125
0 0.85234375 0.51484375 0.021875 0.053125
0 0.821875 0.43671875 0.025 0.078125
0 0.89375 0.1734375 0.03125 0.034375
0 0.9375 0.91953125 0.0265625 0.0625
0 0.940625 0.365625 0.0328125 0.0609375
0 0.0875 0.22734375 0.028125 0.078125
0 0.0640625 0.20390625 0.028125 0.05625
0 0.7890625 0.47109375 0.025 0.06875
0 0.26015625 0.88828125 0.01875 0.065625
0 0.90078125 0.80234375 0.03125 0.065625
0 0.66640625 0.21015625 0.0296875 0.0484375
0 0.871875 0.075 0.025 0.0625
0 0.93828125 0.025 0.021875 0.05
0 0.91640625 0.05546875 0.025 0.075
0 0.06015625 0.0765625 0.0234375 0.0765625
0 0.009375 0.44453125 0.01875 0.08125
0 0.01328125 0.86484375 0.0265625 0.090625
0 0.15390625 0.2796875 0.028125 0.0796875
0 0.84765625 0.68046875 0.021875 0.075
0 0.71875 0.32421875 0.028125 0.05625
0 0.28984375 0.01953125 0.0203125 0.0390625