0 0.06953125 0.128125 0.08125 0.0265625
0 0.184375 0.14375 0.07578125 0.0296875
0 0.2421875 0.17109375 0.10078125 0.02109375
0 0.359375 0.146875 0.06328125 0.01875
0 0.6875 0.1265625 0.06796875 0.021875
0 0.63125 0.18046875 0.075 0.0265625
0 0.8015625 0.18984375 0.06640625 0.021875
0 0.91640625 0.25390625 0.071875 0.028125
0 0.9421875 0.28671875 0.0703125 0.025
0 0.80234375 0.3296875 0.06796875 0.01953125
0 0.80546875 0.384375 0.05390625 0.02421875
0 0.359375 0.46875 0.05234375 0.02578125
0 0.11953125 0.4609375 0.07578125 0.02109375
0 0.0625 0.50625 0.06796875 0.02109375
0 0.02578125 0.25859375 0.0515625 0.04609375
0 0.2703125 0.49921875 0.06796875 0.02265625
0 0.49140625 0.515625 0.08125 0.02421875
0 0.3890625 0.5671875 0.05078125 0.03515625
0 0.315625 0.61171875 0.05703125 0.028125
0 0.33125 0.578125 0.0625 0.0203125
0 0.96953125 0.45390625 0.0453125 0.02734375
0 0.93984375 0.53203125 0.05546875 0.04375
0 0.22421875 0.78984375 0.0828125 0.0234375
0 0.02734375 0.82421875 0.0546875 0.0265625
0 0.0375 0.80390625 0.075 0.0203125
0 0.0203125 0.77734375 0.03984375 0.02890625
0 0.1125 0.83125 0.0625 0.02578125
0 0.15390625 0.8484375 0.0484375 0.0328125
0 0.51875 0.76171875 0.07890625 0.03125
0 0.65390625 0.778125 0.0859375 0.01875
0 0.6140625 0.90546875 0.05703125 0.03515625
0 0.61328125 0.87578125 0.084375 0.02734375
0 0.6375 0.846875 0.06875 0.0234375
0 0.784375 0.8328125 0.06796875 0.02265625
0 0.73671875 0.95078125 0.0859375 0.0234375
0 0.8546875 0.971875 0.07890625 0.03125
0 0.50625 0.5984375 0.05234375 0.0234375
0 0.7265625 0.540625 0.05078125 0.0359375
0 0.0203125 0.28671875 0.03984375 0.0171875
0 0.63203125 0.82578125 0.0703125 0.02109375
0 0.40390625 0.78203125 0.06875 0.0296875
0 0.5765625 0.72109375 0.071875 0.02578125
0 0.4953125 0.728125 0.0734375 0.02421875
0 0.946875 0.40390625 0.06640625 0.0234375