2 0.16875 0.040625 0.075 0.02421875
2 0.6765625 0.10703125 0.0703125 0.02265625
2 0.740625 0.12734375 0.08203125 0.021875
2 0.50625 0.13203125 0.08515625 0.0296875
2 0.9046875 0.17421875 0.078125 0.02109375
2 0.91640625 0.1203125 0.065625 0.02109375
2 0.30234375 0.146875 0.08515625 0.021875
2 0.29375 0.1125 0.05859375 0.0265625
2 0.34609375 0.18046875 0.0765625 0.021875
2 0.32421875 0.18515625 0.05390625 0.021875
2 0.53125 0.1609375 0.07890625 0.01875
2 0.6296875 0.2421875 0.05859375 0.0234375
2 0.13671875 0.2546875 0.06640625 0.0171875
2 0.1984375 0.34296875 0.028125 0.02578125
2 0.25234375 0.315625 0.04765625 0.02734375
2 0.09140625 0.1875 0.04453125 0.0296875
2 0.10546875 0.32578125 0.06796875 0.03359375
2 0.42734375 0.428125 0.04453125 0.0328125
2 0.4359375 0.59296875 0.06171875 0.0234375
2 0.3734375 0.58203125 0.0640625 0.03203125
2 0.63984375 0.5265625 0.06640625 0.01953125
2 0.871875 0.4421875 0.05859375 0.02109375
2 0.12890625 0.53671875 0.0359375 0.03671875
2 0.1359375 0.63125 0.0421875 0.0421875
2 0.3390625 0.6921875 0.0578125 0.03984375
2 0.4375 0.7484375 0.034375 0.03671875
2 0.140625 0.790625 0.05078125 0.01875
2 0.5296875 0.8046875 0.06796875 0.028125
2 0.23671875 0.79140625 0.0546875 0.0234375
2 0.3 0.88125 0.06171875 0.0265625
2 0.43984375 0.86015625 0.07890625 0.02421875
2 0.56953125 0.859375 0.0625 0.02109375
2 0.78046875 0.7984375 0.0703125 0.0203125
2 0.02578125 0.78984375 0.0515625 0.02265625