0 0.9671875 0.746875 0.0296875 0.0546875
0 0.91015625 0.37890625 0.021875 0.075
0 0.81640625 0.61640625 0.025 0.0515625
0 0.89375 0.54609375 0.034375 0.05625
0 0.96640625 0.33984375 0.034375 0.0625
0 0.8734375 0.36328125 0.021875 0.053125
0 0.78125 0.121875 0.0265625 0.0390625
0 0.7515625 0.2328125 0.025 0.0765625
0 0.65625 0.61171875 0.025 0.0453125
0 0.61875 0.11875 0.028125 0.0390625
0 0.57578125 0.78359375 0.021875 0.05
0 0.66796875 0.93203125 0.0390625 0.0625
0 0.60625 0.94921875 0.01875 0.0375
0 0.6296875 0.9765625 0.0265625 0.046875
0 0.45 0.37734375 0.025 0.0578125
0 0.31171875 0.6734375 0.0359375 0.05
0 0.19609375 0.1375 0.025 0.0515625
0 0.359375 0.4625 0.025 0.05625
0 0.45625 0.3015625 0.0265625 0.06875
0 0.3546875 0.6125 0.028125 0.0578125
0 0.30859375 0.92421875 0.0375 0.0578125
0 0.32265625 0.22578125 0.03125 0.08125
0 0.22578125 0.5609375 0.0171875 0.1109375
0 0.15859375 0.77890625 0.028125 0.0546875
0 0.1546875 0.28671875 0.021875 0.078125
0 0.2 0.24765625 0.025 0.0734375
0 0.11015625 0.5515625 0.0296875 0.0796875
0 0.02109375 0.5640625 0.03125 0.059375
0 0.03515625 0.709375 0.028125 0.0640625
0 0.0625 0.7734375 0.0265625 0.053125
0 0.86328125 0.12421875 0.0171875 0.078125
0 0.8796875 0.60625 0.01875 0.05625
0 0.85 0.63046875 0.0328125 0.059375
0 0.65078125 0.3578125 0.040625 0.046875
0 0.871875 0.4640625 0.025 0.059375
0 0.9546875 0.4265625 0.025 0.06875
0 0.81328125 0.1890625 0.028125 0.05625
0 0.3234375 0.7859375 0.025 0.0828125
0 0.94375 0.83046875 0.028125 0.0578125
0 0.96953125 0.87265625 0.021875 0.046875
0 0.665625 0.109375 0.0203125 0.0625
0 0.2203125 0.91015625 0.028125 0.08125
0 0.246875 0.64921875 0.01875 0.04375
0 0.2421875 0.54375 0.025 0.046875
0 0.18984375 0.72890625 0.0203125 0.034375
0 0.1359375 0.940625 0.028125 0.0609375
0 0.10546875 0.92578125 0.0296875 0.059375
0 0.8375 0.94921875 0.0234375 0.040625
0 0.7765625 0.9703125 0.0296875 0.059375
0 0.203125 0.753125 0.028125 0.05
0 0.16953125 0.8515625 0.01875 0.04375
0 0.1890625 0.94296875 0.025 0.046875