0 0.0203125 0.56640625 0.01875 0.0734375
0 0.03515625 0.50390625 0.0171875 0.0578125
0 0.05390625 0.05859375 0.01875 0.0625
0 0.1046875 0.19609375 0.015625 0.065625
0 0.06015625 0.61640625 0.021875 0.078125
0 0.25 0.7765625 0.021875 0.06875
0 0.20625 0.278125 0.021875 0.0703125
0 0.16953125 0.1 0.025 0.053125
0 0.196875 0.37265625 0.021875 0.059375
0 0.23828125 0.284375 0.0125 0.053125
0 0.29609375 0.0296875 0.01875 0.05625
0 0.3125 0.621875 0.021875 0.0484375
0 0.16953125 0.8609375 0.01875 0.0359375
0 0.1953125 0.7765625 0.021875 0.0359375
0 0.134375 0.7859375 0.01875 0.0359375
0 0.3234375 0.94296875 0.015625 0.04375
0 0.34921875 0.3625 0.025 0.059375
0 0.39453125 0.58125 0.0296875 0.03125
0 0.41875 0.58984375 0.01875 0.0375
0 0.48671875 0.8296875 0.015625 0.046875
0 0.53125 0.89375 0.0203125 0.03125
0 0.5078125 0.196875 0.015625 0.046875
0 0.53671875 0.13828125 0.01875 0.05
0 0.578125 0.38515625 0.0171875 0.059375
0 0.61640625 0.4828125 0.015625 0.04375
0 0.5953125 0.58046875 0.015625 0.040625
0 0.65390625 0.69609375 0.015625 0.034375
0 0.65390625 0.4953125 0.0109375 0.059375
0 0.66171875 0.51640625 0.0125 0.0546875
0 0.66953125 0.41328125 0.0125 0.053125
0 0.68984375 0.3125 0.0140625 0.046875
0 0.7015625 0.15234375 0.01875 0.040625
0 0.725 0.46875 0.0140625 0.040625
0 0.74453125 0.13828125 0.01875 0.034375
0 0.75 0.0609375 0.0203125 0.028125
0 0.75625 0.63671875 0.0140625 0.071875
0 0.79375 0.446875 0.015625 0.05
0 0.815625 0.33515625 0.015625 0.04375
0 0.77890625 0.08671875 0.015625 0.05
0 0.784375 0.5015625 0.0140625 0.0375
0 0.8171875 0.03203125 0.015625 0.0640625
0 0.86640625 0.01640625 0.0234375 0.0328125
0 0.828125 0.503125 0.009375 0.0421875
0 0.90234375 0.63125 0.0140625 0.03125
0 0.90703125 0.7 0.01875 0.0578125
0 0.84765625 0.54375 0.015625 0.0640625
0 0.76640625 0.6109375 0.01875 0.028125