0 0.46328125 0.06640625 0.046875 0.02578125
0 0.62734375 0.065625 0.06015625 0.0265625
0 0.76171875 0.10625 0.065625 0.021875
0 0.87109375 0.11640625 0.0828125 0.0265625
0 0.871875 0.15078125 0.0796875 0.03671875
0 0.66875 0.19921875 0.0578125 0.03046875
0 0.85234375 0.23671875 0.06484375 0.03125
0 0.396875 0.14921875 0.0578125 0.0234375
0 0.365625 0.17734375 0.04375 0.028125
0 0.23828125 0.165625 0.05703125 0.02421875
0 0.16640625 0.1765625 0.0703125 0.02421875
0 0.065625 0.13359375 0.046875 0.0265625
0 0.1234375 0.065625 0.0484375 0.0234375
0 0.31015625 0.1375 0.04609375 0.0234375
0 0.21875 0.13984375 0.04296875 0.02109375
0 0.46796875 0.29375 0.05625 0.034375
0 0.025 0.24296875 0.04921875 0.01875
0 0.4734375 0.3828125 0.06875 0.0140625
0 0.38984375 0.434375 0.071875 0.02109375
0 0.309375 0.5625 0.071875 0.0359375
0 0.16953125 0.57734375 0.03359375 0.03984375
0 0.76640625 0.59296875 0.04921875 0.01875
0 0.88828125 0.6171875 0.05234375 0.0203125
0 0.7359375 0.68515625 0.04140625 0.0265625
0 0.215625 0.7625 0.0546875 0.0234375
0 0.271875 0.83359375 0.04765625 0.02109375
0 0.21015625 0.8625 0.046875 0.01328125
0 0.26484375 0.915625 0.06015625 0.028125
0 0.45703125 0.84375 0.07109375 0.02109375
0 0.46484375 0.815625 0.05625 0.01953125