2 0.396875 0.8265625 0.0796875 0.03125
2 0.4 0.79375 0.0828125 0.034375
2 0.178125 0.8328125 0.0875 0.03125
2 0.071875 0.67109375 0.05 0.025
2 0.73203125 0.8234375 0.0421875 0.025
2 0.8078125 0.6390625 0.046875 0.0375
2 0.82421875 0.71328125 0.046875 0.0375
2 0.84375 0.778125 0.046875 0.028125
2 0.41875 0.684375 0.0734375 0.03125
2 0.2765625 0.534375 0.0640625 0.034375
2 0.346875 0.5515625 0.0265625 0.028125
2 0.61875 0.546875 0.05625 0.028125
2 0.6953125 0.521875 0.0375 0.021875
2 0.54765625 0.490625 0.0625 0.0296875
2 0.63515625 0.45703125 0.0625 0.021875
2 0.53515625 0.45859375 0.084375 0.0265625
2 0.86328125 0.5296875 0.0828125 0.046875
2 0.86484375 0.40390625 0.053125 0.021875
2 0.7296875 0.17734375 0.0625 0.03125
2 0.43828125 0.3171875 0.0734375 0.0203125
2 0.19296875 0.2625 0.05625 0.0171875
2 0.47578125 0.16953125 0.06875 0.0375
2 0.44375 0.165625 0.04375 0.01875
2 0.2546875 0.15859375 0.059375 0.015625
2 0.2578125 0.10546875 0.0421875 0.021875
2 0.45546875 0.0984375 0.075 0.0140625
2 0.71484375 0.14609375 0.0796875 0.015625
2 0.89765625 0.10625 0.05625 0.0296875
2 0.8625 0.10234375 0.0625 0.028125