0 0.890625 0.090625 0.015625 0.0765625
0 0.915625 0.38984375 0.015625 0.059375
0 0.84375 0.34296875 0.015625 0.0765625
0 0.8765625 0.48828125 0.0171875 0.0625
0 0.9671875 0.7828125 0.01875 0.0671875
0 0.896875 0.9046875 0.0234375 0.0671875
0 0.8703125 0.63515625 0.0203125 0.059375
0 0.84453125 0.525 0.025 0.065625
0 0.815625 0.446875 0.015625 0.059375
0 0.75234375 0.57109375 0.028125 0.040625
0 0.765625 0.2375 0.0140625 0.05625
0 0.80546875 0.23125 0.025 0.0453125
0 0.6765625 0.634375 0.015625 0.0625
0 0.61015625 0.34375 0.0265625 0.053125
0 0.5484375 0.2796875 0.021875 0.04375
0 0.54296875 0.54765625 0.028125 0.04375
0 0.69375 0.95859375 0.015625 0.0609375
0 0.48125 0.77890625 0.021875 0.065625
0 0.4234375 0.69140625 0.015625 0.05
0 0.42578125 0.40625 0.01875 0.0359375
0 0.4375 0.3203125 0.0171875 0.046875
0 0.4515625 0.36171875 0.0203125 0.0625
0 0.49609375 0.265625 0.01875 0.053125
0 0.2359375 0.40546875 0.0203125 0.05
0 0.246875 0.03125 0.01875 0.0625
0 0.203125 0.1078125 0.0203125 0.05625
0 0.18046875 0.3953125 0.025 0.06875
0 0.165625 0.48515625 0.01875 0.05625
0 0.23984375 0.490625 0.034375 0.0546875
0 0.2515625 0.7453125 0.025 0.034375
0 0.2203125 0.73515625 0.028125 0.04375
0 0.14609375 0.846875 0.01875 0.053125
0 0.1078125 0.4 0.028125 0.0765625
0 0.5890625 0.978125 0.025 0.0421875
0 0.8046875 0.828125 0.015625 0.040625
0 0.81640625 0.7859375 0.015625 0.05
0 0.340625 0.04296875 0.01875 0.053125
0 0.03984375 0.1421875 0.028125 0.0625
0 0.18046875 0.828125 0.021875 0.046875
0 0.23671875 0.8203125 0.025 0.046875
0 0.346875 0.9484375 0.025 0.0640625
0 0.40859375 0.65625 0.025 0.059375
0 0.21640625 0.3296875 0.01875 0.053125