0 0.95390625 0.8859375 0.025 0.0625
0 0.9625 0.84921875 0.03125 0.053125
0 0.91796875 0.6546875 0.025 0.0625
0 0.90859375 0.80859375 0.025 0.0765625
0 0.87578125 0.7453125 0.028125 0.0640625
0 0.8625 0.69140625 0.0234375 0.0625
0 0.85234375 0.953125 0.028125 0.0625
0 0.81953125 0.92890625 0.0375 0.065625
0 0.92421875 0.38125 0.0234375 0.075
0 0.96015625 0.34296875 0.0375 0.0703125
0 0.9015625 0.29765625 0.0296875 0.04375
0 0.72890625 0.584375 0.021875 0.065625
0 0.80703125 0.6328125 0.025 0.084375
0 0.84921875 0.38515625 0.025 0.046875
0 0.8375 0.215625 0.0265625 0.075
0 0.73046875 0.9140625 0.021875 0.059375
0 0.696875 0.975 0.03125 0.05
0 0.68359375 0.16015625 0.0234375 0.05625
0 0.70625 0.121875 0.025 0.05
0 0.67109375 0.20703125 0.0375 0.0625
0 0.5984375 0.19140625 0.03125 0.053125
0 0.54375 0.7296875 0.028125 0.071875
0 0.49609375 0.71328125 0.0140625 0.059375
0 0.5125 0.73125 0.021875 0.059375
0 0.5203125 0.26640625 0.025 0.046875
0 0.53359375 0.2 0.028125 0.0578125
0 0.43046875 0.65078125 0.021875 0.0625
0 0.38203125 0.58046875 0.01875 0.05625
0 0.41953125 0.775 0.021875 0.05625
0 0.3609375 0.66953125 0.025 0.05625
0 0.3328125 0.86875 0.0296875 0.0390625
0 0.23671875 0.48828125 0.025 0.05
0 0.3609375 0.140625 0.025 0.05
0 0.28125 0.240625 0.03125 0.04375
0 0.1796875 0.221875 0.021875 0.0515625
0 0.13671875 0.59375 0.0171875 0.0515625
0 0.0140625 0.746875 0.028125 0.05
0 0.10234375 0.43359375 0.021875 0.0375
0 0.115625 0.253125 0.021875 0.05
0 0.14453125 0.97734375 0.0203125 0.0453125
0 0.19296875 0.51796875 0.01875 0.0578125
0 0.21015625 0.25 0.028125 0.034375
0 0.19296875 0.9125 0.028125 0.05625
0 0.06796875 0.0875 0.025 0.078125
0 0.0515625 0.07734375 0.025 0.053125
0 0.165625 0.46171875 0.021875 0.059375