0 0.42578125 0.04453125 0.07265625 0.0203125
0 0.5625 0.06953125 0.06875 0.02109375
0 0.29375 0.1015625 0.07421875 0.0234375
0 0.415625 0.10625 0.06640625 0.01640625
0 0.08828125 0.16328125 0.06640625 0.01796875
0 0.09296875 0.14453125 0.05859375 0.02109375
0 0.21953125 0.128125 0.05 0.0234375
0 0.4015625 0.16328125 0.07265625 0.0140625
0 0.60390625 0.19453125 0.0578125 0.0234375
0 0.64375 0.15390625 0.071875 0.0265625
0 0.51171875 0.23359375 0.075 0.0203125
0 0.63515625 0.22890625 0.040625 0.03046875
0 0.440625 0.29140625 0.0640625 0.01796875
0 0.45390625 0.26484375 0.0421875 0.02578125
0 0.29609375 0.2140625 0.06015625 0.0203125
0 0.72109375 0.3015625 0.03828125 0.0265625
0 0.846875 0.25703125 0.0484375 0.0296875
0 0.9546875 0.2609375 0.0359375 0.0234375
0 0.94765625 0.13828125 0.0703125 0.02265625
0 0.95703125 0.1640625 0.0609375 0.02265625
0 0.671875 0.359375 0.040625 0.025
0 0.8 0.3921875 0.05546875 0.0203125
0 0.29921875 0.45234375 0.06484375 0.021875
0 0.65078125 0.465625 0.06171875 0.0234375
0 0.81015625 0.4421875 0.0265625 0.028125
0 0.175 0.5890625 0.0578125 0.0234375
0 0.68515625 0.56484375 0.0546875 0.02109375
0 0.9109375 0.65859375 0.046875 0.015625
0 0.4140625 0.834375 0.046875 0.03125
0 0.1953125 0.78203125 0.0484375 0.0203125
0 0.28125 0.75546875 0.0578125 0.0203125
0 0.61328125 0.875 0.06484375 0.02734375
0 0.75546875 0.89921875 0.0671875 0.025
0 0.88828125 0.82109375 0.06640625 0.0234375
0 0.6015625 0.84453125 0.06171875 0.02265625
0 0.10703125 0.95 0.06953125 0.01875
0 0.1484375 0.95234375 0.034375 0.03359375
0 0.4359375 0.7984375 0.06328125 0.0171875
0 0.0296875 0.60625 0.05859375 0.01640625
0 0.1375 0.875 0.05859375 0.02109375
0 0.01875 0.68671875 0.0375 0.03125