0 0.9734375 0.68203125 0.015625 0.046875
0 0.903125 0.671875 0.0203125 0.065625
0 0.959375 0.4265625 0.015625 0.059375
0 0.9484375 0.86015625 0.025 0.0828125
0 0.90390625 0.16796875 0.0203125 0.0859375
0 0.865625 0.234375 0.028125 0.0578125
0 0.85 0.04921875 0.0234375 0.05625
0 0.89765625 0.0921875 0.025 0.0578125
0 0.86953125 0.43203125 0.025 0.0703125
0 0.85703125 0.68359375 0.0234375 0.0703125
0 0.83203125 0.56484375 0.025 0.065625
0 0.790625 0.1171875 0.028125 0.05
0 0.7484375 0.03125 0.021875 0.0625
0 0.7875 0.34375 0.015625 0.071875
0 0.70859375 0.490625 0.021875 0.059375
0 0.7953125 0.41640625 0.0359375 0.05625
0 0.62578125 0.31015625 0.021875 0.046875
0 0.534375 0.48671875 0.0375 0.0671875
0 0.50078125 0.434375 0.03125 0.0546875
0 0.51484375 0.3 0.0375 0.065625
0 0.453125 0.14375 0.025 0.059375
0 0.48203125 0.13671875 0.028125 0.0515625
0 0.45234375 0.21953125 0.01875 0.0734375
0 0.44921875 0.04609375 0.025 0.0375
0 0.3125 0.06953125 0.0375 0.0390625
0 0.25078125 0.234375 0.01875 0.06875
0 0.23125 0.44453125 0.021875 0.078125
0 0.2046875 0.15703125 0.0203125 0.065625
0 0.1703125 0.0765625 0.021875 0.0734375
0 0.13828125 0.11640625 0.034375 0.05
0 0.12421875 0.1625 0.0234375 0.0859375
0 0.15703125 0.17265625 0.025 0.075
0 0.1453125 0.415625 0.021875 0.0890625
0 0.10234375 0.41328125 0.028125 0.053125
0 0.08984375 0.2671875 0.01875 0.059375
0 0.32421875 0.2859375 0.03125 0.046875
0 0.27265625 0.5375 0.03125 0.040625
0 0.309375 0.75078125 0.025 0.0671875
0 0.6296875 0.66640625 0.025 0.059375