2 0.9140625 0.71171875 0.021875 0.053125
2 0.934375 0.88203125 0.0234375 0.0625
2 0.94140625 0.8515625 0.021875 0.053125
2 0.89296875 0.44140625 0.025 0.0625
2 0.9140625 0.14296875 0.0203125 0.071875
2 0.89140625 0.325 0.0203125 0.05625
2 0.853125 0.6984375 0.01875 0.075
2 0.88515625 0.61875 0.0125 0.0734375
2 0.85859375 0.56875 0.021875 0.084375
2 0.78515625 0.27109375 0.021875 0.08125
2 0.7859375 0.134375 0.01875 0.0609375
2 0.86171875 0.93203125 0.028125 0.05
2 0.75234375 0.946875 0.0328125 0.0296875
2 0.72109375 0.8984375 0.03125 0.03125
2 0.753125 0.87734375 0.03125 0.0375
2 0.778125 0.78203125 0.025 0.0390625
2 0.74296875 0.36640625 0.0203125 0.065625
2 0.72421875 0.28125 0.01875 0.059375
2 0.69765625 0.3625 0.0265625 0.0546875
2 0.66875 0.86484375 0.0328125 0.034375
2 0.6265625 0.47109375 0.0234375 0.034375
2 0.534375 0.753125 0.0234375 0.046875
2 0.50625 0.8953125 0.021875 0.053125
2 0.45234375 0.87265625 0.0296875 0.034375
2 0.3921875 0.696875 0.0234375 0.0203125
2 0.3609375 0.959375 0.03125 0.03125
2 0.34453125 0.62734375 0.021875 0.046875
2 0.2234375 0.53046875 0.0203125 0.05625
2 0.24375 0.5171875 0.01875 0.071875
2 0.2734375 0.765625 0.034375 0.05625
2 0.2328125 0.815625 0.0125 0.0609375
2 0.27265625 0.9171875 0.025 0.0421875
2 0.140625 0.565625 0.01875 0.053125
2 0.15234375 0.4921875 0.0234375 0.059375
2 0.14296875 0.209375 0.0234375 0.040625
2 0.13046875 0.8140625 0.0203125 0.0609375
2 0.1953125 0.8671875 0.028125 0.04375
2 0.18515625 0.08203125 0.028125 0.034375