0 0.871875 0.93046875 0.0265625 0.08125
0 0.85625 0.815625 0.0296875 0.0765625
0 0.82890625 0.7578125 0.021875 0.1015625
0 0.853125 0.640625 0.01875 0.0625
0 0.8734375 0.3125 0.021875 0.06875
0 0.81953125 0.36875 0.0265625 0.075
0 0.81015625 0.1984375 0.021875 0.065625
0 0.74609375 0.08359375 0.028125 0.071875
0 0.71328125 0.0578125 0.025 0.0703125
0 0.6703125 0.19765625 0.01875 0.06875
0 0.615625 0.19453125 0.025 0.053125
0 0.53125 0.640625 0.025 0.053125
0 0.5390625 0.88046875 0.021875 0.075
0 0.49375 0.9375 0.021875 0.06875
0 0.74140625 0.97421875 0.046875 0.0515625
0 0.50078125 0.7296875 0.021875 0.06875
0 0.484375 0.50859375 0.025 0.08125
0 0.4328125 0.6109375 0.034375 0.05
0 0.38828125 0.684375 0.028125 0.05625
0 0.421875 0.66875 0.0203125 0.0625
0 0.54609375 0.03046875 0.028125 0.0453125
0 0.46796875 0.06015625 0.04375 0.05625
0 0.21015625 0.77578125 0.0234375 0.0828125
0 0.17578125 0.97265625 0.0265625 0.0546875
0 0.19609375 0.9625 0.0203125 0.075
0 0.22265625 0.9796875 0.028125 0.040625
0 0.16875 0.8875 0.025 0.0625
0 0.1515625 0.84609375 0.0328125 0.0484375
0 0.23828125 0.48125 0.03125 0.078125
0 0.221875 0.34609375 0.01875 0.0859375
0 0.09453125 0.3859375 0.034375 0.05625
0 0.12421875 0.38671875 0.028125 0.084375
0 0.153125 0.3625 0.0234375 0.06875
0 0.1671875 0.215625 0.021875 0.06875
0 0.04921875 0.26328125 0.0234375 0.0859375
0 0.028125 0.1453125 0.03125 0.078125
0 0.4015625 0.49375 0.0234375 0.053125
0 0.459375 0.2734375 0.0359375 0.05
0 0.71328125 0.9796875 0.0171875 0.040625
0 0.17421875 0.36796875 0.021875 0.0703125
0 0.21796875 0.59609375 0.0296875 0.06875
0 0.27890625 0.4234375 0.025 0.071875
0 0.271875 0.5046875 0.025 0.0734375
0 0.59609375 0.053125 0.0234375 0.065625