0 0.41640625 0.35234375 0.025 0.071875
0 0.46328125 0.22265625 0.021875 0.0828125
0 0.48046875 0.14921875 0.025 0.0734375
0 0.5140625 0.25625 0.034375 0.0625
0 0.2 0.646875 0.0390625 0.078125
0 0.2796875 0.5171875 0.04375 0.059375
0 0.1234375 0.11640625 0.0265625 0.065625
0 0.0546875 0.590625 0.034375 0.0546875
0 0.0265625 0.65703125 0.028125 0.078125
0 0.10078125 0.77734375 0.0265625 0.04375
0 0.29609375 0.9375 0.0359375 0.053125
0 0.3125 0.88515625 0.021875 0.0578125
0 0.34609375 0.98046875 0.0234375 0.0390625
0 0.48203125 0.86953125 0.0265625 0.040625
0 0.45546875 0.4625 0.0140625 0.0546875
0 0.48359375 0.3953125 0.021875 0.0609375
0 0.5390625 0.871875 0.04375 0.090625
0 0.5859375 0.609375 0.025 0.059375
0 0.6375 0.56640625 0.0203125 0.04375
0 0.625 0.62890625 0.034375 0.0515625
0 0.68359375 0.528125 0.0375 0.040625
0 0.68671875 0.36875 0.0265625 0.059375
0 0.66015625 0.40078125 0.01875 0.040625
0 0.6515625 0.165625 0.028125 0.046875
0 0.73984375 0.2484375 0.01875 0.0484375
0 0.709375 0.2546875 0.025 0.0625
0 0.74765625 0.3546875 0.028125 0.05
0 0.79140625 0.40859375 0.0296875 0.05
0 0.82109375 0.47265625 0.01875 0.05625
0 0.80234375 0.2890625 0.0265625 0.059375
0 0.8390625 0.67421875 0.025 0.04375