2 0.85234375 0.85859375 0.04609375 0.01640625
2 0.93359375 0.8578125 0.03984375 0.01875
2 0.86640625 0.796875 0.04375 0.0140625
2 0.8671875 0.82265625 0.04140625 0.01171875
2 0.5578125 0.7984375 0.05390625 0.0125
2 0.5484375 0.75703125 0.04921875 0.01328125
2 0.20625 0.78828125 0.03984375 0.0140625
2 0.24765625 0.8390625 0.0328125 0.01484375
2 0.06015625 0.79453125 0.03359375 0.0078125
2 0.265625 0.69609375 0.03671875 0.01640625
2 0.371875 0.53984375 0.04765625 0.01953125
2 0.50546875 0.6296875 0.06953125 0.01953125
2 0.4671875 0.56875 0.0421875 0.028125
2 0.5828125 0.5765625 0.0578125 0.0234375
2 0.48359375 0.54453125 0.0625 0.01640625
2 0.04921875 0.5609375 0.04921875 0.02890625
2 0.7984375 0.5203125 0.03515625 0.0203125
2 0.465625 0.41640625 0.02578125 0.01875
2 0.3828125 0.46796875 0.04453125 0.0171875
2 0.14609375 0.31328125 0.0359375 0.015625
2 0.31171875 0.39453125 0.0421875 0.01796875
2 0.82734375 0.4 0.0375 0.0234375
2 0.8515625 0.36875 0.05 0.021875
2 0.73515625 0.29609375 0.0296875 0.021875
2 0.63671875 0.21796875 0.03515625 0.0125
2 0.51796875 0.18515625 0.05390625 0.01640625
2 0.48515625 0.196875 0.05390625 0.015625
2 0.57109375 0.15078125 0.02890625 0.01640625
2 0.72578125 0.1609375 0.03203125 0.01484375
2 0.39609375 0.17890625 0.06015625 0.0171875
2 0.32421875 0.1828125 0.02734375 0.01796875
2 0.346875 0.15234375 0.0625 0.01953125
2 0.53046875 0.09375 0.06328125 0.02109375
2 0.19765625 0.1234375 0.04453125 0.015625
2 0.0953125 0.1203125 0.0390625 0.0203125
2 0.08203125 0.18515625 0.0421875 0.02734375
2 0.06875 0.22109375 0.03359375 0.0203125
2 0.0828125 0.24921875 0.0546875 0.01328125
2 0.12109375 0.26953125 0.03203125 0.01875
2 0.13515625 0.25703125 0.02890625 0.01953125
2 0.16640625 0.28828125 0.04921875 0.021875
2 0.20390625 0.2546875 0.0390625 0.02421875
2 0.159375 0.51484375 0.03046875 0.0234375