0 0.75546875 0.10625 0.08671875 0.025
0 0.79375 0.05625 0.0828125 0.02109375
0 0.72734375 0.02734375 0.071875 0.02734375
0 0.74609375 0.13828125 0.05234375 0.02578125
0 0.4265625 0.1828125 0.071875 0.02734375
0 0.06484375 0.1203125 0.0578125 0.03671875
0 0.65390625 0.18515625 0.078125 0.0296875
0 0.5828125 0.1125 0.05078125 0.0296875
0 0.596875 0.04375 0.0703125 0.0328125
0 0.2484375 0.2 0.07265625 0.02421875
0 0.03984375 0.2484375 0.07890625 0.0265625
0 0.48046875 0.29453125 0.07578125 0.0453125
0 0.675 0.36953125 0.071875 0.0375
0 0.365625 0.36640625 0.07578125 0.03203125
0 0.309375 0.5125 0.0703125 0.0234375
0 0.171875 0.5015625 0.0859375 0.03203125
0 0.4671875 0.44375 0.071875 0.034375
0 0.421875 0.49375 0.07421875 0.02734375
0 0.26953125 0.5609375 0.08671875 0.02890625
0 0.06875 0.8234375 0.0859375 0.03359375
0 0.07421875 0.5953125 0.05390625 0.01796875
0 0.225 0.78359375 0.06875 0.0296875
0 0.27890625 0.87734375 0.0625 0.03359375
0 0.6390625 0.61484375 0.06640625 0.028125
0 0.3703125 0.76640625 0.078125 0.025
0 0.40546875 0.8578125 0.08203125 0.0234375
0 0.21796875 0.83515625 0.0859375 0.03046875
0 0.09609375 0.8828125 0.07265625 0.03046875