0 0.42421875 0.1328125 0.0640625 0.0203125
0 0.31328125 0.15625 0.05625 0.015625
0 0.72265625 0.0359375 0.071875 0.0296875
0 0.2765625 0.2265625 0.075 0.021875
0 0.5109375 0.16015625 0.05625 0.0375
0 0.6828125 0.134375 0.0859375 0.0265625
0 0.946875 0.09921875 0.08125 0.021875
0 0.1546875 0.11953125 0.0875 0.0203125
0 0.02109375 0.134375 0.0421875 0.028125
0 0.00859375 0.11484375 0.0171875 0.0265625
0 0.5890625 0.2578125 0.05 0.025
0 0.63671875 0.3125 0.1 0.0296875
0 0.32265625 0.37578125 0.06875 0.025
0 0.2625 0.45 0.059375 0.0234375
0 0.934375 0.31015625 0.06875 0.025
0 0.98125 0.41484375 0.0375 0.0296875
0 0.6828125 0.58828125 0.071875 0.01875
0 0.68203125 0.57578125 0.084375 0.021875
0 0.7734375 0.52109375 0.06875 0.028125
0 0.92109375 0.57265625 0.0484375 0.0203125
0 0.38125 0.5484375 0.0703125 0.01875
0 0.05 0.5109375 0.0484375 0.021875
0 0.2671875 0.5046875 0.05 0.01875
0 0.053125 0.66796875 0.059375 0.025
0 0.046875 0.7546875 0.0625 0.01875
0 0.40859375 0.76015625 0.046875 0.025
0 0.18515625 0.8015625 0.05 0.01875
0 0.36953125 0.81484375 0.0578125 0.021875
0 0.5375 0.8296875 0.0671875 0.01875
0 0.72734375 0.7765625 0.05625 0.0140625
0 0.55390625 0.44375 0.046875 0.034375
0 0.378125 0.18515625 0.059375 0.025
0 0.709375 0.16328125 0.04375 0.01875
0 0.0828125 0.78359375 0.065625 0.0234375
0 0.259375 0.77265625 0.0734375 0.028125
0 0.4390625 0.890625 0.05625 0.025
0 0.8203125 0.871875 0.06875 0.021875
0 0.6328125 0.97421875 0.046875 0.0265625
0 0.91796875 0.6578125 0.065625 0.015625
0 0.946875 0.525 0.059375 0.021875
0 0.10390625 0.87109375 0.0703125 0.0171875
0 0.06953125 0.959375 0.0625 0.028125
0 0.85078125 0.97421875 0.06875 0.03125
0 0.36015625 0.61640625 0.0375 0.021875
0 0.44140625 0.0953125 0.078125 0.015625