2 0.98359375 0.89609375 0.0328125 0.0359375
2 0.9640625 0.7828125 0.040625 0.0578125
2 0.8703125 0.890625 0.028125 0.04375
2 0.90234375 0.8984375 0.028125 0.040625
2 0.81328125 0.59765625 0.0203125 0.0609375
2 0.90078125 0.534375 0.034375 0.053125
2 0.9046875 0.1125 0.01875 0.059375
2 0.77578125 0.2296875 0.021875 0.0734375
2 0.75390625 0.47109375 0.028125 0.0484375
2 0.790625 0.440625 0.03125 0.065625
2 0.56640625 0.4765625 0.025 0.040625
2 0.7078125 0.1265625 0.021875 0.05625
2 0.72578125 0.37421875 0.0171875 0.06875
2 0.47734375 0.921875 0.0265625 0.040625
2 0.409375 0.5046875 0.025 0.0328125
2 0.34140625 0.38046875 0.021875 0.05625
2 0.35859375 0.0640625 0.01875 0.0578125
2 0.33828125 0.60859375 0.0203125 0.0453125
2 0.48046875 0.98828125 0.0375 0.0234375
2 0.33671875 0.921875 0.0265625 0.040625
2 0.18671875 0.753125 0.028125 0.059375
2 0.13984375 0.66171875 0.00625 0.0578125
2 0.1828125 0.5890625 0.021875 0.075
2 0.14921875 0.409375 0.01875 0.05
2 0.128125 0.2859375 0.0203125 0.046875
2 0.15078125 0.09765625 0.0171875 0.05625
2 0.20859375 0.2390625 0.0171875 0.059375
2 0.30703125 0.93046875 0.025 0.03125
2 0.871875 0.3234375 0.01875 0.0421875
2 0.88515625 0.240625 0.025 0.04375
2 0.76953125 0.9546875 0.0203125 0.0453125
2 0.61484375 0.84609375 0.0265625 0.034375