2 0.94140625 0.33671875 0.04375 0.0796875
2 0.90859375 0.4453125 0.040625 0.0703125
2 0.85234375 0.40703125 0.0265625 0.1375
2 0.81015625 0.69609375 0.04375 0.1359375
2 0.81015625 0.57109375 0.03125 0.06875
2 0.7875 0.4953125 0.0234375 0.05625
2 0.74921875 0.775 0.0375 0.0828125
2 0.91328125 0.70546875 0.034375 0.065625
2 0.90546875 0.96640625 0.04375 0.0671875
2 0.934375 0.09921875 0.04375 0.09375
2 0.8890625 0.11171875 0.021875 0.0609375
2 0.78828125 0.04765625 0.0375 0.0296875
2 0.73125 0.10390625 0.046875 0.0453125
2 0.61015625 0.2203125 0.04375 0.0578125
2 0.59140625 0.29296875 0.028125 0.08125
2 0.63984375 0.43984375 0.03125 0.0546875
2 0.609375 0.50390625 0.034375 0.05
2 0.840625 0.03359375 0.040625 0.04375
2 0.58515625 0.0453125 0.0375 0.034375
2 0.57109375 0.1421875 0.0375 0.0515625
2 0.528125 0.10234375 0.034375 0.05625
2 0.48125 0.15234375 0.05 0.040625
2 0.215625 0.35703125 0.0359375 0.0609375
2 0.1703125 0.409375 0.025 0.0546875
2 0.19375 0.77265625 0.025 0.0453125
2 0.2765625 0.1125 0.021875 0.0859375
2 0.3625 0.08125 0.028125 0.059375