0 0.30390625 0.028125 0.05703125 0.01875
0 0.50546875 0.02734375 0.05703125 0.025
0 0.4171875 0.0296875 0.046875 0.03203125
0 0.46484375 0.09296875 0.0625 0.01484375
0 0.51953125 0.07578125 0.0421875 0.028125
0 0.74140625 0.07890625 0.06015625 0.02109375
0 0.86171875 0.05234375 0.06484375 0.02109375
0 0.1296875 0.128125 0.046875 0.02421875
0 0.86328125 0.11953125 0.0640625 0.01796875
0 0.61796875 0.2328125 0.07109375 0.025
0 0.70078125 0.25546875 0.04453125 0.02109375
0 0.33046875 0.334375 0.04453125 0.03359375
0 0.85625 0.35703125 0.06953125 0.02421875
0 0.62890625 0.41328125 0.03984375 0.03125
0 0.67109375 0.45234375 0.03984375 0.028125
0 0.5953125 0.4625 0.0546875 0.0203125
0 0.34140625 0.540625 0.06171875 0.0375
0 0.2140625 0.53671875 0.0421875 0.0265625
0 0.14921875 0.55625 0.03671875 0.03203125
0 0.025 0.60234375 0.05 0.02265625
0 0.0453125 0.6515625 0.04609375 0.034375
0 0.18984375 0.65 0.0640625 0.0203125
0 0.21953125 0.69140625 0.0578125 0.02109375
0 0.6796875 0.55859375 0.0546875 0.028125
0 0.9015625 0.509375 0.05 0.0265625
0 0.08359375 0.74765625 0.0578125 0.02578125
0 0.1046875 0.8109375 0.05078125 0.03125
0 0.3140625 0.83515625 0.0640625 0.02109375
0 0.2875 0.78671875 0.06484375 0.0171875
0 0.60859375 0.846875 0.08046875 0.0234375
0 0.553125 0.86953125 0.05703125 0.0234375
0 0.4421875 0.9484375 0.08359375 0.02421875
0 0.49453125 0.88828125 0.06484375 0.02421875
0 0.921875 0.678125 0.059375 0.02421875