0 0.178125 0.43828125 0.025 0.053125
0 0.15859375 0.628125 0.01875 0.0625
0 0.12734375 0.58203125 0.021875 0.0671875
0 0.1921875 0.87265625 0.021875 0.05625
0 0.1703125 0.70234375 0.021875 0.04375
0 0.16953125 0.640625 0.0234375 0.05625
0 0.2515625 0.35390625 0.028125 0.05
0 0.24140625 0.21796875 0.0203125 0.0828125
0 0.34765625 0.63828125 0.025 0.046875
0 0.3359375 0.98671875 0.021875 0.025
0 0.26953125 0.4 0.015625 0.05625
0 0.396875 0.434375 0.0203125 0.0578125
0 0.48515625 0.590625 0.034375 0.025
0 0.515625 0.5125 0.028125 0.046875
0 0.578125 0.60390625 0.01875 0.0640625
0 0.584375 0.84140625 0.01875 0.0625
0 0.565625 0.8515625 0.021875 0.05625
0 0.61484375 0.73359375 0.015625 0.053125
0 0.64375 0.2640625 0.021875 0.05625
0 0.690625 0.26953125 0.03125 0.0578125
0 0.75703125 0.84609375 0.01875 0.059375
0 0.81953125 0.74453125 0.0265625 0.04375
0 0.82265625 0.9328125 0.0265625 0.0359375
0 0.8578125 0.85625 0.021875 0.05
0 0.87265625 0.78359375 0.03125 0.040625
0 0.884375 0.465625 0.0203125 0.0625
0 0.87109375 0.465625 0.01875 0.053125
0 0.79609375 0.5140625 0.0234375 0.065625
0 0.734375 0.628125 0.021875 0.05625
0 0.84921875 0.65859375 0.025 0.065625