0 0.9828125 0.225 0.015625 0.04375
0 0.92578125 0.15625 0.028125 0.04375
0 0.8796875 0.4921875 0.03125 0.0578125
0 0.85078125 0.27734375 0.01875 0.05625
0 0.7703125 0.4921875 0.01875 0.05
0 0.734375 0.16796875 0.025 0.0453125
0 0.86875 0.03203125 0.01875 0.0484375
0 0.8421875 0.13515625 0.0140625 0.03125
0 0.6453125 0.640625 0.01875 0.0515625
0 0.87109375 0.88359375 0.021875 0.0375
0 0.64765625 0.23828125 0.03125 0.0515625
0 0.5 0.75 0.03125 0.078125
0 0.42578125 0.940625 0.025 0.0484375
0 0.18828125 0.759375 0.025 0.0765625
0 0.1484375 0.66484375 0.03125 0.0640625
0 0.1359375 0.52421875 0.025 0.05
0 0.3890625 0.2203125 0.025 0.04375
0 0.2546875 0.85390625 0.034375 0.059375
0 0.23125 0.596875 0.025 0.0625
0 0.209375 0.94921875 0.021875 0.065625
0 0.1078125 0.46171875 0.01875 0.0375
0 0.0703125 0.79921875 0.028125 0.0625
0 0.0984375 0.7921875 0.021875 0.0359375
0 0.053125 0.2859375 0.0203125 0.046875
0 0.39765625 0.44765625 0.0234375 0.0546875
0 0.3890625 0.390625 0.021875 0.046875
0 0.45703125 0.82265625 0.015625 0.0578125
0 0.584375 0.9390625 0.01875 0.0859375
0 0.78828125 0.33203125 0.04375 0.05