0 0.02734375 0.153125 0.0546875 0.021875
0 0.52109375 0.13203125 0.06875 0.01875
0 0.28046875 0.078125 0.053125 0.01875
0 0.42578125 0.2921875 0.040625 0.0171875
0 0.6078125 0.32421875 0.0515625 0.025
0 0.96640625 0.26484375 0.0625 0.025
0 0.40625 0.009375 0.0421875 0.01875
0 0.9703125 0.1171875 0.059375 0.025
0 0.94375 0.1953125 0.075 0.0234375
0 0.50625 0.62890625 0.053125 0.034375
0 0.1625 0.72265625 0.046875 0.025
0 0.2671875 0.775 0.053125 0.0234375
0 0.8359375 0.80859375 0.053125 0.0328125
0 0.64296875 0.84375 0.05625 0.0234375
0 0.85234375 0.88203125 0.0828125 0.01875
0 0.52734375 0.75390625 0.053125 0.021875
0 0.4 0.90234375 0.078125 0.025
0 0.91328125 0.85390625 0.05625 0.03125
0 0.028125 0.2140625 0.05625 0.028125
0 0.484375 0.7890625 0.0484375 0.0296875
0 0.8 0.8546875 0.075 0.025
0 0.59921875 0.1 0.090625 0.0265625
0 0.0828125 0.3734375 0.0796875 0.028125
0 0.484375 0.834375 0.075 0.021875
0 0.9828125 0.36796875 0.034375 0.025
0 0.82734375 0.946875 0.071875 0.0265625
0 0.11875 0.65234375 0.04375 0.0328125
0 0.625 0.8171875 0.053125 0.025
0 0.96953125 0.14140625 0.0609375 0.01875
0 0.75625 0.6703125 0.0515625 0.03125
0 0.7515625 0.16484375 0.075 0.025
0 0.27265625 0.81640625 0.0734375 0.034375
0 0.2375 0.6625 0.0453125 0.028125
0 0.0328125 0.68515625 0.0390625 0.028125
0 0.4078125 0.05 0.06875 0.015625
0 0.61328125 0.09296875 0.046875 0.025
0 0.19375 0.42265625 0.0375 0.0296875
0 0.5078125 0.18984375 0.08125 0.021875
0 0.034375 0.2671875 0.040625 0.01875
0 0.18984375 0.2984375 0.05625 0.021875