0 0.89453125 0.1 0.015625 0.065625
0 0.89140625 0.0171875 0.021875 0.034375
0 0.87890625 0.3515625 0.0140625 0.059375
0 0.84453125 0.08046875 0.015625 0.05
0 0.83125 0.390625 0.01875 0.053125
0 0.8765625 0.60390625 0.015625 0.059375
0 0.865625 0.53203125 0.0203125 0.0625
0 0.953125 0.86015625 0.0203125 0.071875
0 0.88984375 0.87734375 0.015625 0.0625
0 0.821875 0.5515625 0.01875 0.071875
0 0.8421875 0.553125 0.0171875 0.0625
0 0.82421875 0.28828125 0.025 0.06875
0 0.77421875 0.2125 0.015625 0.053125
0 0.7625 0.603125 0.025 0.05625
0 0.73515625 0.55 0.021875 0.05
0 0.671875 0.66328125 0.021875 0.0578125
0 0.86171875 0.8640625 0.015625 0.046875
0 0.53828125 0.28828125 0.021875 0.0390625
0 0.6015625 0.375 0.021875 0.0640625
0 0.496875 0.0484375 0.01875 0.05625
0 0.45078125 0.36015625 0.015625 0.065625
0 0.440625 0.4375 0.01875 0.05
0 0.471875 0.76640625 0.0203125 0.0484375
0 0.58203125 0.978125 0.021875 0.04375
0 0.70078125 0.93671875 0.028125 0.0375
0 0.696875 0.96953125 0.01875 0.04375
0 0.89375 0.25625 0.021875 0.065625
0 0.5203125 0.52109375 0.0203125 0.0421875
0 0.48828125 0.2421875 0.01875 0.0375
0 0.2484375 0.4390625 0.0140625 0.046875
0 0.2296875 0.2375 0.0171875 0.053125
0 0.21015625 0.1578125 0.015625 0.0375
0 0.18359375 0.271875 0.021875 0.059375
0 0.16875 0.42109375 0.0125 0.059375
0 0.2578125 0.4859375 0.03125 0.0359375
0 0.15546875 0.6546875 0.01875 0.059375
0 0.2296875 0.77265625 0.025 0.0375
0 0.09765625 0.5109375 0.0171875 0.06875
0 0.0734375 0.49921875 0.015625 0.06875
0 0.09296875 0.33125 0.021875 0.04375
0 0.11796875 0.22421875 0.0203125 0.05625
0 0.1125 0.178125 0.01875 0.046875
0 0.03046875 0.234375 0.025 0.0625
0 0.43046875 0.69453125 0.01875 0.059375