2 0.28828125 0.0859375 0.05390625 0.02265625
2 0.11796875 0.065625 0.06171875 0.0234375
2 0.1484375 0.05859375 0.05390625 0.02109375
2 0.55859375 0.10703125 0.0625 0.025
2 0.85703125 0.0859375 0.07109375 0.0203125
2 0.675 0.10859375 0.05703125 0.0203125
2 0.3015625 0.146875 0.07421875 0.01953125
2 0.38125 0.11484375 0.07265625 0.01328125
2 0.43125 0.14140625 0.084375 0.02265625
2 0.72890625 0.21484375 0.08046875 0.02265625
2 0.865625 0.2140625 0.0609375 0.01953125
2 0.06796875 0.13828125 0.04921875 0.02734375
2 0.053125 0.24765625 0.02890625 0.0328125
2 0.1015625 0.27890625 0.03203125 0.03046875
2 0.12265625 0.246875 0.03671875 0.03203125
2 0.21796875 0.221875 0.0390625 0.02578125
2 0.63359375 0.25703125 0.06640625 0.0203125
2 0.71875 0.27578125 0.059375 0.01953125
2 0.6375 0.30234375 0.0546875 0.0265625
2 0.13515625 0.33125 0.034375 0.0328125
2 0.52890625 0.3734375 0.034375 0.0234375
2 0.246875 0.465625 0.04609375 0.0234375
2 0.1046875 0.49375 0.05234375 0.02265625
2 0.12734375 0.54765625 0.034375 0.0296875
2 0.303125 0.6078125 0.0203125 0.0234375
2 0.040625 0.6390625 0.03046875 0.03046875
2 0.37265625 0.65546875 0.04609375 0.021875
2 0.46953125 0.7765625 0.05625 0.0203125
2 0.4828125 0.75625 0.071875 0.01953125
2 0.234375 0.7265625 0.05625 0.03359375
2 0.184375 0.7671875 0.06171875 0.01328125
2 0.0828125 0.72734375 0.0421875 0.02578125
2 0.434375 0.859375 0.05234375 0.01796875
2 0.5078125 0.84765625 0.05859375 0.0234375
2 0.790625 0.85703125 0.03984375 0.0234375
2 0.1859375 0.86953125 0.06015625 0.0203125
2 0.1328125 0.8046875 0.04453125 0.028125
2 0.91796875 0.81484375 0.034375 0.028125