0 0.1296875 0.125 0.01875 0.06875
0 0.19765625 0.93046875 0.01875 0.053125
0 0.271875 0.96875 0.025 0.0625
0 0.009375 0.30859375 0.01875 0.0421875
0 0.14140625 0.59453125 0.025 0.059375
0 0.6015625 0.196875 0.034375 0.053125
0 0.85234375 0.5140625 0.0234375 0.05625
0 0.9453125 0.6640625 0.025 0.053125
0 0.8296875 0.89375 0.03125 0.05625
0 0.175 0.59921875 0.0265625 0.090625
0 0.42578125 0.2078125 0.028125 0.0796875
0 0.86796875 0.23125 0.028125 0.053125
0 0.75078125 0.375 0.0328125 0.04375
0 0.85546875 0.62109375 0.025 0.053125
0 0.10390625 0.50703125 0.01875 0.0609375
0 0.65 0.79296875 0.03125 0.0515625
0 0.22890625 0.55234375 0.025 0.075
0 0.9015625 0.30546875 0.0265625 0.059375
0 0.109375 0.05234375 0.015625 0.06875
0 0.2171875 0.57890625 0.025 0.046875
0 0.60859375 0.6296875 0.028125 0.0734375
0 0.321875 0.37265625 0.021875 0.08125
0 0.29609375 0.24140625 0.028125 0.065625
0 0.28359375 0.08984375 0.021875 0.05625
0 0.4984375 0.33984375 0.0265625 0.053125
0 0.471875 0.21640625 0.028125 0.05
0 0.975 0.5640625 0.028125 0.0546875
0 0.053125 0.8046875 0.021875 0.065625
0 0.10546875 0.88046875 0.01875 0.0734375
0 0.078125 0.89296875 0.0234375 0.0421875
0 0.765625 0.7625 0.025 0.0625
0 0.03359375 0.071875 0.025 0.05625
0 0.89296875 0.5484375 0.0171875 0.05625
0 0.3484375 0.6484375 0.0296875 0.0640625
0 0.128125 0.74140625 0.0296875 0.04375
0 0.07421875 0.77890625 0.0265625 0.046875
0 0.95390625 0.946875 0.0296875 0.065625
0 0.9421875 0.47265625 0.021875 0.06875