0 0.02890625 0.35234375 0.0203125 0.0375
0 0.10859375 0.0828125 0.025 0.0375
0 0.20234375 0.209375 0.028125 0.04375
0 0.21484375 0.13671875 0.0171875 0.0640625
0 0.15546875 0.60234375 0.03125 0.059375
0 0.17109375 0.47890625 0.015625 0.05
0 0.0671875 0.66484375 0.0203125 0.0390625
0 0.05 0.80234375 0.015625 0.046875
0 0.02578125 0.7984375 0.0171875 0.0546875
0 0.065625 0.8765625 0.01875 0.0515625
0 0.11328125 0.7734375 0.01875 0.0421875
0 0.12890625 0.46796875 0.0234375 0.03125
0 0.10546875 0.5078125 0.01875 0.040625
0 0.16875 0.3734375 0.0171875 0.0375
0 0.121875 0.3546875 0.021875 0.0703125
0 0.01484375 0.11484375 0.01875 0.0609375
0 0.21875 0.94765625 0.0203125 0.040625
0 0.25625 0.725 0.0328125 0.0390625
0 0.30625 0.62890625 0.028125 0.05
0 0.3953125 0.7671875 0.03125 0.046875
0 0.3578125 0.15859375 0.021875 0.0625
0 0.39765625 0.14296875 0.03125 0.053125
0 0.48984375 0.2640625 0.0171875 0.0359375
0 0.50625 0.28515625 0.025 0.0296875
0 0.50390625 0.69921875 0.021875 0.0375
0 0.51484375 0.7875 0.0265625 0.046875
0 0.56953125 0.33359375 0.028125 0.0578125
0 0.646875 0.3296875 0.021875 0.046875
0 0.66015625 0.1265625 0.0203125 0.05
0 0.64921875 0.88984375 0.021875 0.0515625
0 0.78046875 0.659375 0.015625 0.0421875
0 0.703125 0.5953125 0.03125 0.025
0 0.7015625 0.72890625 0.021875 0.046875
0 0.92265625 0.825 0.021875 0.0375
0 0.88203125 0.74375 0.015625 0.046875
0 0.85625 0.72734375 0.021875 0.034375
0 0.8390625 0.68359375 0.015625 0.03125
0 0.8984375 0.64609375 0.015625 0.040625
0 0.90703125 0.4765625 0.0203125 0.0625
0 0.875 0.33515625 0.015625 0.06875
0 0.93984375 0.18046875 0.01875 0.059375
0 0.803125 0.06640625 0.01875 0.0625
0 0.81796875 0.159375 0.015625 0.0484375
0 0.81953125 0.2671875 0.0171875 0.046875
0 0.68359375 0.2296875 0.034375 0.0546875
0 0.7625 0.6421875 0.025 0.028125
0 0.803125 0.4015625 0.0234375 0.05
0 0.11171875 0.40859375 0.021875 0.0390625
0 0.178125 0.95546875 0.028125 0.0609375
0 0.971875 0.23671875 0.0375 0.05625