2 0.0515625 0.85078125 0.015625 0.078125
2 0.1078125 0.6828125 0.01875 0.0421875
2 0.14921875 0.61875 0.028125 0.0453125
2 0.1015625 0.48359375 0.025 0.0734375
2 0.08671875 0.31796875 0.021875 0.0640625
2 0.24140625 0.02734375 0.028125 0.025
2 0.14609375 0.871875 0.021875 0.078125
2 0.29921875 0.81171875 0.028125 0.05
2 0.36484375 0.965625 0.03125 0.03125
2 0.44921875 0.59140625 0.028125 0.040625
2 0.38046875 0.49765625 0.028125 0.046875
2 0.37265625 0.3546875 0.03125 0.053125
2 0.6 0.45 0.025 0.046875
2 0.5734375 0.3796875 0.0265625 0.04375
2 0.59375 0.28125 0.025 0.0484375
2 0.67265625 0.23828125 0.0296875 0.053125
2 0.74921875 0.2515625 0.025 0.040625
2 0.740625 0.4828125 0.021875 0.04375
2 0.77421875 0.415625 0.0203125 0.0390625
2 0.8421875 0.36875 0.0265625 0.053125
2 0.8578125 0.10859375 0.028125 0.0453125
2 0.821875 0.5921875 0.025 0.04375
2 0.7296875 0.55703125 0.01875 0.05
2 0.71171875 0.5640625 0.01875 0.0421875
2 0.63671875 0.88671875 0.021875 0.0421875
2 0.840625 0.871875 0.0375 0.0453125
2 0.82890625 0.915625 0.01875 0.0359375