0 0.97734375 0.909375 0.028125 0.0671875
0 0.93046875 0.69453125 0.0359375 0.0765625
0 0.91484375 0.28828125 0.028125 0.09375
0 0.94296875 0.3109375 0.028125 0.075
0 0.97890625 0.346875 0.025 0.10625
0 0.98046875 0.10625 0.021875 0.06875
0 0.86875 0.3703125 0.0234375 0.078125
0 0.88359375 0.43515625 0.028125 0.090625
0 0.8109375 0.8421875 0.0421875 0.0421875
0 0.79296875 0.64609375 0.021875 0.0609375
0 0.7625 0.965625 0.0265625 0.06875
0 0.80859375 0.52890625 0.034375 0.059375
0 0.82109375 0.47890625 0.040625 0.046875
0 0.7625 0.52578125 0.025 0.059375
0 0.71015625 0.49609375 0.03125 0.059375
0 0.7015625 0.44453125 0.03125 0.0578125
0 0.7328125 0.1875 0.03125 0.1
0 0.6375 0.8984375 0.0265625 0.0546875
0 0.6140625 0.87578125 0.0234375 0.0375
0 0.678125 0.64375 0.03125 0.053125
0 0.64921875 0.1296875 0.028125 0.06875
0 0.6796875 0.24140625 0.025 0.053125
0 0.60390625 0.5484375 0.028125 0.04375
0 0.5390625 0.93828125 0.0296875 0.071875
0 0.5078125 0.409375 0.025 0.06875
0 0.415625 0.56015625 0.0296875 0.03125
0 0.409375 0.4125 0.0265625 0.05625
0 0.40390625 0.784375 0.01875 0.0640625
0 0.37109375 0.9109375 0.0265625 0.0359375
0 0.328125 0.31328125 0.0234375 0.06875
0 0.33828125 0.48125 0.0234375 0.05625
0 0.35390625 0.4328125 0.025 0.046875
0 0.3296875 0.5921875 0.025 0.05
0 0.2578125 0.8859375 0.015625 0.053125
0 0.14296875 0.80703125 0.021875 0.0625
0 0.24375 0.18828125 0.0140625 0.078125
0 0.2734375 0.22109375 0.0234375 0.0828125
0 0.14375 0.428125 0.03125 0.053125
0 0.196875 0.18046875 0.03125 0.05
0 0.14140625 0.95390625 0.015625 0.065625
0 0.16953125 0.675 0.0265625 0.075
0 0.19609375 0.6578125 0.01875 0.08125
0 0.1296875 0.32109375 0.028125 0.0375
0 0.1609375 0.9625 0.021875 0.0625
0 0.9125 0.98515625 0.025 0.0296875
0 0.18046875 0.37578125 0.0421875 0.05