0 0.9609375 0.921875 0.040625 0.0671875
0 0.9 0.83203125 0.0125 0.109375
0 0.909375 0.86953125 0.025 0.0421875
0 0.8875 0.73125 0.015625 0.065625
0 0.73515625 0.64375 0.0296875 0.040625
0 0.67734375 0.2453125 0.034375 0.040625
0 0.68671875 0.18671875 0.028125 0.053125
0 0.78671875 0.1171875 0.03125 0.05
0 0.83515625 0.25234375 0.025 0.05625
0 0.8984375 0.35859375 0.0203125 0.0625
0 0.9390625 0.54140625 0.028125 0.0734375
0 0.9625 0.3765625 0.028125 0.075
0 0.9109375 0.37265625 0.021875 0.046875
0 0.8421875 0.44453125 0.034375 0.0515625
0 0.98046875 0.69765625 0.034375 0.0375
0 0.5578125 0.7359375 0.0390625 0.090625
0 0.6796875 0.934375 0.03125 0.05
0 0.4984375 0.7140625 0.0328125 0.06875
0 0.6046875 0.2078125 0.046875 0.053125
0 0.53671875 0.19453125 0.0265625 0.059375
0 0.43125 0.64375 0.0328125 0.0703125
0 0.36015625 0.6640625 0.025 0.0734375
0 0.3890625 0.775 0.025 0.065625
0 0.3421875 0.86875 0.034375 0.084375
0 0.35546875 0.23515625 0.034375 0.05625
0 0.3546875 0.11484375 0.034375 0.0625
0 0.3890625 0.0625 0.04375 0.06875
0 0.28828125 0.259375 0.025 0.065625
0 0.2421875 0.43984375 0.0359375 0.0640625
0 0.3671875 0.4765625 0.021875 0.0265625
0 0.1234375 0.6171875 0.0375 0.059375
0 0.20859375 0.546875 0.034375 0.05625
0 0.22890625 0.9125 0.034375 0.0703125
0 0.10625 0.40703125 0.021875 0.05
0 0.10703125 0.31015625 0.034375 0.040625
0 0.04375 0.7734375 0.0375 0.1
0 0.121875 0.9484375 0.034375 0.04375
0 0.43671875 0.22421875 0.0296875 0.059375
0 0.73125 0.11875 0.028125 0.0625
0 0.165625 0.5453125 0.021875 0.06875
0 0.15859375 0.24375 0.025 0.0578125
0 0.09765625 0.1609375 0.0203125 0.04375
0 0.178125 0.9515625 0.03125 0.071875
0 0.81953125 0.9421875 0.025 0.05625
0 0.73515625 0.95859375 0.021875 0.0828125