0 0.06796875 0.33671875 0.0546875 0.09375
0 0.0734375 0.79140625 0.04375 0.1046875
0 0.0546875 0.771875 0.025 0.0625
0 0.1453125 0.540625 0.0359375 0.1
0 0.16484375 0.61484375 0.034375 0.078125
0 0.16328125 0.80546875 0.0375 0.06875
0 0.1921875 0.91484375 0.046875 0.0953125
0 0.1578125 0.93046875 0.028125 0.0453125
0 0.23828125 0.71484375 0.03125 0.065625
0 0.3125 0.59921875 0.05 0.0859375
0 0.32421875 0.7265625 0.034375 0.09375
0 0.35078125 0.88515625 0.034375 0.0609375
0 0.1984375 0.37734375 0.04375 0.090625
0 0.11328125 0.16953125 0.03125 0.0703125
0 0.1265625 0.7734375 0.025 0.0390625
0 0.12734375 0.69375 0.0203125 0.0578125
0 0.24296875 0.1171875 0.0390625 0.08125
0 0.1265625 0.078125 0.021875 0.05
0 0.47890625 0.9734375 0.0328125 0.053125
0 0.596875 0.675 0.034375 0.053125
0 0.61015625 0.96328125 0.0265625 0.0625
0 0.784375 0.48125 0.021875 0.05625
0 0.82265625 0.5515625 0.028125 0.053125
0 0.86171875 0.496875 0.01875 0.0625
0 0.840625 0.684375 0.0265625 0.05
0 0.7890625 0.7390625 0.028125 0.05625
0 0.83984375 0.8734375 0.0375 0.04375
0 0.83671875 0.1453125 0.0234375 0.065625
0 0.7921875 0.1203125 0.03125 0.046875
0 0.56328125 0.30625 0.03125 0.09375