2 0.8046875 0.0734375 0.0421875 0.01484375
2 0.83125 0.0984375 0.05703125 0.01875
2 0.7 0.096875 0.04921875 0.02109375
2 0.528125 0.10390625 0.03203125 0.00859375
2 0.42265625 0.13359375 0.03671875 0.00859375
2 0.2453125 0.0859375 0.06171875 0.01796875
2 0.36484375 0.08671875 0.078125 0.02265625
2 0.8015625 0.1421875 0.06640625 0.01640625
2 0.9453125 0.11796875 0.04375 0.01796875
2 0.27265625 0.15390625 0.0390625 0.025
2 0.2484375 0.1703125 0.04609375 0.0140625
2 0.1984375 0.190625 0.040625 0.0203125
2 0.1546875 0.1875 0.05 0.02734375
2 0.084375 0.1796875 0.046875 0.02734375
2 0.0578125 0.24453125 0.0484375 0.0234375
2 0.16953125 0.2765625 0.04921875 0.03046875
2 0.3921875 0.30390625 0.0609375 0.04140625
2 0.3078125 0.38203125 0.0421875 0.02734375
2 0.540625 0.43046875 0.06484375 0.0234375
2 0.84296875 0.2984375 0.0546875 0.0265625
2 0.8140625 0.4421875 0.03984375 0.02109375
2 0.825 0.5140625 0.040625 0.03828125
2 0.878125 0.503125 0.0359375 0.025
2 0.61875 0.63359375 0.03125 0.02421875
2 0.88125 0.64453125 0.0359375 0.025
2 0.25078125 0.56953125 0.03671875 0.028125
2 0.20546875 0.5171875 0.0421875 0.0234375
2 0.171875 0.4671875 0.0734375 0.02421875
2 0.18359375 0.62890625 0.04765625 0.02734375
2 0.32578125 0.5671875 0.04296875 0.02578125
2 0.1421875 0.69609375 0.0515625 0.02890625
2 0.25234375 0.7171875 0.03828125 0.0296875
2 0.11171875 0.7671875 0.0515625 0.0265625
2 0.175 0.8515625 0.05390625 0.01953125
2 0.13125 0.78828125 0.03671875 0.021875
2 0.9 0.83671875 0.0625 0.02265625
2 0.84296875 0.8375 0.02890625 0.0328125
2 0.51328125 0.76953125 0.046875 0.03203125
2 0.425 0.76328125 0.0296875 0.02421875
2 0.03984375 0.3296875 0.04609375 0.01796875