0 0.16484375 0.65625 0.03125 0.075
0 0.19765625 0.66015625 0.015625 0.046875
0 0.26953125 0.73828125 0.021875 0.078125
0 0.190625 0.89765625 0.021875 0.05625
0 0.11484375 0.878125 0.0375 0.040625
0 0.11171875 0.728125 0.025 0.096875
0 0.13125 0.31484375 0.0328125 0.040625
0 0.25 0.059375 0.034375 0.059375
0 0.184375 0.3625 0.0328125 0.0875
0 0.06484375 0.27265625 0.0203125 0.05625
0 0.096875 0.05703125 0.0390625 0.1
0 0.0734375 0.6 0.034375 0.075
0 0.053125 0.51796875 0.028125 0.040625
0 0.11484375 0.38984375 0.021875 0.05625
0 0.26015625 0.41171875 0.021875 0.05625
0 0.3296875 0.3671875 0.0328125 0.065625
0 0.35234375 0.296875 0.046875 0.06875
0 0.3765625 0.08125 0.0296875 0.025
0 0.33359375 0.11015625 0.028125 0.0546875
0 0.2890625 0.8171875 0.034375 0.053125
0 0.403125 0.80078125 0.03125 0.046875
0 0.46953125 0.92734375 0.034375 0.0625
0 0.49375 0.5859375 0.0375 0.075
0 0.4828125 0.1671875 0.021875 0.05625
0 0.534375 0.2765625 0.040625 0.05625
0 0.5984375 0.56640625 0.034375 0.05625
0 0.5203125 0.91875 0.015625 0.034375
0 0.6140625 0.9390625 0.034375 0.078125
0 0.690625 0.596875 0.028125 0.06875
0 0.76953125 0.3984375 0.034375 0.075
0 0.74453125 0.14765625 0.03125 0.06875
0 0.7140625 0.23046875 0.0203125 0.0375
0 0.86328125 0.4046875 0.025 0.1
0 0.878125 0.7234375 0.034375 0.071875
0 0.8703125 0.78515625 0.0234375 0.0796875
0 0.83046875 0.7890625 0.021875 0.04375