0 0.2875 0.040625 0.0703125 0.015625
0 0.55390625 0.04765625 0.040625 0.028125
0 0.64375 0.05234375 0.065625 0.015625
0 0.63046875 0.0296875 0.059375 0.021875
0 0.890625 0.06484375 0.075 0.01875
0 0.67734375 0.0921875 0.084375 0.015625
0 0.74609375 0.1125 0.0609375 0.0140625
0 0.4625 0.021875 0.04375 0.01875
0 0.603125 0.240625 0.065625 0.01875
0 0.18125 0.13046875 0.05625 0.015625
0 0.221875 0.14140625 0.059375 0.01875
0 0.32109375 0.3703125 0.040625 0.0265625
0 0.78046875 0.28671875 0.05625 0.015625
0 0.87421875 0.37109375 0.065625 0.0171875
0 0.484375 0.48046875 0.059375 0.021875
0 0.59609375 0.475 0.0359375 0.025
0 0.67890625 0.4984375 0.04375 0.021875
0 0.11640625 0.4859375 0.0625 0.021875
0 0.2328125 0.58671875 0.0578125 0.021875
0 0.11015625 0.5875 0.040625 0.0390625
0 0.09921875 0.61328125 0.0515625 0.0265625
0 0.48984375 0.628125 0.0609375 0.0203125
0 0.67265625 0.56484375 0.04375 0.021875
0 0.840625 0.6578125 0.040625 0.021875
0 0.93046875 0.55 0.046875 0.025
0 0.2359375 0.68203125 0.06875 0.01875
0 0.5328125 0.70625 0.05625 0.021875
0 0.875 0.70703125 0.05625 0.01875
0 0.865625 0.75703125 0.04375 0.025
0 0.58671875 0.81015625 0.065625 0.0171875
0 0.21875 0.796875 0.071875 0.025
0 0.07890625 0.7875 0.0546875 0.021875
0 0.2234375 0.84453125 0.059375 0.025
0 0.353125 0.85625 0.0546875 0.0265625
0 0.178125 0.8625 0.0578125 0.025
0 0.67265625 0.8578125 0.0703125 0.0234375
0 0.29375 0.77890625 0.06875 0.01875
0 0.80390625 0.82265625 0.05 0.01875