0 0.90078125 0.8921875 0.028125 0.0578125
0 0.86328125 0.21640625 0.03125 0.059375
0 0.77734375 0.4328125 0.034375 0.084375
0 0.70078125 0.38828125 0.025 0.05625
0 0.79296875 0.09375 0.021875 0.046875
0 0.76328125 0.025 0.025 0.040625
0 0.68125 0.040625 0.025 0.0578125
0 0.6984375 0.65234375 0.025 0.0515625
0 0.71328125 0.48984375 0.021875 0.0484375
0 0.7375 0.62890625 0.0203125 0.053125
0 0.71640625 0.89765625 0.021875 0.071875
0 0.6859375 0.8203125 0.021875 0.0609375
0 0.58984375 0.26328125 0.0265625 0.046875
0 0.46171875 0.45546875 0.025 0.059375
0 0.48984375 0.66953125 0.028125 0.05
0 0.4140625 0.65390625 0.021875 0.0484375
0 0.4359375 0.653125 0.0234375 0.05625
0 0.334375 0.5453125 0.0265625 0.071875
0 0.359375 0.44765625 0.0390625 0.084375
0 0.26796875 0.45078125 0.0328125 0.075
0 0.2828125 0.1953125 0.028125 0.075
0 0.25234375 0.146875 0.03125 0.06875
0 0.215625 0.196875 0.01875 0.05
0 0.2125 0.15 0.01875 0.046875
0 0.26015625 0.05078125 0.0265625 0.0390625
0 0.246875 0.0921875 0.01875 0.025
0 0.1671875 0.15625 0.0171875 0.065625
0 0.1421875 0.32109375 0.0203125 0.0453125
0 0.165625 0.415625 0.021875 0.046875
0 0.16953125 0.35234375 0.0203125 0.0453125
0 0.1140625 0.10234375 0.01875 0.05625
0 0.08359375 0.08203125 0.01875 0.0421875
0 0.10078125 0.621875 0.025 0.0578125
0 0.6234375 0.540625 0.025 0.08125
0 0.45 0.54375 0.04375 0.0546875
0 0.4015625 0.321875 0.021875 0.078125
0 0.4015625 0.05234375 0.025 0.053125