0 0.1875 0.15546875 0.0515625 0.025
0 0.4484375 0.27890625 0.06171875 0.05625
0 0.5296875 0.27421875 0.05625 0.03828125
0 0.57890625 0.2140625 0.08046875 0.0328125
0 0.803125 0.24921875 0.05390625 0.0328125
0 0.9390625 0.1515625 0.0515625 0.04140625
0 0.9296875 0.11796875 0.06484375 0.0328125
0 0.33125 0.05703125 0.11875 0.06015625
0 0.46640625 0.3953125 0.11328125 0.0296875
0 0.09140625 0.47578125 0.06484375 0.04453125
0 0.20859375 0.4640625 0.1265625 0.0296875
0 0.321875 0.48515625 0.07265625 0.053125
0 0.4984375 0.5390625 0.09140625 0.03984375
0 0.275 0.60390625 0.096875 0.028125
0 0.2953125 0.54921875 0.1046875 0.03125
0 0.0984375 0.6203125 0.12109375 0.03828125
0 0.403125 0.74296875 0.06171875 0.0328125
0 0.409375 0.71015625 0.07578125 0.0296875
0 0.4125 0.66171875 0.10234375 0.04140625
0 0.24921875 0.70078125 0.1046875 0.03984375
0 0.68984375 0.61953125 0.1078125 0.04296875
0 0.7328125 0.6609375 0.08046875 0.071875
0 0.5578125 0.6421875 0.11328125 0.0453125
0 0.878125 0.54375 0.08046875 0.05625
0 0.57265625 0.4515625 0.07265625 0.04296875
0 0.55234375 0.91171875 0.07578125 0.04296875
0 0.06484375 0.903125 0.06484375 0.0453125
0 0.23828125 0.79921875 0.13203125 0.05859375
0 0.6375 0.8765625 0.08359375 0.03671875
0 0.56171875 0.815625 0.115625 0.03125
0 0.8703125 0.93671875 0.096875 0.0546875