2 0.92578125 0.86640625 0.053125 0.01875
2 0.48359375 0.7875 0.053125 0.01640625
2 0.33671875 0.834375 0.0296875 0.01875
2 0.275 0.7375 0.0515625 0.02578125
2 0.16953125 0.7171875 0.03515625 0.0234375
2 0.11640625 0.734375 0.03125 0.02265625
2 0.0703125 0.7578125 0.03359375 0.02109375
2 0.05 0.84921875 0.05703125 0.02890625
2 0.6875 0.7734375 0.0515625 0.01484375
2 0.57890625 0.75546875 0.04375 0.01484375
2 0.40390625 0.6578125 0.03125 0.021875
2 0.5203125 0.62421875 0.05390625 0.021875
2 0.4703125 0.5828125 0.06875 0.03046875
2 0.45546875 0.52109375 0.0578125 0.025
2 0.59296875 0.58203125 0.03515625 0.01875
2 0.40703125 0.57578125 0.05390625 0.02421875
2 0.38515625 0.47265625 0.0421875 0.034375
2 0.421875 0.37421875 0.04921875 0.025
2 0.1171875 0.4171875 0.0375 0.0265625
2 0.15234375 0.42265625 0.03671875 0.02421875
2 0.303125 0.15078125 0.040625 0.01640625
2 0.39375 0.17109375 0.053125 0.02734375
2 0.571875 0.14296875 0.04453125 0.0234375
2 0.50859375 0.16640625 0.075 0.0203125
2 0.53984375 0.11484375 0.05 0.0296875
2 0.6015625 0.0875 0.0515625 0.01953125
2 0.3828125 0.10234375 0.06171875 0.02734375
2 0.3828125 0.0921875 0.0484375 0.0125
2 0.08125 0.15625 0.053125 0.00859375
2 0.14453125 0.165625 0.0390625 0.01484375
2 0.1078125 0.12734375 0.0375 0.021875
2 0.96328125 0.1609375 0.04609375 0.01875
2 0.85078125 0.18359375 0.04375 0.015625
2 0.728125 0.20234375 0.0734375 0.0234375
2 0.8234375 0.30234375 0.0484375 0.0265625
2 0.8625 0.3859375 0.03359375 0.021875
2 0.89453125 0.41953125 0.04375 0.021875
2 0.3640625 0.4703125 0.053125 0.0109375
2 0.97890625 0.7984375 0.0421875 0.02265625