2 0.06640625 0.546875 0.025 0.0671875
2 0.09375 0.4234375 0.021875 0.065625
2 0.08203125 0.0890625 0.0234375 0.05
2 0.078125 0.24765625 0.01875 0.0453125
2 0.1453125 0.40078125 0.01875 0.059375
2 0.1171875 0.35859375 0.025 0.0578125
2 0.1640625 0.03828125 0.040625 0.0484375
2 0.15078125 0.27109375 0.015625 0.04375
2 0.14609375 0.51328125 0.01875 0.05625
2 0.13984375 0.8625 0.025 0.034375
2 0.1171875 0.8015625 0.0203125 0.046875
2 0.0921875 0.78671875 0.021875 0.046875
2 0.0734375 0.7265625 0.0328125 0.065625
2 0.08984375 0.9171875 0.025 0.0421875
2 0.12109375 0.8890625 0.025 0.053125
2 0.14375 0.9796875 0.025 0.040625
2 0.29375 0.97265625 0.04375 0.040625
2 0.26484375 0.9078125 0.03125 0.05
2 0.19296875 0.47265625 0.028125 0.0421875
2 0.3328125 0.94453125 0.021875 0.0375
2 0.4875 0.934375 0.0203125 0.04375
2 0.45703125 0.93984375 0.028125 0.0328125
2 0.44765625 0.9109375 0.0375 0.028125
2 0.4296875 0.87578125 0.03125 0.0375
2 0.56640625 0.878125 0.034375 0.040625
2 0.56953125 0.840625 0.03125 0.04375
2 0.5515625 0.48515625 0.0265625 0.04375
2 0.46796875 0.16640625 0.025 0.04375
2 0.66171875 0.340625 0.015625 0.075
2 0.840625 0.2921875 0.01875 0.05
2 0.8109375 0.2296875 0.0203125 0.0515625
2 0.825 0.58671875 0.021875 0.053125
2 0.7109375 0.57734375 0.0359375 0.05
2 0.77421875 0.6953125 0.0171875 0.05
2 0.77109375 0.6546875 0.0296875 0.046875
2 0.85078125 0.72109375 0.0265625 0.05
2 0.77421875 0.91640625 0.0203125 0.046875
2 0.8296875 0.88671875 0.0234375 0.05
2 0.71484375 0.9171875 0.0234375 0.053125
2 0.69453125 0.90859375 0.015625 0.0390625
2 0.18046875 0.18359375 0.01875 0.046875
2 0.496875 0.6 0.028125 0.0375