0 0.0859375 0.04375 0.01875 0.053125
0 0.0984375 0.2890625 0.015625 0.0765625
0 0.12109375 0.19609375 0.015625 0.071875
0 0.13828125 0.15390625 0.021875 0.065625
0 0.16484375 0.23203125 0.01875 0.05
0 0.225 0.11796875 0.025 0.040625
0 0.11171875 0.4984375 0.021875 0.0625
0 0.14453125 0.55 0.0203125 0.0625
0 0.1265625 0.56328125 0.0171875 0.053125
0 0.215625 0.6828125 0.0203125 0.0546875
0 0.1796875 0.67890625 0.021875 0.05
0 0.1453125 0.75859375 0.01875 0.071875
0 0.1875 0.81484375 0.021875 0.0484375
0 0.13203125 0.8328125 0.01875 0.05625
0 0.1578125 0.87421875 0.025 0.040625
0 0.06171875 0.77265625 0.025 0.0609375
0 0.01484375 0.52109375 0.021875 0.071875
0 0.2671875 0.6796875 0.01875 0.046875
0 0.26953125 0.91484375 0.0171875 0.0453125
0 0.44296875 0.33359375 0.01875 0.0625
0 0.4640625 0.0375 0.025 0.05
0 0.4703125 0.0609375 0.01875 0.04375
0 0.55703125 0.36875 0.021875 0.05625
0 0.66640625 0.6453125 0.0265625 0.046875
0 0.66953125 0.03203125 0.028125 0.053125
0 0.76015625 0.1109375 0.0390625 0.04375
0 0.796875 0.23203125 0.0171875 0.06875
0 0.7890625 0.259375 0.0203125 0.0875
0 0.78984375 0.090625 0.01875 0.059375
0 0.8828125 0.465625 0.0265625 0.046875
0 0.8484375 0.66875 0.025 0.05625
0 0.8703125 0.13828125 0.01875 0.053125
0 0.88515625 0.2046875 0.01875 0.05625
0 0.953125 0.2171875 0.025 0.053125
0 0.9609375 0.03359375 0.0296875 0.0671875
0 0.884375 0.57578125 0.025 0.065625
0 0.725 0.9109375 0.028125 0.0359375
0 0.62578125 0.68125 0.025 0.053125