0 0.9359375 0.29609375 0.0203125 0.08125
0 0.9109375 0.46953125 0.01875 0.08125
0 0.84765625 0.803125 0.025 0.0484375
0 0.88203125 0.48671875 0.021875 0.059375
0 0.825 0.3234375 0.028125 0.040625
0 0.840625 0.2984375 0.015625 0.0546875
0 0.8453125 0.04140625 0.0234375 0.0578125
0 0.790625 0.44140625 0.0171875 0.0515625
0 0.82109375 0.796875 0.015625 0.0640625
0 0.82421875 0.62109375 0.0125 0.059375
0 0.79296875 0.94765625 0.021875 0.0453125
0 0.796875 0.1578125 0.01875 0.05625
0 0.78203125 0.12734375 0.01875 0.065625
0 0.74609375 0.44375 0.01875 0.053125
0 0.653125 0.23046875 0.0234375 0.040625
0 0.6203125 0.58359375 0.03125 0.0359375
0 0.58203125 0.771875 0.0234375 0.0328125
0 0.5640625 0.84375 0.028125 0.0328125
0 0.48125 0.84140625 0.021875 0.0453125
0 0.48203125 0.753125 0.0125 0.053125
0 0.51875 0.57734375 0.01875 0.05625
0 0.50625 0.23046875 0.0203125 0.053125
0 0.44140625 0.46875 0.0296875 0.046875
0 0.4015625 0.784375 0.021875 0.040625
0 0.37109375 0.75859375 0.021875 0.0546875
0 0.38828125 0.471875 0.0234375 0.046875
0 0.36171875 0.415625 0.0203125 0.0453125
0 0.33125 0.4765625 0.0234375 0.0453125
0 0.30546875 0.48671875 0.0234375 0.046875
0 0.340625 0.16015625 0.021875 0.034375
0 0.3375 0.1140625 0.01875 0.0359375
0 0.2765625 0.15390625 0.025 0.0296875
0 0.403125 0.109375 0.0234375 0.03125
0 0.31875 0.69296875 0.0265625 0.040625
0 0.3359375 0.684375 0.015625 0.0421875
0 0.309375 0.9046875 0.025 0.0515625
0 0.2734375 0.9 0.0265625 0.0421875
0 0.2265625 0.81015625 0.025 0.021875
0 0.22421875 0.9046875 0.015625 0.05625
0 0.18515625 0.73359375 0.021875 0.0515625
0 0.16328125 0.64765625 0.01875 0.078125
0 0.1796875 0.54765625 0.01875 0.04375
0 0.16015625 0.81015625 0.01875 0.040625
0 0.0921875 0.8984375 0.01875 0.04375