2 0.64296875 0.10078125 0.09140625 0.02578125
2 0.46875 0.1125 0.06640625 0.0265625
2 0.32421875 0.14296875 0.09609375 0.034375
2 0.28046875 0.0984375 0.06484375 0.0359375
2 0.0890625 0.0390625 0.06796875 0.0359375
2 0.15078125 0.0140625 0.06953125 0.0203125
2 0.090625 0.103125 0.05234375 0.02421875
2 0.35703125 0.26015625 0.078125 0.03046875
2 0.61875 0.2125 0.06015625 0.02421875
2 0.9109375 0.27734375 0.05078125 0.0234375
2 0.4921875 0.4625 0.06328125 0.053125
2 0.39609375 0.5625 0.078125 0.02421875
2 0.46015625 0.6 0.0359375 0.01328125
2 0.48125 0.63828125 0.0390625 0.028125
2 0.38359375 0.65625 0.0515625 0.02578125
2 0.15625 0.5390625 0.0375 0.03828125
2 0.12109375 0.58671875 0.02421875 0.03125
2 0.10703125 0.71953125 0.08515625 0.021875
2 0.2953125 0.85234375 0.05703125 0.0328125
2 0.68046875 0.84453125 0.078125 0.0234375
2 0.89453125 0.85859375 0.0765625 0.02109375
2 0.7984375 0.84609375 0.040625 0.01875
2 0.51015625 0.37890625 0.09296875 0.0375