0 0.91015625 0.11015625 0.06875 0.01875
0 0.0265625 0.096875 0.053125 0.01875
0 0.41171875 0.21328125 0.040625 0.0171875
0 0.403125 0.23671875 0.0515625 0.025
0 0.03125 0.2828125 0.0625 0.025
0 0.73203125 0.009375 0.0421875 0.01875
0 0.446875 0.1 0.059375 0.025
0 0.0375 0.19140625 0.075 0.0234375
0 0.36484375 0.60859375 0.053125 0.034375
0 0.38671875 0.9125 0.053125 0.0328125
0 0.13984375 0.828125 0.05625 0.0234375
0 0.04140625 0.94140625 0.0828125 0.01875
0 0.54609375 0.940625 0.053125 0.025
0 0.0515625 0.78515625 0.05625 0.03125
0 0.45859375 0.82421875 0.0484375 0.0296875
0 0.37421875 0.1765625 0.090625 0.0265625
0 0.7734375 0.8578125 0.075 0.021875
0 0.36171875 0.353125 0.034375 0.025
0 0.39140625 0.86875 0.053125 0.025
0 0.21953125 0.084375 0.0609375 0.01875
0 0.0546875 0.6765625 0.0515625 0.03125
0 0.36171875 0.1359375 0.075 0.025
0 0.3828125 0.82890625 0.059375 0.0265625
0 0.74609375 0.6875 0.0453125 0.028125
0 0.9640625 0.02578125 0.071875 0.015625
0 0.82578125 0.1203125 0.046875 0.025
0 0.33515625 0.615625 0.0375 0.0296875
0 0.65390625 0.309375 0.08125 0.021875
0 0.91015625 0.2703125 0.040625 0.01875
0 0.7546875 0.315625 0.05625 0.021875
0 0.50625 0.496875 0.053125 0.0265625
0 0.46875 0.9671875 0.0546875 0.028125
0 0.5953125 0.0109375 0.065625 0.021875
0 0.08046875 0.075 0.0421875 0.0234375
0 0.2484375 0.7671875 0.0625 0.025
0 0.88984375 0.02109375 0.05625 0.025
0 0.6640625 0.90234375 0.05625 0.0171875
0 0.1796875 0.053125 0.0625 0.0203125
0 0.66796875 0.40078125 0.046875 0.025
0 0.64765625 0.49921875 0.05 0.021875
0 0.5484375 0.03046875 0.084375 0.025
0 0.13125 0.68125 0.0640625 0.021875