0 0.2796875 0.1484375 0.0515625 0.084375
0 0.26328125 0.04453125 0.0421875 0.084375
0 0.21875 0.0640625 0.04375 0.109375
0 0.1796875 0.1265625 0.028125 0.0796875
0 0.2546875 0.34921875 0.0375 0.1
0 0.215625 0.31484375 0.0265625 0.065625
0 0.321875 0.4265625 0.0265625 0.05
0 0.2078125 0.66171875 0.034375 0.0890625
0 0.30625 0.77109375 0.053125 0.0859375
0 0.08203125 0.225 0.03125 0.071875
0 0.059375 0.096875 0.021875 0.0546875
0 0.12265625 0.615625 0.04375 0.096875
0 0.08984375 0.6328125 0.034375 0.0703125
0 0.1140625 0.86328125 0.034375 0.084375
0 0.15234375 0.9234375 0.034375 0.0796875
0 0.1140625 0.97421875 0.028125 0.0515625
0 0.0484375 0.61953125 0.03125 0.05
0 0.10703125 0.321875 0.025 0.05
0 0.2171875 0.45078125 0.040625 0.075
0 0.36875 0.0171875 0.021875 0.034375
0 0.534375 0.14375 0.03125 0.05
0 0.68828125 0.10390625 0.0359375 0.05
0 0.5421875 0.796875 0.0328125 0.0640625
0 0.6234375 0.26328125 0.0421875 0.0875
0 0.57265625 0.65078125 0.034375 0.065625
0 0.62421875 0.63359375 0.0421875 0.0703125
0 0.715625 0.73046875 0.0375 0.05625
0 0.72421875 0.4671875 0.021875 0.05
0 0.75234375 0.546875 0.03125 0.0625
0 0.82734375 0.52421875 0.034375 0.0609375
0 0.9078125 0.31875 0.040625 0.059375
0 0.81796875 0.12109375 0.03125 0.065625
0 0.88671875 0.12265625 0.028125 0.0796875
0 0.93359375 0.1640625 0.03125 0.0546875
0 0.76875 0.20078125 0.0390625 0.053125
0 0.80234375 0.2984375 0.0265625 0.046875
0 0.78828125 0.07578125 0.0265625 0.071875
0 0.26640625 0.88828125 0.01875 0.0578125
0 0.234375 0.903125 0.0234375 0.071875
0 0.15703125 0.66640625 0.0296875 0.0375