0 0.08046875 0.38125 0.03125 0.04375
0 0.03359375 0.12265625 0.0296875 0.065625
0 0.14296875 0.54609375 0.0234375 0.075
0 0.1671875 0.60078125 0.021875 0.046875
0 0.23125 0.51171875 0.025 0.05625
0 0.18984375 0.915625 0.0265625 0.0453125
0 0.115625 0.7828125 0.028125 0.0375
0 0.040625 0.925 0.0265625 0.0328125
0 0.353125 0.203125 0.025 0.0453125
0 0.27421875 0.203125 0.028125 0.040625
0 0.4234375 0.3734375 0.0265625 0.065625
0 0.44453125 0.04765625 0.028125 0.0609375
0 0.51796875 0.165625 0.0296875 0.053125
0 0.49921875 0.2625 0.01875 0.034375
0 0.50625 0.46328125 0.028125 0.0359375
0 0.540625 0.3515625 0.0234375 0.040625
0 0.56171875 0.234375 0.021875 0.04375
0 0.62890625 0.49453125 0.0421875 0.0703125
0 0.48046875 0.8359375 0.0265625 0.059375
0 0.56796875 0.92109375 0.028125 0.0390625
0 0.375 0.7859375 0.03125 0.0515625
0 0.35390625 0.840625 0.034375 0.0578125
0 0.71484375 0.2515625 0.040625 0.0625
0 0.6859375 0.0390625 0.0296875 0.078125
0 0.86328125 0.2921875 0.025 0.0703125
0 0.94375 0.06953125 0.03125 0.06875
0 0.896875 0.78359375 0.0234375 0.028125
0 0.7921875 0.71796875 0.028125 0.0375
0 0.80625 0.134375 0.021875 0.046875
0 0.81640625 0.38125 0.028125 0.084375
0 0.64609375 0.88515625 0.0265625 0.03125