0 0.971875 0.30390625 0.01875 0.05625
0 0.97265625 0.50546875 0.025 0.05625
0 0.9703125 0.4171875 0.03125 0.046875
0 0.90703125 0.46484375 0.015625 0.0625
0 0.92421875 0.51953125 0.028125 0.0421875
0 0.92109375 0.74140625 0.021875 0.059375
0 0.94765625 0.86171875 0.021875 0.065625
0 0.871875 0.1296875 0.025 0.046875
0 0.88046875 0.86328125 0.01875 0.0640625
0 0.7671875 0.61796875 0.025 0.071875
0 0.74453125 0.70078125 0.021875 0.04375
0 0.665625 0.33046875 0.034375 0.04375
0 0.64296875 0.85625 0.025 0.06875
0 0.58671875 0.62890625 0.03125 0.040625
0 0.54765625 0.67109375 0.028125 0.040625
0 0.5375 0.5953125 0.0203125 0.0546875
0 0.459375 0.34140625 0.0375 0.0625
0 0.46328125 0.2140625 0.0265625 0.0421875
0 0.44375 0.14921875 0.03125 0.0375
0 0.39765625 0.025 0.021875 0.05
0 0.3484375 0.0453125 0.034375 0.046875
0 0.35 0.18984375 0.0203125 0.0640625
0 0.30859375 0.21953125 0.021875 0.0578125
0 0.44140625 0.6796875 0.028125 0.0546875
0 0.490625 0.9015625 0.0265625 0.05
0 0.25234375 0.08359375 0.025 0.0578125
0 0.1890625 0.1046875 0.03125 0.05
0 0.16484375 0.3140625 0.021875 0.0640625
0 0.21328125 0.2875 0.0171875 0.065625
0 0.153125 0.60859375 0.0234375 0.08125
0 0.13046875 0.553125 0.0234375 0.05625
0 0.0515625 0.4421875 0.025 0.084375
0 0.11171875 0.49453125 0.025 0.065625
0 0.321875 0.921875 0.025 0.059375