0 0.47890625 0.13203125 0.06796875 0.01953125
0 0.71953125 0.078125 0.05234375 0.01796875
0 0.509375 0.28359375 0.04140625 0.0171875
0 0.3921875 0.32421875 0.0515625 0.02578125
0 0.03359375 0.26484375 0.06328125 0.025
0 0.64140625 0.009375 0.0421875 0.01796875
0 0.228125 0.12578125 0.05859375 0.02421875
0 0.05625 0.17578125 0.075 0.0234375
0 0.53203125 0.62890625 0.05390625 0.03359375
0 0.8375 0.72265625 0.04609375 0.02578125
0 0.271875 0.8015625 0.05234375 0.0328125
0 0.35703125 0.84375 0.05625 0.0234375
0 0.14765625 0.88203125 0.0828125 0.01875
0 0.47265625 0.75390625 0.05234375 0.02109375
0 0.3828125 0.9109375 0.078125 0.02421875
0 0.2390625 0.87109375 0.05625 0.03125
0 0.5578125 0.78828125 0.0484375 0.0296875
0 0.2 0.8546875 0.07578125 0.02421875
0 0.40078125 0.1 0.090625 0.0265625
0 0.93125 0.37578125 0.0796875 0.02734375
0 0.5546875 0.834375 0.075 0.02109375
0 0.0171875 0.36796875 0.03359375 0.02578125
0 0.12734375 0.94609375 0.071875 0.0265625
0 0.88125 0.66015625 0.04375 0.0328125
0 0.31484375 0.86640625 0.05390625 0.02421875
0 0.03046875 0.14140625 0.0609375 0.01796875
0 0.24375 0.6703125 0.0515625 0.03125
0 0.23125 0.15 0.07421875 0.025
0 0.753125 0.8328125 0.0734375 0.03359375
0 0.74296875 0.67265625 0.0453125 0.028125
0 0.6671875 0.0609375 0.06875 0.01640625
0 0.4421875 0.0984375 0.04609375 0.025
0 0.8015625 0.44296875 0.03671875 0.0296875
0 0.54765625 0.2015625 0.08125 0.021875
0 0.95546875 0.2671875 0.04140625 0.01953125
0 0.959375 0.3078125 0.05625 0.02109375
0 0.0265625 0.48984375 0.053125 0.0265625
0 0.87109375 0.521875 0.04921875 0.0359375
0 0.8171875 0.9328125 0.09609375 0.03125
0 0.2078125 0.9484375 0.04921875 0.03046875
0 0.2234375 0.940625 0.0546875 0.028125
0 0.228125 0.9046875 0.06875 0.028125