0 0.89921875 0.28984375 0.021875 0.053125
0 0.90703125 0.50390625 0.01875 0.046875
0 0.9078125 0.49140625 0.01875 0.06875
0 0.88984375 0.03046875 0.021875 0.0609375
0 0.953125 0.15546875 0.01875 0.053125
0 0.72109375 0.15390625 0.01875 0.0546875
0 0.68046875 0.096875 0.01875 0.040625
0 0.63515625 0.1 0.021875 0.0515625
0 0.75546875 0.50546875 0.0171875 0.040625
0 0.89609375 0.4953125 0.025 0.040625
0 0.6796875 0.5796875 0.025 0.0515625
0 0.77109375 0.95546875 0.021875 0.05625
0 0.7484375 0.96875 0.025 0.0625
0 0.9234375 0.60859375 0.028125 0.0421875
0 0.8890625 0.91796875 0.025 0.059375
0 0.9 0.97578125 0.015625 0.0484375
0 0.74921875 0.85390625 0.0234375 0.075
0 0.38828125 0.57421875 0.0328125 0.040625
0 0.3703125 0.67421875 0.034375 0.053125
0 0.38984375 0.97265625 0.025 0.0546875
0 0.4640625 0.21328125 0.0234375 0.05
0 0.4359375 0.27109375 0.025 0.0484375
0 0.26875 0.0734375 0.025 0.046875
0 0.2765625 0.265625 0.0234375 0.053125
0 0.51328125 0.925 0.01875 0.0484375
0 0.18515625 0.84453125 0.0375 0.03125
0 0.21953125 0.76484375 0.034375 0.040625
0 0.16484375 0.62578125 0.0234375 0.05625
0 0.13515625 0.86015625 0.01875 0.0828125
0 0.24140625 0.465625 0.021875 0.053125
0 0.16953125 0.4140625 0.025 0.078125
0 0.121875 0.896875 0.03125 0.05625
0 0.85078125 0.24765625 0.028125 0.05625
0 0.25625 0.5609375 0.025 0.06875
0 0.23984375 0.58984375 0.0296875 0.0484375
0 0.05546875 0.771875 0.021875 0.05
0 0.10234375 0.84765625 0.025 0.075
0 0.9390625 0.41640625 0.0265625 0.090625
0 0.7484375 0.2453125 0.028125 0.0796875
0 0.18125 0.4953125 0.021875 0.075
0 0.63203125 0.9828125 0.025 0.034375
0 0.0671875 0.76015625 0.0265625 0.071875
0 0.26171875 0.771875 0.0328125 0.04375
0 0.19453125 0.8125 0.025 0.053125
0 0.803125 0.89609375 0.01875 0.0609375
0 0.31796875 0.88828125 0.03125 0.0515625
0 0.7828125 0.06796875 0.01875 0.04375
0 0.87734375 0.18984375 0.03125 0.040625
0 0.72578125 0.04140625 0.025 0.05
0 0.8609375 0.38046875 0.025 0.075
0 0.8515625 0.94296875 0.021875 0.078125
0 0.75234375 0.65078125 0.015625 0.059375
0 0.21015625 0.4453125 0.034375 0.0734375
0 0.03515625 0.240625 0.028125 0.06875