2 0.89453125 0.97890625 0.01875 0.0328125
2 0.93203125 0.90078125 0.01875 0.06875
2 0.8921875 0.68359375 0.0125 0.0578125
2 0.9203125 0.725 0.01875 0.05625
2 0.88515625 0.765625 0.028125 0.053125
2 0.84453125 0.8921875 0.0234375 0.05625
2 0.83359375 0.77578125 0.03125 0.05
2 0.93125 0.45859375 0.025 0.0546875
2 0.90390625 0.1640625 0.025 0.0625
2 0.90859375 0.0734375 0.034375 0.05
2 0.8625 0.359375 0.0140625 0.0578125
2 0.70078125 0.01953125 0.0375 0.0390625
2 0.80859375 0.0609375 0.0375 0.0453125
2 0.846875 0.18203125 0.021875 0.053125
2 0.84921875 0.20546875 0.025 0.05625
2 0.84140625 0.19296875 0.03125 0.04375
2 0.8671875 0.21328125 0.0171875 0.0484375
2 0.4703125 0.02421875 0.0234375 0.04375
2 0.58046875 0.06015625 0.0296875 0.034375
2 0.63203125 0.02265625 0.034375 0.0359375
2 0.684375 0.08046875 0.04375 0.03125
2 0.38125 0.4671875 0.028125 0.040625
2 0.3609375 0.11640625 0.028125 0.04375
2 0.23046875 0.046875 0.01875 0.05
2 0.26953125 0.11875 0.0203125 0.0453125
2 0.26875 0.16015625 0.028125 0.03125
2 0.29140625 0.05546875 0.0515625 0.03125
2 0.2328125 0.36171875 0.015625 0.05
2 0.16484375 0.5875 0.0203125 0.053125
2 0.196875 0.88828125 0.0125 0.0421875
2 0.20859375 0.79765625 0.025 0.0359375
2 0.5828125 0.9375 0.0359375 0.046875
2 0.79765625 0.8546875 0.021875 0.0640625
2 0.78359375 0.753125 0.03125 0.0703125
2 0.85703125 0.41953125 0.0171875 0.040625
2 0.4734375 0.17421875 0.025 0.0484375
2 0.75078125 0.16640625 0.01875 0.05
2 0.2765625 0.2359375 0.028125 0.040625
2 0.15390625 0.65859375 0.0171875 0.046875