0 0.90546875 0.14921875 0.0390625 0.103125
0 0.87265625 0.3375 0.021875 0.084375
0 0.87265625 0.25234375 0.0328125 0.04375
0 0.98359375 0.20078125 0.0234375 0.1046875
0 0.97734375 0.49296875 0.0234375 0.0765625
0 0.97890625 0.603125 0.01875 0.065625
0 0.884375 0.90703125 0.025 0.065625
0 0.86328125 0.9453125 0.01875 0.0546875
0 0.81484375 0.88671875 0.0296875 0.059375
0 0.88515625 0.734375 0.025 0.0765625
0 0.87578125 0.51328125 0.028125 0.08125
0 0.8546875 0.490625 0.03125 0.065625
0 0.7828125 0.60859375 0.0265625 0.05625
0 0.7546875 0.63671875 0.021875 0.0515625
0 0.76171875 0.678125 0.01875 0.0515625
0 0.74140625 0.54296875 0.021875 0.053125
0 0.81953125 0.06875 0.028125 0.053125
0 0.840625 0.2796875 0.025 0.034375
0 0.77109375 0.26171875 0.028125 0.040625
0 0.7046875 0.08828125 0.0203125 0.0546875
0 0.68828125 0.03359375 0.03125 0.0375
0 0.70703125 0.02421875 0.0328125 0.0484375
0 0.6515625 0.65234375 0.0265625 0.05
0 0.6015625 0.35390625 0.0234375 0.04375
0 0.55703125 0.26328125 0.01875 0.034375
0 0.559375 0.20546875 0.01875 0.05
0 0.4984375 0.2109375 0.0375 0.040625
0 0.4453125 0.98359375 0.015625 0.03125
0 0.43203125 0.41953125 0.01875 0.053125
0 0.31015625 0.625 0.0296875 0.053125
0 0.3984375 0.28046875 0.025 0.0609375
0 0.340625 0.06796875 0.0328125 0.0484375
0 0.3484375 0.275 0.028125 0.071875
0 0.3265625 0.30078125 0.021875 0.06875
0 0.3125 0.2109375 0.03125 0.0375
0 0.26640625 0.3203125 0.028125 0.05625
0 0.2578125 0.37734375 0.03125 0.059375
0 0.17421875 0.54140625 0.034375 0.075
0 0.1984375 0.8640625 0.021875 0.05625
0 0.21875 0.7765625 0.0296875 0.0515625
0 0.1796875 0.7234375 0.021875 0.05625
0 0.17578125 0.94296875 0.028125 0.08125
0 0.109375 0.97734375 0.009375 0.0453125
0 0.14375 0.75859375 0.0125 0.06875
0 0.08046875 0.90078125 0.021875 0.078125
0 0.0375 0.74140625 0.015625 0.071875
0 0.02890625 0.26328125 0.0296875 0.0875
0 0.15390625 0.27109375 0.025 0.046875