0 0.04296875 0.50078125 0.021875 0.059375
0 0.0953125 0.73984375 0.021875 0.05625
0 0.20390625 0.37421875 0.025 0.06875
0 0.14609375 0.29609375 0.015625 0.040625
0 0.109375 0.17578125 0.0171875 0.053125
0 0.18203125 0.190625 0.015625 0.0375
0 0.2734375 0.465625 0.021875 0.0515625
0 0.27734375 0.11875 0.03125 0.0578125
0 0.40859375 0.57265625 0.025 0.075
0 0.47734375 0.86484375 0.015625 0.06875
0 0.46875 0.76875 0.01875 0.084375
0 0.46484375 0.7265625 0.025 0.065625
0 0.45390625 0.48359375 0.0265625 0.0734375
0 0.51484375 0.55859375 0.021875 0.04375
0 0.2453125 0.5671875 0.0265625 0.0625
0 0.09609375 0.89453125 0.01875 0.06875
0 0.61328125 0.95546875 0.01875 0.065625
0 0.5953125 0.97265625 0.028125 0.040625
0 0.6078125 0.69765625 0.015625 0.053125
0 0.675 0.80234375 0.025 0.04375
0 0.6640625 0.5953125 0.0203125 0.0609375
0 0.69609375 0.5921875 0.028125 0.0296875
0 0.66796875 0.45546875 0.0234375 0.0375
0 0.69765625 0.0828125 0.01875 0.046875
0 0.6703125 0.06796875 0.0296875 0.046875
0 0.62421875 0.33671875 0.0140625 0.059375
0 0.60625 0.3359375 0.01875 0.0515625
0 0.53359375 0.125 0.0203125 0.0625
0 0.8046875 0.73515625 0.021875 0.071875
0 0.7390625 0.78515625 0.028125 0.034375
0 0.82578125 0.93984375 0.021875 0.0625
0 0.81875 0.9484375 0.015625 0.0453125
0 0.90234375 0.72265625 0.021875 0.0625
0 0.91328125 0.42734375 0.01875 0.0515625
0 0.8828125 0.43125 0.025 0.0609375
0 0.9546875 0.58984375 0.01875 0.06875
0 0.94375 0.128125 0.0171875 0.090625
0 0.74921875 0.6234375 0.028125 0.046875
0 0.51796875 0.75546875 0.034375 0.04375
0 0.01171875 0.43828125 0.015625 0.075