2 0.0890625 0.66953125 0.03125 0.040625
2 0.090625 0.61953125 0.0171875 0.071875
2 0.14375 0.24375 0.01875 0.065625
2 0.15 0.13203125 0.0125 0.078125
2 0.05859375 0.92578125 0.025 0.059375
2 0.0984375 0.74453125 0.0125 0.0390625
2 0.12890625 0.64375 0.01875 0.0671875
2 0.19296875 0.5125 0.03125 0.0453125
2 0.234375 0.31953125 0.021875 0.065625
2 0.18046875 0.925 0.0234375 0.0359375
2 0.315625 0.5609375 0.0234375 0.059375
2 0.21484375 0.6109375 0.0171875 0.040625
2 0.3109375 0.36484375 0.025 0.05
2 0.33515625 0.32734375 0.025 0.034375
2 0.36953125 0.49375 0.03125 0.05625
2 0.31875 0.26640625 0.01875 0.046875
2 0.3875 0.21796875 0.021875 0.046875
2 0.3625 0.934375 0.03125 0.0375
2 0.34140625 0.92265625 0.03125 0.025
2 0.525 0.89609375 0.0328125 0.034375
2 0.6078125 0.71015625 0.025 0.059375
2 0.67578125 0.87421875 0.03125 0.0265625
2 0.56796875 0.909375 0.028125 0.03125
2 0.70078125 0.3203125 0.0296875 0.04375
2 0.70234375 0.38046875 0.028125 0.0609375
2 0.759375 0.61171875 0.015625 0.0640625
2 0.83125 0.80703125 0.0265625 0.040625
2 0.8359375 0.4890625 0.0171875 0.059375
2 0.84296875 0.440625 0.01875 0.059375
2 0.80859375 0.26953125 0.01875 0.05
2 0.82890625 0.11171875 0.021875 0.05625
2 0.86875 0.8015625 0.01875 0.0640625
2 0.93203125 0.91171875 0.0296875 0.0734375
2 0.4921875 0.15234375 0.0203125 0.046875