0 0.97109375 0.64375 0.03125 0.090625
0 0.90390625 0.63671875 0.021875 0.0625
0 0.8703125 0.846875 0.025 0.0578125
0 0.85 0.7859375 0.021875 0.0359375
0 0.79453125 0.62578125 0.028125 0.059375
0 0.85 0.396875 0.0234375 0.0578125
0 0.8625 0.465625 0.0234375 0.0625
0 0.8375 0.1953125 0.0265625 0.053125
0 0.8765625 0.0640625 0.021875 0.053125
0 0.959375 0.0328125 0.0265625 0.0625
0 0.8796875 0.16875 0.021875 0.05625
0 0.70546875 0.0578125 0.03125 0.0515625
0 0.66484375 0.4109375 0.034375 0.071875
0 0.70234375 0.77265625 0.028125 0.0734375
0 0.7421875 0.83125 0.025 0.059375
0 0.56171875 0.3421875 0.021875 0.0703125
0 0.58984375 0.2625 0.0328125 0.0921875
0 0.39296875 0.5984375 0.03125 0.0734375
0 0.32265625 0.58984375 0.0265625 0.053125
0 0.33046875 0.278125 0.03125 0.05
0 0.2109375 0.8375 0.028125 0.04375
0 0.3140625 0.90703125 0.021875 0.0390625
0 0.31953125 0.78203125 0.03125 0.0515625
0 0.19296875 0.32421875 0.021875 0.053125
0 0.2609375 0.3625 0.025 0.06875
0 0.1453125 0.5984375 0.0265625 0.0734375
0 0.0359375 0.30390625 0.025 0.04375
0 0.115625 0.134375 0.028125 0.05
0 0.0421875 0.1734375 0.03125 0.04375
0 0.95 0.52734375 0.0296875 0.0890625
0 0.10625 0.75234375 0.034375 0.078125