0 0.00546875 0.8796875 0.0109375 0.06875
0 0.0640625 0.51171875 0.028125 0.0453125
0 0.1421875 0.67265625 0.021875 0.05
0 0.115625 0.6765625 0.021875 0.0375
0 0.078125 0.946875 0.025 0.0484375
0 0.12109375 0.97578125 0.021875 0.046875
0 0.15078125 0.978125 0.0140625 0.04375
0 0.0453125 0.15546875 0.0140625 0.05625
0 0.01796875 0.03984375 0.021875 0.0578125
0 0.103125 0.14453125 0.0203125 0.0625
0 0.13515625 0.20078125 0.0203125 0.0421875
0 0.1984375 0.73046875 0.021875 0.040625
0 0.25390625 0.671875 0.01875 0.0546875
0 0.26015625 0.4546875 0.01875 0.040625
0 0.31328125 0.3640625 0.021875 0.034375
0 0.2890625 0.0375 0.03125 0.025
0 0.35 0.64296875 0.0203125 0.04375
0 0.46328125 0.2875 0.01875 0.040625
0 0.49921875 0.44453125 0.025 0.053125
0 0.60078125 0.86171875 0.021875 0.05
0 0.55703125 0.5609375 0.0203125 0.040625
0 0.57734375 0.73125 0.021875 0.0328125
0 0.578125 0.6140625 0.01875 0.0546875
0 0.62109375 0.58984375 0.0171875 0.05
0 0.66796875 0.2515625 0.025 0.0375
0 0.6765625 0.3703125 0.025 0.04375
0 0.73125 0.553125 0.021875 0.034375
0 0.6953125 0.7859375 0.01875 0.0390625
0 0.740625 0.8234375 0.0171875 0.05
0 0.77109375 0.59453125 0.021875 0.040625
0 0.75 0.40390625 0.01875 0.046875
0 0.81171875 0.39140625 0.021875 0.046875
0 0.7875 0.8265625 0.015625 0.05625
0 0.80546875 0.6921875 0.015625 0.0625
0 0.82890625 0.6765625 0.021875 0.0546875
0 0.79609375 0.184375 0.021875 0.034375
0 0.690625 0.9796875 0.0203125 0.040625
0 0.86171875 0.78203125 0.01875 0.0453125
0 0.88359375 0.69921875 0.01875 0.059375
0 0.93203125 0.77421875 0.0375 0.0375
0 0.9484375 0.86640625 0.01875 0.04375
0 0.96953125 0.75234375 0.0234375 0.059375
0 0.978125 0.3015625 0.021875 0.046875
0 0.84375 0.259375 0.021875 0.0546875