0 0.009375 0.42109375 0.01875 0.053125
0 0.33984375 0.403125 0.025 0.0515625
0 0.2421875 0.96875 0.025 0.0625
0 0.009375 0.26796875 0.01875 0.0421875
0 0.0453125 0.76171875 0.025 0.059375
0 0.20546875 0.86328125 0.0234375 0.075
0 0.60078125 0.61875 0.034375 0.053125
0 0.9140625 0.746875 0.0328125 0.053125
0 0.83125 0.2984375 0.0234375 0.05625
0 0.8515625 0.95859375 0.01875 0.0828125
0 0.775 0.74609375 0.021875 0.053125
0 0.95390625 0.86796875 0.025 0.053125
0 0.77421875 0.2734375 0.0296875 0.0484375
0 0.175 0.6140625 0.0265625 0.090625
0 0.40625 0.23125 0.028125 0.0796875
0 0.76171875 0.39609375 0.0328125 0.04375
0 0.84453125 0.67890625 0.028125 0.0765625
0 0.81875 0.55859375 0.025 0.053125
0 0.12734375 0.69296875 0.01875 0.0609375
0 0.65078125 0.8 0.03125 0.0515625
0 0.21875 0.60625 0.025 0.075
0 0.87578125 0.2859375 0.0265625 0.059375
0 0.68203125 0.92578125 0.028125 0.0453125
0 0.1609375 0.0234375 0.025 0.046875
0 0.50234375 0.33828125 0.0296875 0.0375
0 0.27890625 0.2671875 0.021875 0.053125
0 0.28984375 0.1 0.01875 0.040625
0 0.2078125 0.503125 0.021875 0.05625
0 0.43828125 0.1359375 0.0359375 0.078125
0 0.9625 0.66328125 0.028125 0.0546875
0 0.05078125 0.79375 0.021875 0.065625
0 0.06640625 0.865625 0.0234375 0.0421875
0 0.8203125 0.64375 0.025 0.0625
0 0.11328125 0.46328125 0.025 0.05625
0 0.9 0.24609375 0.0171875 0.05625
0 0.34765625 0.65390625 0.021875 0.05
0 0.81328125 0.80390625 0.021875 0.06875
0 0.021875 0.1390625 0.025 0.0640625
0 0.11796875 0.72734375 0.021875 0.0546875
0 0.16484375 0.53359375 0.025 0.0515625
0 0.75078125 0.8171875 0.0265625 0.05
0 0.79765625 0.32890625 0.0203125 0.05625