0 0.06640625 0.79453125 0.0125 0.0640625
0 0.16796875 0.65703125 0.025 0.046875
0 0.178125 0.58671875 0.0359375 0.04375
0 0.159375 0.84140625 0.0171875 0.065625
0 0.18671875 0.971875 0.0171875 0.05625
0 0.14140625 0.2390625 0.01875 0.05625
0 0.121875 0.19375 0.0171875 0.078125
0 0.2015625 0.36875 0.0203125 0.059375
0 0.2359375 0.509375 0.01875 0.05
0 0.26015625 0.4390625 0.025 0.0765625
0 0.3109375 0.165625 0.025 0.0546875
0 0.2859375 0.175 0.01875 0.0625
0 0.21640625 0.2015625 0.025 0.0546875
0 0.19296875 0.11015625 0.01875 0.06875
0 0.1890625 0.03125 0.0171875 0.0421875
0 0.17421875 0.03125 0.01875 0.0625
0 0.3265625 0.7109375 0.025 0.0375
0 0.47421875 0.609375 0.021875 0.078125
0 0.50390625 0.175 0.01875 0.0765625
0 0.49921875 0.19453125 0.015625 0.05625
0 0.55859375 0.77734375 0.0125 0.0625
0 0.5546875 0.93359375 0.0125 0.065625
0 0.5875 0.98203125 0.025 0.0359375
0 0.6265625 0.7515625 0.0171875 0.0625
0 0.63671875 0.5359375 0.025 0.053125
0 0.6859375 0.20078125 0.028125 0.046875
0 0.66953125 0.02734375 0.0171875 0.040625
0 0.621875 0.10703125 0.0203125 0.05625
0 0.48046875 0.08359375 0.025 0.04375
0 0.6984375 0.69375 0.0328125 0.05
0 0.72265625 0.64296875 0.03125 0.053125
0 0.8265625 0.7984375 0.0390625 0.021875
0 0.8375 0.7359375 0.025 0.059375
0 0.83515625 0.59296875 0.021875 0.05625
0 0.76640625 0.7734375 0.028125 0.0296875
0 0.87109375 0.59375 0.021875 0.053125
0 0.753125 0.33046875 0.01875 0.053125
0 0.95703125 0.446875 0.03125 0.05
0 0.9046875 0.21796875 0.0203125 0.0875
0 0.93671875 0.9390625 0.01875 0.075
0 0.85390625 0.94609375 0.025 0.05