0 0.8109375 0.08203125 0.03671875 0.03125
0 0.1921875 0.11328125 0.06484375 0.02109375
0 0.06484375 0.03515625 0.04921875 0.02734375
0 0.29921875 0.2203125 0.0453125 0.021875
0 0.58359375 0.1796875 0.04921875 0.025
0 0.52265625 0.2265625 0.059375 0.02890625
0 0.81484375 0.27421875 0.0515625 0.034375
0 0.7125 0.2390625 0.059375 0.0296875
0 0.4078125 0.10546875 0.06328125 0.03046875
0 0.73046875 0.1046875 0.06875 0.02890625
0 0.31171875 0.18359375 0.10234375 0.02734375
0 0.03203125 0.2796875 0.0640625 0.028125
0 0.55859375 0.31328125 0.0453125 0.0203125
0 0.6921875 0.35625 0.059375 0.03203125
0 0.34609375 0.35390625 0.0875 0.040625
0 0.325 0.2953125 0.04765625 0.03046875
0 0.053125 0.41484375 0.08359375 0.02421875
0 0.1890625 0.49609375 0.090625 0.02734375
0 0.3828125 0.54375 0.053125 0.03203125
0 0.11875 0.5359375 0.0625 0.02109375
0 0.4453125 0.56953125 0.0671875 0.02109375
0 0.6765625 0.58984375 0.03828125 0.02265625
0 0.5796875 0.6078125 0.05234375 0.02109375
0 0.5203125 0.6328125 0.06484375 0.0171875
0 0.46015625 0.6203125 0.05703125 0.02421875
0 0.415625 0.67421875 0.06015625 0.0171875
0 0.4484375 0.6921875 0.02421875 0.01796875
0 0.515625 0.7 0.04609375 0.03203125
0 0.69375 0.75703125 0.059375 0.03359375
0 0.80546875 0.75234375 0.05078125 0.0203125
0 0.921875 0.6359375 0.0640625 0.0203125
0 0.15703125 0.7296875 0.06796875 0.03828125
0 0.13046875 0.7671875 0.07890625 0.02265625
0 0.3375 0.8671875 0.07890625 0.0390625
0 0.3109375 0.84921875 0.0515625 0.03125
0 0.2296875 0.8296875 0.04921875 0.02578125
0 0.6671875 0.85234375 0.0828125 0.034375
0 0.79140625 0.884375 0.05546875 0.040625
0 0.16875 0.65703125 0.07265625 0.04140625