2 0.2234375 0.0875 0.0171875 0.0625
2 0.1546875 0.10625 0.021875 0.0359375
2 0.21640625 0.56875 0.015625 0.04375
2 0.28515625 0.453125 0.021875 0.053125
2 0.15390625 0.76015625 0.0234375 0.028125
2 0.15546875 0.80234375 0.0171875 0.0359375
2 0.31953125 0.79609375 0.03125 0.05
2 0.41484375 0.7671875 0.01875 0.05
2 0.4265625 0.3390625 0.025 0.06875
2 0.421875 0.2359375 0.025 0.0421875
2 0.484375 0.18359375 0.0140625 0.034375
2 0.51328125 0.578125 0.01875 0.084375
2 0.47890625 0.70234375 0.03125 0.05
2 0.48515625 0.84375 0.028125 0.040625
2 0.43359375 0.66953125 0.028125 0.0515625
2 0.63125 0.915625 0.025 0.0484375
2 0.90703125 0.2734375 0.021875 0.046875
2 0.85 0.346875 0.034375 0.040625
2 0.8484375 0.31484375 0.0234375 0.040625
2 0.87421875 0.49375 0.028125 0.05
2 0.884375 0.4484375 0.01875 0.046875
2 0.85859375 0.6421875 0.0125 0.0375
2 0.896875 0.9015625 0.01875 0.0375
2 0.89140625 0.8546875 0.0125 0.028125
2 0.76640625 0.25859375 0.01875 0.0375
2 0.75390625 0.05859375 0.021875 0.059375
2 0.81953125 0.16484375 0.0203125 0.059375
2 0.9140625 0.0765625 0.01875 0.034375
2 0.721875 0.2765625 0.0140625 0.0578125
2 0.7546875 0.559375 0.0265625 0.059375
2 0.56484375 0.38984375 0.01875 0.040625
2 0.55703125 0.5546875 0.021875 0.0328125
2 0.21953125 0.27265625 0.025 0.0296875
2 0.33203125 0.16015625 0.028125 0.0234375