2 0.08203125 0.04921875 0.0578125 0.03359375
2 0.4796875 0.08828125 0.103125 0.028125
2 0.3015625 0.11640625 0.0703125 0.03046875
2 0.23515625 0.15078125 0.07265625 0.03046875
2 0.6328125 0.0671875 0.071875 0.03203125
2 0.90859375 0.10078125 0.0859375 0.04140625
2 0.83828125 0.18515625 0.06796875 0.0578125
2 0.36875 0.1578125 0.0671875 0.02578125
2 0.7078125 0.21328125 0.07265625 0.0421875
2 0.66875 0.325 0.109375 0.02890625
2 0.37109375 0.340625 0.06875 0.04453125
2 0.11171875 0.33984375 0.06875 0.040625
2 0.11328125 0.2171875 0.0859375 0.0421875
2 0.15703125 0.28359375 0.05859375 0.034375
2 0.25546875 0.353125 0.0734375 0.040625
2 0.43515625 0.4828125 0.07421875 0.03984375
2 0.5140625 0.38515625 0.08203125 0.02734375
2 0.6796875 0.63828125 0.084375 0.03828125
2 0.784375 0.62265625 0.046875 0.0359375
2 0.60625 0.65234375 0.0609375 0.04453125
2 0.59140625 0.6578125 0.05 0.0328125
2 0.77421875 0.759375 0.0734375 0.0390625
2 0.71953125 0.825 0.06796875 0.03359375
2 0.634375 0.85703125 0.1390625 0.04609375
2 0.3609375 0.79453125 0.06953125 0.03984375
2 0.128125 0.85546875 0.090625 0.0421875