0 0.775 0.0171875 0.04296875 0.015625
0 0.84375 0.07421875 0.04296875 0.02890625
0 0.5078125 0.1203125 0.0578125 0.03125
0 0.72265625 0.14921875 0.05703125 0.01875
0 0.5078125 0.2296875 0.05078125 0.01875
0 0.83203125 0.265625 0.0453125 0.025
0 0.96796875 0.13125 0.0484375 0.01875
0 0.86484375 0.1578125 0.03203125 0.0140625
0 0.359375 0.3546875 0.0515625 0.01875
0 0.11640625 0.12890625 0.03828125 0.02265625
0 0.76171875 0.35234375 0.0515625 0.03125
0 0.25 0.5 0.07890625 0.03125
0 0.059375 0.57421875 0.0484375 0.02578125
0 0.240625 0.81171875 0.0765625 0.025
0 0.33515625 0.8515625 0.06328125 0.03125
0 0.47578125 0.8640625 0.05078125 0.02578125
0 0.7796875 0.6109375 0.04375 0.02578125
0 0.14609375 0.7453125 0.05859375 0.03359375
0 0.403125 0.76875 0.0625 0.02578125
0 0.05078125 0.790625 0.065625 0.021875
0 0.53828125 0.8921875 0.03671875 0.01875
0 0.20078125 0.9296875 0.06171875 0.02734375
0 0.2078125 0.9015625 0.0359375 0.02109375
0 0.7140625 0.946875 0.04765625 0.0203125
0 0.55234375 0.60234375 0.0546875 0.0234375
0 0.609375 0.6109375 0.04765625 0.02109375
0 0.17734375 0.54296875 0.0578125 0.01640625
0 0.0609375 0.415625 0.0859375 0.01875
0 0.66796875 0.21171875 0.05 0.04296875