0 0.659375 0.02890625 0.0609375 0.0203125
0 0.47265625 0.0453125 0.0625 0.021875
0 0.6984375 0.1 0.06015625 0.01640625
0 0.11875 0.13125 0.0359375 0.021875
0 0.11484375 0.1 0.078125 0.01953125
0 0.096875 0.2265625 0.05078125 0.0265625
0 0.03671875 0.2484375 0.0734375 0.0265625
0 0.5671875 0.1734375 0.0796875 0.01796875
0 0.49609375 0.290625 0.0703125 0.0265625
0 0.71328125 0.13671875 0.06015625 0.01640625
0 0.6 0.1515625 0.06796875 0.015625
0 0.46484375 0.13046875 0.06875 0.02109375
0 0.5359375 0.1078125 0.1 0.01953125
0 0.24140625 0.14140625 0.0546875 0.025
0 0.2875 0.121875 0.0703125 0.01796875
0 0.346875 0.12109375 0.0640625 0.015625
0 0.34609375 0.365625 0.06796875 0.021875
0 0.71953125 0.3875 0.0546875 0.02578125
0 0.84765625 0.05234375 0.10078125 0.02109375
0 0.3 0.490625 0.04375 0.034375
0 0.440625 0.4890625 0.046875 0.0265625
0 0.47421875 0.4625 0.071875 0.0328125
0 0.13984375 0.51484375 0.05546875 0.0296875
0 0.2046875 0.5515625 0.05078125 0.0171875
0 0.05078125 0.54765625 0.06015625 0.0265625
0 0.30859375 0.66875 0.07734375 0.02265625
0 0.0625 0.68984375 0.0375 0.0328125
0 0.25390625 0.753125 0.05546875 0.02109375
0 0.425 0.77265625 0.0609375 0.021875
0 0.19609375 0.80546875 0.0625 0.02265625
0 0.1390625 0.8 0.08125 0.01953125
0 0.08203125 0.8234375 0.0515625 0.0140625
0 0.2109375 0.840625 0.06640625 0.01796875
0 0.2078125 0.88125 0.0703125 0.015625
0 0.12265625 0.86875 0.03359375 0.025
0 0.428125 0.85078125 0.06875 0.0265625
0 0.80703125 0.95078125 0.06796875 0.0296875
0 0.359375 0.94140625 0.04375 0.0265625