2 0.93359375 0.453125 0.025 0.0671875
2 0.90625 0.5765625 0.021875 0.065625
2 0.91796875 0.9109375 0.0234375 0.05
2 0.921875 0.75234375 0.01875 0.0453125
2 0.8546875 0.59921875 0.01875 0.0609375
2 0.8828125 0.64140625 0.025 0.0578125
2 0.8359375 0.96171875 0.040625 0.0484375
2 0.84921875 0.72890625 0.015625 0.04375
2 0.85390625 0.48671875 0.01875 0.05625
2 0.86015625 0.1375 0.025 0.034375
2 0.8828125 0.1984375 0.0203125 0.046875
2 0.9078125 0.21328125 0.021875 0.046875
2 0.9265625 0.2734375 0.0328125 0.065625
2 0.91015625 0.0828125 0.025 0.0421875
2 0.87890625 0.1109375 0.025 0.053125
2 0.85625 0.0203125 0.025 0.040625
2 0.70625 0.02734375 0.04375 0.040625
2 0.73515625 0.0921875 0.03125 0.05
2 0.80703125 0.52734375 0.028125 0.0421875
2 0.6671875 0.05546875 0.021875 0.0375
2 0.5125 0.065625 0.0203125 0.04375
2 0.54296875 0.06015625 0.028125 0.0328125
2 0.55234375 0.0890625 0.0375 0.028125
2 0.5703125 0.12421875 0.03125 0.0375
2 0.43359375 0.121875 0.034375 0.040625
2 0.43046875 0.159375 0.03125 0.04375
2 0.4484375 0.51484375 0.0265625 0.04375
2 0.53203125 0.83359375 0.025 0.04375
2 0.33828125 0.659375 0.015625 0.075
2 0.159375 0.7078125 0.01875 0.05
2 0.1890625 0.7703125 0.0203125 0.0515625
2 0.175 0.41328125 0.021875 0.053125
2 0.2890625 0.42265625 0.0359375 0.05
2 0.22578125 0.3046875 0.0171875 0.05
2 0.22890625 0.3453125 0.0296875 0.046875
2 0.14921875 0.27890625 0.0265625 0.05
2 0.22578125 0.08359375 0.0203125 0.046875
2 0.1703125 0.11328125 0.0234375 0.05
2 0.28515625 0.0828125 0.0234375 0.053125
2 0.30546875 0.09140625 0.015625 0.0390625
2 0.81953125 0.81640625 0.01875 0.0484375
2 0.503125 0.4 0.028125 0.0375