0 0.12890625 0.03125 0.05625 0.01484375
0 0.14453125 0.0203125 0.06875 0.01640625
0 0.85078125 0.00859375 0.07421875 0.01640625
0 0.81875 0.04375 0.0625 0.01875
0 0.91953125 0.0796875 0.0625 0.02109375
0 0.3703125 0.159375 0.06171875 0.02734375
0 0.734375 0.22421875 0.05390625 0.0234375
0 0.86484375 0.2453125 0.03984375 0.0390625
0 0.021875 0.09375 0.04375 0.01640625
0 0.128125 0.1296875 0.071875 0.01484375
0 0.28359375 0.19609375 0.040625 0.02421875
0 0.25859375 0.2359375 0.04765625 0.0265625
0 0.61171875 0.296875 0.05625 0.0203125
0 0.81796875 0.27578125 0.0484375 0.0234375
0 0.590625 0.36015625 0.04375 0.0296875
0 0.359375 0.346875 0.05859375 0.02890625
0 0.45859375 0.46015625 0.040625 0.02265625
0 0.87421875 0.46953125 0.053125 0.021875
0 0.1390625 0.540625 0.040625 0.01640625
0 0.39140625 0.5734375 0.040625 0.01640625
0 0.44765625 0.58359375 0.0546875 0.01171875
0 0.57421875 0.66015625 0.03515625 0.02265625
0 0.534375 0.69453125 0.0546875 0.02265625
0 0.42734375 0.6546875 0.053125 0.01796875
0 0.71484375 0.665625 0.05546875 0.01328125
0 0.8484375 0.60234375 0.0515625 0.0171875
0 0.378125 0.69296875 0.0640625 0.0140625
0 0.35546875 0.74140625 0.0296875 0.0265625
0 0.475 0.76875 0.05703125 0.01875
0 0.36015625 0.79921875 0.053125 0.01484375
0 0.6421875 0.77109375 0.06328125 0.01640625
0 0.6046875 0.725 0.0296875 0.0234375
0 0.25859375 0.840625 0.0640625 0.0140625
0 0.4703125 0.84921875 0.0578125 0.0171875
0 0.66328125 0.86484375 0.0625 0.021875
0 0.7359375 0.8640625 0.05 0.01953125
0 0.7640625 0.84375 0.04921875 0.01484375
0 0.721875 0.91171875 0.04609375 0.01640625
0 0.6921875 0.90390625 0.05234375 0.0140625
0 0.1953125 0.91640625 0.06015625 0.0234375
0 0.20390625 0.87265625 0.06015625 0.02578125