0 0.015625 0.02421875 0.03125 0.0484375
0 0.0515625 0.303125 0.0171875 0.0640625
0 0.03984375 0.18828125 0.0171875 0.0640625
0 0.09921875 0.0265625 0.0234375 0.053125
0 0.071875 0.05 0.0234375 0.065625
0 0.10625 0.34375 0.01875 0.075
0 0.1703125 0.02734375 0.03125 0.0546875
0 0.009375 0.7015625 0.01875 0.084375
0 0.15859375 0.665625 0.0265625 0.059375
0 0.1609375 0.44453125 0.025 0.0765625
0 0.178125 0.95078125 0.021875 0.090625
0 0.14765625 0.95078125 0.01875 0.08125
0 0.15859375 0.97109375 0.028125 0.0453125
0 0.20390625 0.90234375 0.0234375 0.09375
0 0.1875 0.878125 0.0171875 0.06875
0 0.19140625 0.97265625 0.021875 0.053125
0 0.31875 0.71796875 0.0265625 0.046875
0 0.28203125 0.97265625 0.034375 0.0328125
0 0.32109375 0.95390625 0.021875 0.075
0 0.4484375 0.85625 0.0296875 0.05
0 0.36171875 0.97734375 0.028125 0.0453125
0 0.54375 0.58515625 0.0359375 0.040625
0 0.49921875 0.265625 0.0265625 0.071875
0 0.528125 0.1078125 0.0296875 0.071875
0 0.47265625 0.06640625 0.028125 0.05625
0 0.6046875 0.2375 0.021875 0.065625
0 0.590625 0.38203125 0.0328125 0.05
0 0.646875 0.3375 0.028125 0.0640625
0 0.65859375 0.59375 0.03125 0.05625
0 0.6703125 0.66484375 0.0234375 0.053125
0 0.59609375 0.77421875 0.028125 0.05
0 0.575 0.621875 0.03125 0.0390625
0 0.6265625 0.1796875 0.025 0.0453125
0 0.69140625 0.4203125 0.021875 0.090625
0 0.734375 0.725 0.0203125 0.078125
0 0.7578125 0.4703125 0.021875 0.06875
0 0.7703125 0.3421875 0.01875 0.06875
0 0.83125 0.246875 0.025 0.05625
0 0.64921875 0.86640625 0.0265625 0.0640625
0 0.63125 0.9203125 0.025 0.05625
0 0.60546875 0.92421875 0.01875 0.0515625
0 0.7953125 0.08515625 0.01875 0.059375
0 0.86796875 0.17109375 0.021875 0.071875
0 0.9046875 0.51015625 0.034375 0.040625
0 0.93125 0.36875 0.0359375 0.0765625
0 0.96640625 0.265625 0.0296875 0.0921875
0 0.9671875 0.70859375 0.0234375 0.090625
0 0.84453125 0.02421875 0.0203125 0.0484375
0 0.0484375 0.58515625 0.025 0.075
0 0.521875 0.353125 0.0296875 0.0453125
0 0.82421875 0.8375 0.0234375 0.0640625