0 0.2484375 0.17265625 0.06875 0.01875
0 0.57421875 0.0140625 0.053125 0.01875
0 0.55546875 0.23203125 0.040625 0.0171875
0 0.65234375 0.35078125 0.0515625 0.025
0 0.365625 0.04921875 0.0421875 0.01875
0 0.64921875 0.15625 0.059375 0.025
0 0.94921875 0.165625 0.075 0.0234375
0 0.7671875 0.9265625 0.053125 0.021875
0 0.5140625 0.85234375 0.05625 0.0234375
0 0.9703125 0.8875 0.059375 0.01875
0 0.48046875 0.78359375 0.053125 0.021875
0 0.68515625 0.9203125 0.053125 0.025
0 0.64453125 0.7765625 0.05625 0.03125
0 0.91171875 0.12734375 0.090625 0.0265625
0 0.31875 0.68671875 0.04375 0.0328125
0 0.39375 0.896875 0.053125 0.025
0 0.55390625 0.12265625 0.0609375 0.01875
0 0.72578125 0.67734375 0.0515625 0.03125
0 0.64375 0.228125 0.075 0.025
0 0.3578125 0.97578125 0.059375 0.0265625
0 0.2484375 0.65703125 0.0453125 0.028125
0 0.16171875 0.17265625 0.06875 0.015625
0 0.2265625 0.19375 0.046875 0.025
0 0.04140625 0.30390625 0.0828125 0.0234375
0 0.41796875 0.23203125 0.040625 0.01875
0 0.30390625 0.24140625 0.05625 0.021875
0 0.0953125 0.47734375 0.05 0.0359375
0 0.640625 0.96328125 0.0546875 0.028125
0 0.76953125 0.08046875 0.065625 0.021875
0 0.871875 0.10078125 0.0421875 0.0234375
0 0.71640625 0.82890625 0.0625 0.025
0 0.1875 0.13125 0.05625 0.025
0 0.5484375 0.89296875 0.05625 0.0171875
0 0.85390625 0.03359375 0.0625 0.0203125
0 0.58046875 0.4234375 0.05 0.021875
0 0.9890625 0.2390625 0.021875 0.0203125
0 0.3375 0.49296875 0.05 0.028125
0 0.1296875 0.54375 0.0375 0.028125
0 0.69296875 0.56953125 0.05 0.025
0 0.61875 0.59140625 0.046875 0.015625
0 0.45 0.66796875 0.06875 0.0234375
0 0.890625 0.71640625 0.053125 0.021875
0 0.93203125 0.75859375 0.05 0.0203125
0 0.69921875 0.76484375 0.05 0.03125
0 0.9375 0.62890625 0.053125 0.028125