0 0.61171875 0.0703125 0.08671875 0.02421875
0 0.06484375 0.11171875 0.06015625 0.0296875
0 0.1484375 0.15703125 0.06875 0.02109375
0 0.17734375 0.14453125 0.071875 0.02421875
0 0.17890625 0.11796875 0.08671875 0.0265625
0 0.4890625 0.11484375 0.06171875 0.02734375
0 0.671875 0.11328125 0.0765625 0.02109375
0 0.6046875 0.13203125 0.05625 0.028125
0 0.67890625 0.190625 0.06796875 0.02109375
0 0.5875 0.23203125 0.06015625 0.021875
0 0.3359375 0.21875 0.04609375 0.02421875
0 0.5734375 0.28046875 0.06875 0.0234375
0 0.48125 0.30703125 0.05234375 0.03203125
0 0.5171875 0.2890625 0.05625 0.03203125
0 0.7578125 0.32421875 0.06875 0.025
0 0.8953125 0.28671875 0.06484375 0.0234375
0 0.05234375 0.00625 0.07421875 0.01171875
0 0.88125 0.12265625 0.06015625 0.021875
0 0.271875 0.46171875 0.05703125 0.02421875
0 0.57890625 0.3984375 0.04609375 0.02265625
0 0.47734375 0.4390625 0.05703125 0.02734375
0 0.64453125 0.4734375 0.0546875 0.025
0 0.809375 0.4765625 0.04140625 0.02734375
0 0.74140625 0.40625 0.07734375 0.01953125
0 0.95078125 0.49453125 0.03828125 0.0328125
0 0.6890625 0.56640625 0.053125 0.02734375
0 0.9109375 0.5671875 0.065625 0.02421875
0 0.86171875 0.621875 0.07421875 0.02265625
0 0.1515625 0.596875 0.0578125 0.02421875
0 0.04375 0.61015625 0.05234375 0.021875
0 0.38125 0.83203125 0.0609375 0.02734375
0 0.44609375 0.846875 0.053125 0.0203125
0 0.4765625 0.8234375 0.06328125 0.0203125
0 0.53828125 0.79453125 0.0578125 0.01875
0 0.4609375 0.76015625 0.04609375 0.02421875
0 0.38359375 0.75546875 0.071875 0.02109375
0 0.26875 0.7546875 0.0546875 0.0171875
0 0.69453125 0.85234375 0.05234375 0.01875
0 0.296875 0.95546875 0.06796875 0.0265625
0 0.1640625 0.95859375 0.0359375 0.03125
0 0.5203125 0.93359375 0.06640625 0.01875
0 0.7453125 0.9125 0.0578125 0.025
0 0.71015625 0.92265625 0.05703125 0.02578125
0 0.590625 0.76875 0.0625 0.021875
0 0.7765625 0.66640625 0.071875 0.028125
0 0.0140625 0.68515625 0.028125 0.02734375
0 0.7234375 0.7296875 0.071875 0.021875
0 0.89765625 0.821875 0.05 0.01953125