0 0.578125 0.05234375 0.071875 0.021875
0 0.3265625 0.05859375 0.071875 0.015625
0 0.3265625 0.02109375 0.053125 0.015625
0 0.8734375 0.0921875 0.046875 0.0234375
0 0.46328125 0.1265625 0.0453125 0.021875
0 0.15078125 0.0984375 0.0484375 0.021875
0 0.03515625 0.0796875 0.06875 0.0234375
0 0.22890625 0.13515625 0.05 0.025
0 0.709375 0.2015625 0.09375 0.025
0 0.81953125 0.20234375 0.0390625 0.034375
0 0.859375 0.25234375 0.0640625 0.01875
0 0.634375 0.259375 0.0828125 0.0265625
0 0.35390625 0.3140625 0.078125 0.04375
0 0.43984375 0.30390625 0.0625 0.0265625
0 0.11796875 0.2796875 0.078125 0.021875
0 0.01953125 0.290625 0.0390625 0.025
0 0.4296875 0.184375 0.0625 0.040625
0 0.65390625 0.35390625 0.084375 0.025
0 0.946875 0.33203125 0.078125 0.034375
0 0.65078125 0.43203125 0.0546875 0.03125
0 0.39453125 0.47890625 0.059375 0.01875
0 0.221875 0.52109375 0.071875 0.028125
0 0.1109375 0.6046875 0.0703125 0.028125
0 0.2 0.57265625 0.059375 0.01875
0 0.603125 0.5765625 0.08125 0.0328125
0 0.89375 0.54140625 0.0890625 0.015625
0 0.6578125 0.6203125 0.0328125 0.0125
0 0.6609375 0.690625 0.046875 0.0296875
0 0.93515625 0.7 0.075 0.0265625
0 0.16484375 0.734375 0.0515625 0.021875
0 0.0640625 0.753125 0.06875 0.015625
0 0.28828125 0.74765625 0.0375 0.0265625
0 0.2875 0.78515625 0.053125 0.034375
0 0.53359375 0.7828125 0.04375 0.021875
0 0.678125 0.74921875 0.0703125 0.01875
0 0.64453125 0.83984375 0.034375 0.021875
0 0.7828125 0.803125 0.05625 0.025
0 0.8609375 0.87734375 0.0625 0.028125
0 0.5625 0.9359375 0.059375 0.028125
0 0.33046875 0.87578125 0.059375 0.0265625
0 0.3796875 0.903125 0.034375 0.021875
0 0.3390625 0.85 0.071875 0.021875
0 0.23359375 0.82421875 0.05 0.0171875
0 0.39765625 0.85234375 0.0640625 0.0171875
0 0.40625 0.83828125 0.053125 0.01875
0 0.81875 0.9390625 0.04375 0.0265625
0 0.90859375 0.9546875 0.075 0.0390625
0 0.2578125 0.6734375 0.05625 0.03125
0 0.5125 0.66875 0.0390625 0.025
0 0.96171875 0.15859375 0.05 0.01875