0 0.1875 0.878125 0.04375 0.084375
0 0.1578125 0.70859375 0.034375 0.0609375
0 0.178125 0.61953125 0.03125 0.0421875
0 0.1765625 0.40390625 0.0390625 0.096875
0 0.18828125 0.253125 0.034375 0.06875
0 0.2390625 0.25 0.034375 0.0421875
0 0.25234375 0.35078125 0.040625 0.06875
0 0.2734375 0.3953125 0.03125 0.0765625
0 0.384375 0.51484375 0.028125 0.046875
0 0.41640625 0.41328125 0.028125 0.065625
0 0.4015625 0.240625 0.0375 0.071875
0 0.4640625 0.28125 0.0375 0.071875
0 0.51953125 0.509375 0.03125 0.0640625
0 0.484375 0.58984375 0.0296875 0.078125
0 0.57890625 0.6015625 0.01875 0.0375
0 0.546875 0.5921875 0.028125 0.046875
0 0.5875 0.8 0.0265625 0.06875
0 0.56328125 0.86171875 0.025 0.046875
0 0.61328125 0.76015625 0.0140625 0.046875
0 0.62890625 0.5359375 0.01875 0.040625
0 0.6484375 0.63515625 0.021875 0.0375
0 0.6421875 0.29140625 0.025 0.0796875
0 0.696875 0.29140625 0.0234375 0.0578125
0 0.7078125 0.84375 0.025 0.140625
0 0.7296875 0.57890625 0.0125 0.103125
0 0.7984375 0.49609375 0.0265625 0.10625
0 0.8109375 0.33515625 0.01875 0.059375
0 0.76328125 0.31875 0.01875 0.0625
0 0.83359375 0.325 0.015625 0.053125
0 0.840625 0.24375 0.0265625 0.0671875
0 0.8734375 0.21640625 0.025 0.0390625
0 0.91640625 0.2703125 0.034375 0.0453125
0 0.86953125 0.44921875 0.0203125 0.04375
0 0.88359375 0.43125 0.009375 0.075
0 0.84765625 0.628125 0.025 0.06875
0 0.81328125 0.64609375 0.0125 0.071875
0 0.83046875 0.74296875 0.025 0.0609375
0 0.85625 0.834375 0.025 0.065625
0 0.8796875 0.7921875 0.0203125 0.05625
0 0.94609375 0.8671875 0.021875 0.09375
0 0.89921875 0.6171875 0.009375 0.06875
0 0.96171875 0.584375 0.0265625 0.109375
0 0.825 0.9390625 0.028125 0.0734375
0 0.75390625 0.80859375 0.021875 0.0734375
0 0.79609375 0.87890625 0.0203125 0.0625