0 0.76015625 0.1890625 0.0234375 0.0796875
0 0.865625 0.0265625 0.0359375 0.053125
0 0.86875 0.075 0.028125 0.0625
0 0.715625 0.146875 0.025 0.059375
0 0.94296875 0.615625 0.0390625 0.0921875
0 0.9765625 0.55390625 0.0265625 0.090625
0 0.9171875 0.93671875 0.01875 0.0796875
0 0.88515625 0.61875 0.0265625 0.059375
0 0.878125 0.815625 0.021875 0.0703125
0 0.85 0.68671875 0.0296875 0.059375
0 0.8765625 0.87734375 0.0265625 0.0859375
0 0.76015625 0.80234375 0.04375 0.1046875
0 0.79765625 0.82421875 0.0296875 0.0984375
0 0.884375 0.3515625 0.0328125 0.0625
0 0.803125 0.684375 0.028125 0.040625
0 0.73671875 0.4203125 0.0359375 0.0671875
0 0.6421875 0.2046875 0.021875 0.075
0 0.7125 0.9203125 0.04375 0.06875
0 0.65078125 0.65859375 0.0453125 0.06875
0 0.5125 0.28125 0.0359375 0.0828125
0 0.2703125 0.2484375 0.0375 0.046875
0 0.42109375 0.8515625 0.021875 0.08125
0 0.4234375 0.609375 0.025 0.0640625
0 0.43359375 0.6921875 0.0359375 0.05
0 0.4421875 0.146875 0.028125 0.0546875
0 0.34296875 0.2546875 0.0375 0.05625
0 0.334375 0.4875 0.025 0.0765625
0 0.33046875 0.8203125 0.021875 0.0578125
0 0.16171875 0.36875 0.025 0.078125
0 0.21171875 0.64921875 0.021875 0.0453125
0 0.2203125 0.56484375 0.0234375 0.0484375
0 0.19765625 0.20078125 0.025 0.0421875
0 0.16171875 0.20703125 0.025 0.059375
0 0.0421875 0.653125 0.0265625 0.0625
0 0.02890625 0.44140625 0.028125 0.05
0 0.203125 0.2671875 0.01875 0.075
0 0.103125 0.925 0.01875 0.0734375
0 0.09921875 0.74296875 0.01875 0.06875
0 0.12109375 0.6609375 0.01875 0.0875
0 0.21953125 0.76953125 0.028125 0.0609375
0 0.165625 0.71796875 0.021875 0.0375
0 0.1453125 0.85703125 0.01875 0.103125
0 0.05234375 0.86875 0.03125 0.075
0 0.07109375 0.96015625 0.0296875 0.078125
0 0.12109375 0.3171875 0.0265625 0.06875
0 0.07734375 0.79765625 0.0265625 0.0546875
0 0.3625 0.675 0.0265625 0.0453125
0 0.31328125 0.74609375 0.025 0.071875