0 0.94921875 0.02734375 0.07109375 0.03046875
0 0.97109375 0.06328125 0.046875 0.028125
0 0.77421875 0.10625 0.08828125 0.028125
0 0.56640625 0.0265625 0.065625 0.028125
0 0.6734375 0.0390625 0.084375 0.0296875
0 0.4734375 0.01796875 0.0625 0.0265625
0 0.26875 0.03828125 0.07421875 0.028125
0 0.2546875 0.1328125 0.07109375 0.02109375
0 0.265625 0.16171875 0.0703125 0.03046875
0 0.975 0.25546875 0.046875 0.0265625
0 0.83203125 0.30078125 0.05078125 0.03671875
0 0.60234375 0.246875 0.10078125 0.025
0 0.29375 0.38984375 0.06015625 0.03125
0 0.8953125 0.37734375 0.06015625 0.03046875
0 0.68515625 0.434375 0.0875 0.034375
0 0.47890625 0.4796875 0.0875 0.03203125
0 0.70390625 0.51640625 0.07265625 0.0375
0 0.0515625 0.46328125 0.0921875 0.03359375
0 0.17890625 0.60390625 0.07734375 0.04375
0 0.03359375 0.65859375 0.0671875 0.0203125
0 0.26328125 0.6828125 0.07578125 0.02421875
0 0.409375 0.62890625 0.06015625 0.028125
0 0.840625 0.66171875 0.05390625 0.03046875
0 0.48125 0.71796875 0.05078125 0.0296875
0 0.659375 0.653125 0.06015625 0.03203125
0 0.05078125 0.78671875 0.0578125 0.03203125
0 0.09140625 0.834375 0.0640625 0.03203125
0 0.3875 0.86171875 0.0890625 0.03125
0 0.33046875 0.8140625 0.06015625 0.0203125
0 0.1625 0.80625 0.06015625 0.025
0 0.14453125 0.88125 0.06484375 0.025
0 0.25546875 0.87421875 0.06640625 0.02890625
0 0.528125 0.95546875 0.0734375 0.0265625
0 0.9328125 0.70390625 0.06875 0.03203125
0 0.678125 0.56875 0.0953125 0.025
0 0.5375 0.05390625 0.0625 0.01875
0 0.95 0.66015625 0.0546875 0.02578125
0 0.06484375 0.6046875 0.07109375 0.02734375
0 0.28828125 0.53984375 0.0671875 0.0390625