2 0.60078125 0.115625 0.0828125 0.0296875
2 0.5640625 0.0875 0.06640625 0.025
2 0.484375 0.08671875 0.09609375 0.03125
2 0.540625 0.1453125 0.0796875 0.05
2 0.0625 0.025 0.0796875 0.04921875
2 0.60859375 0.1703125 0.07421875 0.03671875
2 0.8 0.25 0.06953125 0.04296875
2 0.69140625 0.23984375 0.0484375 0.034375
2 0.45859375 0.23984375 0.09140625 0.02734375
2 0.1296875 0.30625 0.04453125 0.0296875
2 0.14765625 0.3515625 0.03125 0.0625
2 0.03359375 0.340625 0.0671875 0.03046875
2 0.5046875 0.38203125 0.08203125 0.03984375
2 0.63984375 0.3109375 0.06171875 0.0328125
2 0.73984375 0.3515625 0.06640625 0.03125
2 0.7453125 0.41328125 0.0703125 0.0390625
2 0.74296875 0.39296875 0.06171875 0.03359375
2 0.75234375 0.47109375 0.08125 0.0515625
2 0.64609375 0.53671875 0.075 0.04140625
2 0.0875 0.48515625 0.05234375 0.03046875
2 0.14453125 0.49609375 0.12421875 0.0625
2 0.2453125 0.83984375 0.12890625 0.04765625
2 0.2640625 0.91171875 0.0609375 0.0359375
2 0.3953125 0.8515625 0.071875 0.03671875
2 0.503125 0.825 0.05859375 0.0375
2 0.68515625 0.82734375 0.07734375 0.03515625
2 0.70078125 0.759375 0.08203125 0.04609375
2 0.6328125 0.7109375 0.06875 0.04453125
2 0.27734375 0.759375 0.07578125 0.03046875
2 0.365625 0.6171875 0.12734375 0.0390625
2 0.9421875 0.8484375 0.06796875 0.040625
2 0.771875 0.853125 0.06015625 0.0296875
2 0.76171875 0.815625 0.0671875 0.03203125