0 0.965625 0.10625 0.040625 0.075
0 0.971875 0.9015625 0.021875 0.128125
0 0.95625 0.9359375 0.0203125 0.0625
0 0.86796875 0.9421875 0.015625 0.090625
0 0.94140625 0.67265625 0.03125 0.053125
0 0.86484375 0.6828125 0.028125 0.0734375
0 0.8578125 0.61015625 0.0234375 0.090625
0 0.865625 0.1640625 0.03125 0.0484375
0 0.821875 0.10234375 0.0265625 0.053125
0 0.834375 0.20625 0.034375 0.059375
0 0.90390625 0.2625 0.034375 0.046875
0 0.84140625 0.7984375 0.025 0.0859375
0 0.80234375 0.77421875 0.0203125 0.05
0 0.8234375 0.87109375 0.0265625 0.078125
0 0.778125 0.478125 0.028125 0.078125
0 0.7984375 0.4734375 0.034375 0.053125
0 0.7359375 0.43984375 0.021875 0.04375
0 0.76953125 0.69609375 0.025 0.04375
0 0.646875 0.6546875 0.03125 0.0546875
0 0.6890625 0.359375 0.034375 0.0703125
0 0.78125 0.10625 0.015625 0.0515625
0 0.7546875 0.03359375 0.025 0.0671875
0 0.71015625 0.078125 0.021875 0.0484375
0 0.6859375 0.1875 0.015625 0.0859375
0 0.71015625 0.221875 0.0140625 0.05625
0 0.5796875 0.2109375 0.021875 0.09375
0 0.5484375 0.25703125 0.0296875 0.0546875
0 0.425 0.4125 0.01875 0.090625
0 0.29921875 0.60625 0.028125 0.0765625
0 0.29921875 0.26640625 0.0453125 0.0484375
0 0.303125 0.08515625 0.0296875 0.0375
0 0.3078125 0.0375 0.025 0.03125
0 0.25 0.43828125 0.034375 0.071875
0 0.2078125 0.44140625 0.0265625 0.0484375
0 0.2078125 0.63671875 0.028125 0.046875
0 0.240625 0.75234375 0.0265625 0.04375
0 0.22890625 0.92265625 0.0171875 0.0484375
0 0.225 0.975 0.021875 0.0453125
0 0.14453125 0.78828125 0.021875 0.05
0 0.1546875 0.68359375 0.0296875 0.0515625
0 0.1609375 0.6515625 0.025 0.04375
0 0.18203125 0.81875 0.03125 0.0921875
0 0.13203125 0.884375 0.0125 0.059375
0 0.0890625 0.821875 0.028125 0.065625
0 0.0453125 0.84765625 0.021875 0.0375
0 0.0640625 0.85078125 0.015625 0.034375
0 0.03203125 0.94140625 0.028125 0.078125
0 0.034375 0.5921875 0.028125 0.0875
0 0.07890625 0.65546875 0.028125 0.05625
0 0.10703125 0.796875 0.01875 0.0390625
0 0.1484375 0.48046875 0.01875 0.034375
0 0.134375 0.4453125 0.025 0.05625
0 0.13828125 0.15625 0.0171875 0.071875
0 0.16796875 0.13046875 0.0234375 0.0671875
0 0.0625 0.41484375 0.021875 0.078125
0 0.0125 0.2359375 0.025 0.08125