2 0.8546875 0.30546875 0.0234375 0.0203125
2 0.834375 0.19140625 0.021875 0.0375
2 0.8953125 0.2078125 0.01875 0.021875
2 0.84765625 0.09453125 0.03125 0.0296875
2 0.8578125 0.140625 0.01875 0.0375
2 0.9109375 0.696875 0.025 0.059375
2 0.84765625 0.6203125 0.0390625 0.103125
2 0.859375 0.6546875 0.028125 0.0609375
2 0.89609375 0.5046875 0.0296875 0.05
2 0.80625 0.8234375 0.03125 0.053125
2 0.83125 0.86171875 0.03125 0.04375
2 0.675 0.403125 0.0375 0.0625
2 0.64765625 0.48046875 0.0296875 0.04375
2 0.465625 0.41015625 0.03125 0.065625
2 0.4171875 0.39296875 0.028125 0.040625
2 0.40859375 0.50625 0.028125 0.053125
2 0.3640625 0.55703125 0.0265625 0.059375
2 0.4234375 0.60078125 0.0234375 0.046875
2 0.5 0.87578125 0.025 0.05
2 0.38046875 0.403125 0.0390625 0.0546875
2 0.34140625 0.15703125 0.01875 0.05
2 0.27890625 0.0515625 0.0359375 0.040625
2 0.203125 0.128125 0.0265625 0.03125
2 0.23046875 0.03125 0.021875 0.03125
2 0.171875 0.4078125 0.021875 0.071875
2 0.209375 0.365625 0.021875 0.053125
2 0.203125 0.65390625 0.0203125 0.0375
2 0.2421875 0.6609375 0.025 0.03125
2 0.48984375 0.15546875 0.03125 0.046875
2 0.73984375 0.14375 0.028125 0.053125
2 0.64921875 0.73671875 0.03125 0.040625