0 0.7109375 0.09921875 0.06875 0.01875
0 0.3796875 0.19453125 0.04375 0.021875
0 0.30234375 0.19765625 0.028125 0.03125
0 0.709375 0.1796875 0.0484375 0.0265625
0 0.83125 0.20859375 0.053125 0.021875
0 0.9421875 0.153125 0.05625 0.021875
0 0.375 0.27109375 0.0203125 0.028125
0 0.13125 0.20859375 0.0640625 0.0265625
0 0.16640625 0.13203125 0.05625 0.025
0 0.30859375 0.13515625 0.05625 0.01875
0 0.05859375 0.26796875 0.01875 0.025
0 0.6328125 0.35078125 0.059375 0.028125
0 0.4671875 0.44296875 0.0234375 0.028125
0 0.35703125 0.47890625 0.0421875 0.0265625
0 0.07734375 0.46015625 0.034375 0.0359375
0 0.60625 0.57890625 0.053125 0.0140625
0 0.7296875 0.5859375 0.053125 0.0203125
0 0.85 0.56015625 0.0609375 0.01875
0 0.903125 0.5828125 0.0609375 0.021875
0 0.84453125 0.590625 0.05 0.01875
0 0.7765625 0.68125 0.0484375 0.015625
0 0.45 0.6984375 0.0421875 0.021875
0 0.75859375 0.7328125 0.046875 0.021875
0 0.965625 0.7578125 0.06875 0.0171875
0 0.534375 0.75703125 0.05 0.0140625
0 0.496875 0.771875 0.05 0.021875
0 0.190625 0.77578125 0.0328125 0.028125
0 0.7796875 0.82421875 0.0625 0.0203125
0 0.76171875 0.8671875 0.0375 0.0265625
0 0.85859375 0.8859375 0.0625 0.015625
0 0.83125 0.89609375 0.053125 0.0234375
0 0.415625 0.85234375 0.065625 0.01875
0 0.5546875 0.84453125 0.065625 0.01875
0 0.44453125 0.80234375 0.0734375 0.01875
0 0.27890625 0.87109375 0.05 0.01875
0 0.52890625 0.96015625 0.0359375 0.0359375
0 0.79140625 0.0109375 0.0734375 0.021875