2 0.87734375 0.778125 0.025 0.04375
2 0.81953125 0.890625 0.03125 0.046875
2 0.77421875 0.96640625 0.025 0.053125
2 0.83828125 0.915625 0.01875 0.040625
2 0.71015625 0.903125 0.0375 0.046875
2 0.89140625 0.26328125 0.025 0.053125
2 0.87734375 0.07578125 0.025 0.0484375
2 0.85859375 0.309375 0.025 0.0515625
2 0.80625 0.13984375 0.021875 0.0625
2 0.815625 0.05 0.0296875 0.05
2 0.80390625 0.0953125 0.025 0.0375
2 0.7125 0.06015625 0.025 0.053125
2 0.64375 0.409375 0.01875 0.090625
2 0.5328125 0.5046875 0.025 0.04375
2 0.5609375 0.24140625 0.028125 0.078125
2 0.54609375 0.10546875 0.01875 0.053125
2 0.5015625 0.07734375 0.03125 0.046875
2 0.51171875 0.73984375 0.021875 0.05625
2 0.56484375 0.81953125 0.034375 0.040625
2 0.4 0.528125 0.0328125 0.0625
2 0.35 0.5890625 0.046875 0.078125
2 0.40390625 0.23828125 0.021875 0.0546875
2 0.49765625 0.18515625 0.021875 0.05
2 0.35546875 0.05234375 0.028125 0.046875
2 0.38984375 0.20546875 0.03125 0.059375
2 0.31640625 0.3609375 0.028125 0.053125
2 0.26484375 0.50546875 0.0328125 0.059375
2 0.1453125 0.19140625 0.025 0.053125
2 0.18046875 0.45625 0.025 0.0578125
2 0.1703125 0.92109375 0.025 0.071875
2 0.9234375 0.709375 0.021875 0.1234375
2 0.9046875 0.43125 0.028125 0.0625