2 0.81328125 0.30390625 0.0171875 0.0484375
2 0.853125 0.4859375 0.01875 0.0375
2 0.7359375 0.66953125 0.0203125 0.04375
2 0.85546875 0.60546875 0.0203125 0.0359375
2 0.83984375 0.575 0.0140625 0.04375
2 0.83671875 0.68984375 0.0140625 0.04375
2 0.71875 0.89921875 0.01875 0.046875
2 0.6671875 0.878125 0.009375 0.0375
2 0.60625 0.79453125 0.01875 0.025
2 0.64375 0.78203125 0.01875 0.040625
2 0.15 0.53125 0.028125 0.0375
2 0.55546875 0.89140625 0.021875 0.0125
2 0.42890625 0.7515625 0.015625 0.0375
2 0.490625 0.82578125 0.021875 0.0359375
2 0.44296875 0.88359375 0.0125 0.0265625
2 0.5515625 0.74375 0.021875 0.0359375
2 0.59453125 0.39921875 0.021875 0.05625
2 0.1453125 0.80078125 0.0203125 0.04375
2 0.27109375 0.85703125 0.01875 0.0375
2 0.32578125 0.9515625 0.015625 0.0375
2 0.36875 0.93515625 0.0125 0.028125
2 0.228125 0.83828125 0.021875 0.059375
2 0.228125 0.89296875 0.034375 0.046875
2 0.19453125 0.84140625 0.021875 0.028125
2 0.13984375 0.7390625 0.01875 0.028125
2 0.1859375 0.7109375 0.021875 0.034375
2 0.18125 0.19296875 0.0125 0.04375
2 0.19140625 0.6609375 0.015625 0.034375
2 0.17578125 0.68203125 0.0109375 0.0265625
2 0.1625 0.5734375 0.0140625 0.034375
2 0.1546875 0.2015625 0.021875 0.0234375
2 0.1515625 0.01953125 0.0203125 0.0390625
2 0.11796875 0.353125 0.0125 0.046875
2 0.09140625 0.2734375 0.015625 0.0515625
2 0.190625 0.0671875 0.0140625 0.025
2 0.15390625 0.15703125 0.0203125 0.034375
2 0.09453125 0.53125 0.025 0.065625
2 0.09375 0.8203125 0.025 0.0875
2 0.0890625 0.14765625 0.0109375 0.0484375
2 0.12109375 0.2203125 0.01875 0.0375
2 0.10234375 0.25546875 0.0171875 0.05
2 0.115625 0.7578125 0.0125 0.046875
2 0.31875 0.3046875 0.034375 0.05
2 0.59453125 0.8265625 0.015625 0.025
2 0.52421875 0.75 0.01875 0.0328125
2 0.56875 0.78046875 0.01875 0.03125
2 0.7171875 0.55078125 0.015625 0.0390625
2 0.72109375 0.61953125 0.0140625 0.046875
2 0.7234375 0.421875 0.01875 0.0421875
2 0.73359375 0.3734375 0.021875 0.028125
2 0.753125 0.18046875 0.021875 0.025
2 0.7234375 0.253125 0.015625 0.04375
2 0.66328125 0.103125 0.0234375 0.04375
2 0.784375 0.4703125 0.0140625 0.0375
2 0.77734375 0.30625 0.015625 0.0390625
2 0.7421875 0.45234375 0.0171875 0.028125
2 0.71875 0.18515625 0.025 0.05