0 0.034375 0.94140625 0.028125 0.0859375
0 0.121875 0.621875 0.021875 0.084375
0 0.1125 0.76328125 0.0328125 0.04375
0 0.01875 0.85 0.0234375 0.1046875
0 0.0625 0.6328125 0.021875 0.0828125
0 0.0359375 0.76640625 0.0234375 0.0765625
0 0.01171875 0.378125 0.01875 0.065625
0 0.1359375 0.2078125 0.025 0.065625
0 0.12734375 0.02734375 0.01875 0.0546875
0 0.1140625 0.21328125 0.025 0.0765625
0 0.13359375 0.55546875 0.028125 0.08125
0 0.18671875 0.50859375 0.03125 0.065625
0 0.259375 0.065625 0.0265625 0.05625
0 0.29453125 0.2078125 0.021875 0.0515625
0 0.221875 0.3015625 0.01875 0.0515625
0 0.375 0.7484375 0.021875 0.053125
0 0.1796875 0.88984375 0.028125 0.053125
0 0.19921875 0.82109375 0.025 0.034375
0 0.39140625 0.5453125 0.028125 0.040625
0 0.24609375 0.8390625 0.0203125 0.0546875
0 0.321875 0.92890625 0.025 0.0609375
0 0.34609375 0.32890625 0.0265625 0.05
0 0.39296875 0.6265625 0.0234375 0.04375
0 0.5234375 0.07890625 0.0328125 0.05
0 0.4546875 0.8234375 0.01875 0.05
0 0.59296875 0.225 0.021875 0.0609375
0 0.61015625 0.075 0.0390625 0.05
0 0.59140625 0.56484375 0.0359375 0.053125
0 0.6328125 0.48828125 0.0296875 0.053125
0 0.52265625 0.66640625 0.025 0.0609375
0 0.78125 0.7234375 0.0328125 0.0484375
0 0.68671875 0.553125 0.028125 0.071875
0 0.665625 0.87890625 0.03125 0.0375
0 0.7234375 0.746875 0.028125 0.05625
0 0.75703125 0.5578125 0.03125 0.059375
0 0.803125 0.396875 0.025 0.0625
0 0.79609375 0.1046875 0.021875 0.05625
0 0.75390625 0.26015625 0.0296875 0.053125
0 0.84375 0.434375 0.021875 0.05625
0 0.81328125 0.09921875 0.021875 0.0625
0 0.91328125 0.28515625 0.021875 0.078125
0 0.97109375 0.840625 0.0296875 0.0875
0 0.86484375 0.6171875 0.01875 0.0625
0 0.834375 0.721875 0.025 0.046875
0 0.8234375 0.75546875 0.021875 0.0609375
0 0.91484375 0.60625 0.021875 0.0546875
0 0.6671875 0.01171875 0.021875 0.021875
0 0.7265625 0.284375 0.025 0.053125
0 0.66171875 0.33984375 0.021875 0.059375
0 0.66015625 0.17734375 0.021875 0.059375
0 0.5390625 0.08203125 0.021875 0.0625
0 0.88671875 0.659375 0.021875 0.0484375
0 0.90390625 0.70703125 0.01875 0.046875