2 0.29140625 0.76171875 0.0484375 0.0171875
2 0.34296875 0.73125 0.04140625 0.021875
2 0.18046875 0.71640625 0.04765625 0.021875
2 0.16171875 0.7234375 0.034375 0.0234375
2 0.234375 0.69765625 0.046875 0.02265625
2 0.2671875 0.6828125 0.05703125 0.01953125
2 0.46640625 0.66015625 0.0328125 0.0265625
2 0.8421875 0.8203125 0.0421875 0.02734375
2 0.6703125 0.83125 0.05078125 0.01796875
2 0.76171875 0.87734375 0.05703125 0.01640625
2 0.6109375 0.878125 0.07734375 0.0171875
2 0.13359375 0.8296875 0.04765625 0.02109375
2 0.178125 0.80234375 0.0625 0.02265625
2 0.1828125 0.790625 0.06328125 0.0171875
2 0.95078125 0.784375 0.05078125 0.01171875
2 0.98046875 0.81484375 0.0390625 0.0203125
2 0.06875 0.390625 0.034375 0.02890625
2 0.11796875 0.29296875 0.03984375 0.0296875
2 0.0171875 0.296875 0.034375 0.0265625
2 0.0375 0.15234375 0.04140625 0.03359375
2 0.06796875 0.0984375 0.08203125 0.02578125
2 0.321875 0.0875 0.0625 0.015625
2 0.22578125 0.09375 0.04375 0.02578125
2 0.15 0.153125 0.04765625 0.0265625
2 0.20859375 0.14453125 0.0546875 0.02265625
2 0.5890625 0.0921875 0.08359375 0.01796875
2 0.52734375 0.06875 0.10625 0.0203125
2 0.6734375 0.15625 0.0765625 0.0140625
2 0.72421875 0.14375 0.05234375 0.015625
2 0.75390625 0.1109375 0.071875 0.02578125
2 0.8875 0.09140625 0.06015625 0.021875
2 0.73984375 0.196875 0.05625 0.021875
2 0.7453125 0.1828125 0.05078125 0.01328125
2 0.496875 0.22578125 0.040625 0.02890625
2 0.48828125 0.15546875 0.0546875 0.0265625
2 0.23828125 0.171875 0.0375 0.03359375
2 0.25625 0.159375 0.0296875 0.0296875
2 0.3203125 0.14375 0.05625 0.015625
2 0.29921875 0.3140625 0.05390625 0.02421875
2 0.1453125 0.25703125 0.03515625 0.0296875