0 0.02890625 0.96328125 0.015625 0.0515625
0 0.115625 0.93203125 0.021875 0.05
0 0.071875 0.54453125 0.0265625 0.0328125
0 0.05234375 0.28359375 0.028125 0.04375
0 0.13828125 0.8234375 0.025 0.0484375
0 0.159375 0.33828125 0.015625 0.05
0 0.14375 0.30625 0.0125 0.046875
0 0.23125 0.48984375 0.025 0.0453125
0 0.18046875 0.50546875 0.015625 0.040625
0 0.21015625 0.33125 0.0125 0.046875
0 0.12421875 0.1640625 0.028125 0.0375
0 0.11640625 0.16875 0.015625 0.05625
0 0.12109375 0.3765625 0.0125 0.05
0 0.1640625 0.1796875 0.015625 0.065625
0 0.18515625 0.040625 0.01875 0.0390625
0 0.30625 0.73203125 0.028125 0.040625
0 0.31953125 0.9859375 0.021875 0.028125
0 0.36484375 0.67265625 0.028125 0.0375
0 0.4234375 0.971875 0.01875 0.0515625
0 0.396875 0.2 0.025 0.03125
0 0.50859375 0.21875 0.015625 0.059375
0 0.54296875 0.6453125 0.0203125 0.05
0 0.54140625 0.7765625 0.028125 0.053125
0 0.53125 0.97109375 0.03125 0.0359375
0 0.446875 0.83125 0.015625 0.05625
0 0.565625 0.88515625 0.0171875 0.046875
0 0.61171875 0.503125 0.015625 0.05625
0 0.6140625 0.4640625 0.0171875 0.046875
0 0.64921875 0.121875 0.015625 0.05
0 0.6765625 0.0765625 0.034375 0.034375
0 0.6546875 0.15859375 0.0296875 0.0375
0 0.38359375 0.065625 0.0171875 0.05
0 0.72109375 0.90234375 0.01875 0.0578125
0 0.775 0.94375 0.0265625 0.0375
0 0.75546875 0.7625 0.01875 0.05
0 0.77890625 0.7609375 0.021875 0.040625
0 0.79296875 0.82109375 0.01875 0.053125
0 0.8125 0.703125 0.01875 0.065625
0 0.81484375 0.6 0.0171875 0.0546875
0 0.73671875 0.60859375 0.028125 0.0609375
0 0.81484375 0.26015625 0.025 0.0328125
0 0.86875 0.49765625 0.0203125 0.071875
0 0.74296875 0.50390625 0.021875 0.04375
0 0.95078125 0.5734375 0.021875 0.053125
0 0.26875 0.95703125 0.025 0.0296875