2 0.9265625 0.07734375 0.06640625 0.02421875
2 0.74140625 0.11953125 0.0765625 0.015625
2 0.46640625 0.1 0.071875 0.0171875
2 0.46328125 0.0859375 0.0828125 0.01015625
2 0.48125 0.07421875 0.06640625 0.0140625
2 0.553125 0.1390625 0.0875 0.01328125
2 0.59375 0.16015625 0.0625 0.01484375
2 0.7421875 0.18984375 0.07734375 0.01796875
2 0.2140625 0.07890625 0.04921875 0.0234375
2 0.2578125 0.078125 0.06484375 0.01796875
2 0.05 0.12109375 0.03671875 0.02109375
2 0.0875 0.0953125 0.03203125 0.02734375
2 0.15703125 0.1421875 0.03828125 0.01953125
2 0.22578125 0.1796875 0.04375 0.01796875
2 0.22578125 0.15625 0.06328125 0.02265625
2 0.26875 0.203125 0.03359375 0.0265625
2 0.01875 0.26953125 0.03671875 0.025
2 0.05234375 0.31875 0.02421875 0.02890625
2 0.1140625 0.32109375 0.0453125 0.02890625
2 0.075 0.409375 0.059375 0.021875
2 0.9 0.278125 0.0484375 0.0203125
2 0.94453125 0.18359375 0.04765625 0.028125
2 0.409375 0.2640625 0.0515625 0.021875
2 0.6 0.2234375 0.06875 0.021875
2 0.1984375 0.6609375 0.04375 0.03359375
2 0.2046875 0.6265625 0.040625 0.02265625
2 0.3421875 0.7046875 0.046875 0.0265625
2 0.3515625 0.67109375 0.05546875 0.0171875
2 0.496875 0.56640625 0.03828125 0.03203125
2 0.7625 0.8328125 0.05234375 0.02421875
2 0.78828125 0.7984375 0.05390625 0.028125
2 0.628125 0.87578125 0.06875 0.01640625
2 0.67734375 0.87421875 0.07421875 0.01796875
2 0.2734375 0.8546875 0.065625 0.02265625
2 0.265625 0.79453125 0.05703125 0.0203125
2 0.48515625 0.703125 0.034375 0.0234375
2 0.315625 0.79609375 0.06640625 0.02109375
2 0.06875 0.7359375 0.034375 0.02578125
2 0.16640625 0.7328125 0.0296875 0.02265625
2 0.1703125 0.7171875 0.0578125 0.02578125
2 0.04453125 0.58828125 0.04296875 0.03359375