0 0.96015625 0.7515625 0.025 0.065625
0 0.9125 0.9265625 0.0296875 0.1125
0 0.89375 0.87734375 0.025 0.0703125
0 0.86484375 0.83671875 0.021875 0.0828125
0 0.95859375 0.56796875 0.028125 0.0703125
0 0.74921875 0.56796875 0.0359375 0.0390625
0 0.80390625 0.815625 0.03125 0.0734375
0 0.7640625 0.97109375 0.028125 0.0578125
0 0.72421875 0.92578125 0.0421875 0.059375
0 0.7546875 0.425 0.028125 0.05
0 0.725 0.3953125 0.0359375 0.0296875
0 0.7328125 0.30078125 0.028125 0.08125
0 0.709375 0.4890625 0.028125 0.05
0 0.6484375 0.9140625 0.025 0.065625
0 0.615625 0.528125 0.021875 0.0578125
0 0.7390625 0.5125 0.01875 0.0546875
0 0.67734375 0.26953125 0.025 0.059375
0 0.6265625 0.02734375 0.03125 0.0546875
0 0.69375 0.0625 0.028125 0.05
0 0.890625 0.028125 0.01875 0.05
0 0.875 0.09453125 0.015625 0.05625
0 0.56171875 0.43515625 0.025 0.059375
0 0.4875 0.35078125 0.028125 0.059375
0 0.4890625 0.959375 0.021875 0.0625
0 0.57109375 0.88671875 0.025 0.06875
0 0.440625 0.5109375 0.025 0.046875
0 0.396875 0.28984375 0.01875 0.0375
0 0.37578125 0.490625 0.015625 0.05
0 0.33828125 0.42265625 0.021875 0.0453125
0 0.3953125 0.93671875 0.028125 0.0421875
0 0.27109375 0.859375 0.0328125 0.084375
0 0.2890625 0.55078125 0.034375 0.059375
0 0.209375 0.5109375 0.0171875 0.071875
0 0.16875 0.34375 0.0328125 0.0421875
0 0.16875 0.78671875 0.025 0.0734375
0 0.16953125 0.86171875 0.025 0.06875
0 0.20078125 0.946875 0.025 0.053125
0 0.2109375 0.91328125 0.025 0.0421875
0 0.15390625 0.7546875 0.028125 0.090625
0 0.12109375 0.64140625 0.028125 0.08125
0 0.07109375 0.70859375 0.015625 0.0578125
0 0.14375 0.98515625 0.025 0.0296875
0 0.03984375 0.5734375 0.0203125 0.09375
0 0.10234375 0.0734375 0.021875 0.05625