0 0.903125 0.01875 0.065625 0.025
0 0.6046875 0.05703125 0.04375 0.034375
0 0.37734375 0.125 0.08125 0.021875
0 0.35 0.1046875 0.065625 0.015625
0 0.334375 0.08671875 0.078125 0.0234375
0 0.490625 0.17265625 0.046875 0.0234375
0 0.92578125 0.14296875 0.05625 0.021875
0 0.89296875 0.13046875 0.065625 0.0328125
0 0.62421875 0.20703125 0.0703125 0.021875
0 0.1453125 0.1921875 0.078125 0.0328125
0 0.3578125 0.1921875 0.05 0.01875
0 0.29375 0.18046875 0.046875 0.0265625
0 0.08046875 0.10703125 0.065625 0.025
0 0.2109375 0.21640625 0.05 0.028125
0 0.15234375 0.23828125 0.0671875 0.021875
0 0.28359375 0.26640625 0.0734375 0.034375
0 0.59140625 0.3734375 0.05 0.0328125
0 0.85078125 0.33984375 0.059375 0.025
0 0.9328125 0.30390625 0.046875 0.040625
0 0.26875 0.41171875 0.046875 0.028125
0 0.21953125 0.48359375 0.065625 0.021875
0 0.95234375 0.41171875 0.071875 0.025
0 0.9390625 0.48046875 0.065625 0.03125
0 0.8234375 0.4921875 0.0546875 0.025
0 0.77109375 0.54453125 0.0765625 0.0203125
0 0.3515625 0.6265625 0.04375 0.03125
0 0.09140625 0.5640625 0.05 0.03125
0 0.7375 0.6765625 0.05 0.028125
0 0.86875 0.76328125 0.0375 0.0296875
0 0.75859375 0.76171875 0.04375 0.021875
0 0.7140625 0.8078125 0.04375 0.0203125
0 0.715625 0.84375 0.0375 0.01875
0 0.8171875 0.80234375 0.046875 0.015625
0 0.38046875 0.7140625 0.05 0.021875
0 0.6359375 0.8953125 0.05625 0.01875
0 0.39453125 0.9546875 0.065625 0.021875
0 0.98984375 0.86171875 0.01875 0.0265625
0 0.77109375 0.11796875 0.05625 0.021875
0 0.43671875 0.11015625 0.0703125 0.021875
0 0.4203125 0.8828125 0.0375 0.0265625