2 0.9046875 0.81640625 0.025 0.05625
2 0.90703125 0.90234375 0.0109375 0.053125
2 0.89296875 0.93046875 0.0234375 0.040625
2 0.86171875 0.53671875 0.0125 0.053125
2 0.80625 0.56953125 0.021875 0.05625
2 0.80859375 0.63671875 0.021875 0.065625
2 0.83984375 0.6859375 0.025 0.08125
2 0.84296875 0.746875 0.021875 0.0625
2 0.790625 0.90703125 0.025 0.04375
2 0.72890625 0.82890625 0.040625 0.0609375
2 0.7765625 0.653125 0.025 0.065625
2 0.80234375 0.3265625 0.021875 0.05
2 0.82734375 0.40703125 0.03125 0.053125
2 0.89453125 0.240625 0.0171875 0.05
2 0.91171875 0.28671875 0.01875 0.046875
2 0.89375 0.3375 0.021875 0.0390625
2 0.86015625 0.0578125 0.0234375 0.04375
2 0.8875 0.1015625 0.015625 0.053125
2 0.91015625 0.15234375 0.015625 0.0734375
2 0.80625 0.06875 0.040625 0.04375
2 0.82265625 0.178125 0.01875 0.046875
2 0.8140625 0.26328125 0.03125 0.05625
2 0.68515625 0.2984375 0.025 0.0390625
2 0.7109375 0.334375 0.021875 0.0375
2 0.70859375 0.0546875 0.021875 0.053125
2 0.721875 0.134375 0.03125 0.025
2 0.659375 0.04921875 0.01875 0.03125
2 0.59140625 0.07734375 0.0390625 0.0265625
2 0.60625 0.096875 0.025 0.03125
2 0.6078125 0.13125 0.025 0.040625
2 0.64140625 0.11875 0.0234375 0.05
2 0.55625 0.11171875 0.025 0.0515625
2 0.440625 0.171875 0.025 0.053125
2 0.475 0.35546875 0.015625 0.046875
2 0.60390625 0.3625 0.0375 0.0203125
2 0.45390625 0.846875 0.0328125 0.059375
2 0.3328125 0.61328125 0.021875 0.0578125
2 0.2453125 0.2046875 0.028125 0.0421875
2 0.2375 0.3078125 0.0203125 0.0515625
2 0.3609375 0.2984375 0.028125 0.03125
2 0.28515625 0.0828125 0.0296875 0.04375
2 0.29765625 0.0984375 0.028125 0.04375
2 0.3375 0.10078125 0.0234375 0.0328125
2 0.334375 0.1859375 0.0265625 0.0484375
2 0.2796875 0.19765625 0.01875 0.040625
2 0.159375 0.2703125 0.025 0.05
2 0.17578125 0.32890625 0.0265625 0.05625
2 0.196875 0.54375 0.025 0.0375
2 0.2 0.60390625 0.0296875 0.0390625
2 0.2328125 0.56640625 0.021875 0.0546875
2 0.16328125 0.73515625 0.025 0.075
2 0.2171875 0.8796875 0.01875 0.0625