0 0.8015625 0.01328125 0.046875 0.025
0 0.553125 0.08359375 0.059375 0.0265625
0 0.9671875 0.03125 0.065625 0.021875
0 0.5671875 0.1234375 0.0828125 0.0265625
0 0.1296875 0.246875 0.0796875 0.0375
0 0.11953125 0.30078125 0.0578125 0.03125
0 0.44375 0.07734375 0.065625 0.03125
0 0.5375 0.17109375 0.0578125 0.0234375
0 0.284375 0.20625 0.04375 0.028125
0 0.90390625 0.08125 0.0703125 0.025
0 0.1703125 0.43125 0.046875 0.0265625
0 0.30078125 0.45078125 0.0484375 0.0234375
0 0.6234375 0.09140625 0.046875 0.0234375
0 0.79140625 0.1203125 0.04375 0.021875
0 0.55078125 0.29765625 0.05625 0.034375
0 0.975 0.24296875 0.05 0.01875
0 0.98203125 0.6953125 0.0359375 0.028125
0 0.7140625 0.35859375 0.071875 0.021875
0 0.56015625 0.71640625 0.071875 0.0359375
0 0.81796875 0.57890625 0.034375 0.040625
0 0.34765625 0.6359375 0.05 0.01875
0 0.11640625 0.57890625 0.053125 0.0203125
0 0.4015625 0.58359375 0.040625 0.0265625
0 0.78203125 0.81015625 0.0546875 0.0234375
0 0.43515625 0.72578125 0.046875 0.021875
0 0.509375 0.7484375 0.046875 0.0125
0 0.784375 0.89765625 0.059375 0.028125
0 0.10546875 0.79296875 0.071875 0.021875
0 0.61484375 0.8296875 0.05625 0.01875
0 0.89765625 0.62421875 0.0765625 0.0296875
0 0.82265625 0.76640625 0.05 0.040625
0 0.73203125 0.17265625 0.0734375 0.025
0 0.10234375 0.4671875 0.059375 0.021875
0 0.36015625 0.39921875 0.071875 0.03125
0 0.19921875 0.675 0.078125 0.021875
0 0.38828125 0.15546875 0.06875 0.021875
0 0.25078125 0.12734375 0.0546875 0.021875
0 0.9265625 0.09765625 0.08125 0.021875