0 0.09921875 0.8921875 0.028125 0.0578125
0 0.13671875 0.21640625 0.03125 0.059375
0 0.22265625 0.4328125 0.034375 0.084375
0 0.29921875 0.38828125 0.025 0.05625
0 0.20703125 0.09375 0.021875 0.046875
0 0.23671875 0.025 0.025 0.040625
0 0.31875 0.040625 0.025 0.0578125
0 0.3015625 0.65234375 0.025 0.0515625
0 0.28671875 0.48984375 0.021875 0.0484375
0 0.2625 0.62890625 0.0203125 0.053125
0 0.28359375 0.89765625 0.021875 0.071875
0 0.3140625 0.8203125 0.021875 0.0609375
0 0.41015625 0.26328125 0.0265625 0.046875
0 0.53828125 0.45546875 0.025 0.059375
0 0.51015625 0.66953125 0.028125 0.05
0 0.5859375 0.65390625 0.021875 0.0484375
0 0.5640625 0.653125 0.0234375 0.05625
0 0.665625 0.5453125 0.0265625 0.071875
0 0.640625 0.44765625 0.0390625 0.084375
0 0.73203125 0.45078125 0.0328125 0.075
0 0.7171875 0.1953125 0.028125 0.075
0 0.74765625 0.146875 0.03125 0.06875
0 0.784375 0.196875 0.01875 0.05
0 0.7875 0.15 0.01875 0.046875
0 0.73984375 0.05078125 0.0265625 0.0390625
0 0.753125 0.0921875 0.01875 0.025
0 0.8328125 0.15625 0.0171875 0.065625
0 0.8578125 0.32109375 0.0203125 0.0453125
0 0.834375 0.415625 0.021875 0.046875
0 0.83046875 0.35234375 0.0203125 0.0453125
0 0.8859375 0.10234375 0.01875 0.05625
0 0.91640625 0.08203125 0.01875 0.0421875
0 0.89921875 0.621875 0.025 0.0578125
0 0.9375 0.18359375 0.025 0.071875