0 0.92578125 0.671875 0.028125 0.0703125
0 0.90546875 0.47109375 0.021875 0.0625
0 0.9453125 0.409375 0.015625 0.0796875
0 0.86484375 0.29296875 0.0296875 0.09375
0 0.89609375 0.23125 0.028125 0.0609375
0 0.7578125 0.2625 0.0375 0.059375
0 0.63984375 0.11328125 0.01875 0.04375
0 0.675 0.0453125 0.0265625 0.0359375
0 0.73984375 0.959375 0.034375 0.0625
0 0.74296875 0.86875 0.0296875 0.059375
0 0.67578125 0.58515625 0.03125 0.06875
0 0.74609375 0.52578125 0.0328125 0.065625
0 0.7890625 0.5734375 0.0359375 0.09375
0 0.771875 0.94765625 0.0328125 0.0703125
0 0.80078125 0.89296875 0.028125 0.0703125
0 0.853125 0.934375 0.04375 0.096875
0 0.89375 0.9328125 0.03125 0.08125
0 0.953125 0.15234375 0.025 0.075
0 0.88046875 0.17578125 0.034375 0.028125
0 0.62578125 0.9765625 0.0421875 0.046875
0 0.49453125 0.91953125 0.040625 0.065625
0 0.384375 0.53359375 0.021875 0.065625
0 0.4375 0.309375 0.028125 0.0875
0 0.4546875 0.184375 0.034375 0.053125
0 0.37109375 0.67421875 0.0453125 0.053125
0 0.3203125 0.9 0.0375 0.05
0 0.26328125 0.765625 0.034375 0.075
0 0.21328125 0.74140625 0.034375 0.0734375
0 0.2578125 0.5421875 0.0375 0.053125
0 0.24453125 0.46796875 0.0421875 0.0609375
0 0.16484375 0.43203125 0.040625 0.0640625
0 0.18984375 0.40625 0.04375 0.046875
0 0.159375 0.61484375 0.03125 0.0625
0 0.1703125 0.53359375 0.03125 0.05
0 0.0703125 0.7359375 0.034375 0.05
0 0.13671875 0.85078125 0.0359375 0.040625
0 0.2171875 0.9421875 0.028125 0.0734375
0 0.19140625 0.8328125 0.0234375 0.08125