0 0.115625 0.025 0.0578125 0.03359375
0 0.134375 0.14140625 0.06171875 0.021875
0 0.403125 0.08203125 0.06953125 0.0328125
0 0.3484375 0.1046875 0.0671875 0.025
0 0.7515625 0.1046875 0.05625 0.040625
0 0.4859375 0.1328125 0.0703125 0.02109375
0 0.359375 0.18359375 0.08828125 0.01796875
0 0.50078125 0.23359375 0.0625 0.03828125
0 0.2046875 0.2546875 0.04453125 0.040625
0 0.1765625 0.35 0.065625 0.021875
0 0.89375 0.1796875 0.0703125 0.02578125
0 0.95625 0.15078125 0.06328125 0.02109375
0 0.10078125 0.19140625 0.07578125 0.0296875
0 0.87109375 0.3609375 0.06953125 0.01640625
0 0.80546875 0.37734375 0.065625 0.02265625
0 0.97890625 0.39375 0.034375 0.021875
0 0.828125 0.4703125 0.034375 0.02890625
0 0.35703125 0.41484375 0.0390625 0.02421875
0 0.3 0.44453125 0.065625 0.02421875
0 0.26171875 0.4984375 0.06328125 0.0203125
0 0.21796875 0.55859375 0.0671875 0.01953125
0 0.14765625 0.52265625 0.08671875 0.01875
0 0.35703125 0.5453125 0.0578125 0.021875
0 0.24453125 0.5296875 0.0609375 0.02109375
0 0.96796875 0.58359375 0.04921875 0.03046875
0 0.2390625 0.73125 0.06875 0.03046875
0 0.0390625 0.69765625 0.046875 0.03515625
0 0.153125 0.865625 0.07109375 0.01640625
0 0.25546875 0.871875 0.05546875 0.03046875
0 0.6609375 0.82578125 0.0640625 0.02578125
0 0.390625 0.81875 0.07578125 0.021875
0 0.059375 0.940625 0.065625 0.021875
0 0.27265625 0.96484375 0.0703125 0.02421875
0 0.2765625 0.9484375 0.08125 0.02578125
0 0.64375 0.96875 0.0828125 0.03046875
0 0.88828125 0.653125 0.03046875 0.0265625
0 0.63515625 0.1265625 0.06875 0.0171875
0 0.040625 0.76015625 0.08125 0.0265625