0 0.26015625 0.05078125 0.08125 0.01796875
0 0.1234375 0.08828125 0.0640625 0.021875
0 0.24921875 0.09453125 0.08125 0.028125
0 0.140625 0.12734375 0.08515625 0.01875
0 0.16796875 0.15234375 0.04921875 0.0296875
0 0.4203125 0.1890625 0.0609375 0.015625
0 0.521875 0.171875 0.0546875 0.021875
0 0.84140625 0.0796875 0.0546875 0.02734375
0 0.77109375 0.00546875 0.06484375 0.0109375
0 0.58203125 0.09375 0.046875 0.01640625
0 0.45546875 0.13828125 0.07734375 0.01796875
0 0.87421875 0.15 0.04921875 0.0265625
0 0.78359375 0.12265625 0.0796875 0.025
0 0.45546875 0.23359375 0.065625 0.01640625
0 0.68125 0.24765625 0.059375 0.02890625
0 0.49453125 0.2953125 0.04921875 0.01796875
0 0.56328125 0.32265625 0.05234375 0.02578125
0 0.2984375 0.2703125 0.05234375 0.040625
0 0.4375 0.3421875 0.04296875 0.03515625
0 0.03515625 0.2390625 0.05234375 0.02265625
0 0.14921875 0.3890625 0.028125 0.03359375
0 0.16171875 0.384375 0.0671875 0.01640625
0 0.565625 0.4953125 0.07734375 0.0203125
0 0.3171875 0.4578125 0.04765625 0.0296875
0 0.1203125 0.5140625 0.0453125 0.0203125
0 0.41328125 0.55390625 0.03515625 0.03046875
0 0.5484375 0.56484375 0.06015625 0.01484375
0 0.83046875 0.5953125 0.07734375 0.015625
0 0.6609375 0.60078125 0.084375 0.01953125
0 0.54609375 0.646875 0.071875 0.01328125
0 0.3484375 0.69375 0.04765625 0.0390625
0 0.078125 0.65078125 0.04453125 0.034375
0 0.58203125 0.66953125 0.0421875 0.0296875
0 0.74140625 0.68046875 0.0671875 0.02578125
0 0.7609375 0.70234375 0.0671875 0.01953125
0 0.14921875 0.71328125 0.071875 0.02109375
0 0.03828125 0.83671875 0.07578125 0.01640625
0 0.0796875 0.85546875 0.0796875 0.0203125
0 0.10078125 0.84375 0.06328125 0.0203125
0 0.52109375 0.86796875 0.05078125 0.021875
0 0.5234375 0.82109375 0.059375 0.01953125
0 0.59453125 0.82421875 0.04921875 0.02421875
0 0.71640625 0.76640625 0.0671875 0.0171875
0 0.84140625 0.80078125 0.0546875 0.01953125
0 0.57734375 0.91015625 0.0625 0.02734375
0 0.40703125 0.8875 0.0703125 0.021875