2 0.9109375 0.4859375 0.0375 0.071875
2 0.909375 0.7578125 0.04375 0.084375
2 0.959375 0.91015625 0.0375 0.084375
2 0.83203125 0.88984375 0.03125 0.0375
2 0.8515625 0.8171875 0.028125 0.053125
2 0.859375 0.278125 0.03125 0.084375
2 0.86015625 0.23828125 0.025 0.05625
2 0.8125 0.1375 0.028125 0.053125
2 0.8390625 0.1296875 0.034375 0.078125
2 0.6859375 0.17734375 0.0328125 0.08125
2 0.65078125 0.2671875 0.034375 0.09375
2 0.62109375 0.51171875 0.0265625 0.10625
2 0.58359375 0.64453125 0.021875 0.0796875
2 0.55078125 0.60078125 0.03125 0.053125
2 0.60234375 0.71328125 0.0296875 0.0375
2 0.4953125 0.74296875 0.05625 0.06875
2 0.54140625 0.9265625 0.021875 0.059375
2 0.80546875 0.7265625 0.028125 0.065625
2 0.80859375 0.6671875 0.025 0.05625
2 0.48515625 0.91953125 0.034375 0.0859375
2 0.359375 0.9046875 0.0234375 0.071875
2 0.26484375 0.5109375 0.034375 0.0921875
2 0.16015625 0.7328125 0.0390625 0.10625
2 0.140625 0.45703125 0.028125 0.0953125
2 0.15 0.49375 0.0265625 0.04375
2 0.1796875 0.4515625 0.0375 0.040625
2 0.134375 0.20546875 0.03125 0.05
2 0.2265625 0.2671875 0.03125 0.0625