0 0.9703125 0.50703125 0.015625 0.053125
0 0.9515625 0.728125 0.015625 0.05
0 0.8921875 0.3890625 0.01875 0.046875
0 0.8546875 0.278125 0.025 0.0453125
0 0.83359375 0.64375 0.025 0.0359375
0 0.81796875 0.61015625 0.025 0.05
0 0.79609375 0.7875 0.025 0.053125
0 0.77109375 0.2984375 0.021875 0.05
0 0.86796875 0.025 0.01875 0.034375
0 0.95234375 0.0375 0.021875 0.075
0 0.98359375 0.14453125 0.021875 0.065625
0 0.8875 0.11484375 0.028125 0.04375
0 0.62421875 0.225 0.0359375 0.065625
0 0.65390625 0.33671875 0.025 0.0640625
0 0.596875 0.77578125 0.0375 0.078125
0 0.4765625 0.46328125 0.040625 0.065625
0 0.50078125 0.32734375 0.0328125 0.0765625
0 0.534375 0.028125 0.03125 0.0546875
0 0.38828125 0.2359375 0.01875 0.0625
0 0.425 0.5625 0.015625 0.0375
0 0.2640625 0.13828125 0.0203125 0.059375
0 0.321875 0.134375 0.025 0.071875
0 0.29609375 0.103125 0.028125 0.0734375
0 0.278125 0.20859375 0.0234375 0.05
0 0.22109375 0.253125 0.015625 0.0515625
0 0.20859375 0.16015625 0.01875 0.053125
0 0.2015625 0.13046875 0.021875 0.05625
0 0.18515625 0.06796875 0.0171875 0.0765625
0 0.11484375 0.41953125 0.0296875 0.0625
0 0.125 0.5609375 0.0359375 0.053125
0 0.23984375 0.64609375 0.021875 0.05625
0 0.1265625 0.17890625 0.021875 0.0421875
0 0.21328125 0.8453125 0.0265625 0.065625
0 0.1734375 0.4015625 0.025 0.059375
0 0.38828125 0.4421875 0.04375 0.059375
0 0.47734375 0.94375 0.025 0.065625
0 0.54765625 0.7265625 0.0328125 0.0625
0 0.79453125 0.465625 0.0296875 0.0703125
0 0.79140625 0.3640625 0.021875 0.0625
0 0.3265625 0.796875 0.0375 0.046875
0 0.3171875 0.503125 0.034375 0.04375
0 0.275 0.05234375 0.01875 0.046875