0 0.1328125 0.57578125 0.0203125 0.0640625
0 0.15625 0.68671875 0.015625 0.05625
0 0.0359375 0.27734375 0.0296875 0.071875
0 0.2265625 0.7234375 0.021875 0.075
0 0.16015625 0.4890625 0.0375 0.05625
0 0.134375 0.3171875 0.0265625 0.0859375
0 0.09921875 0.053125 0.021875 0.08125
0 0.11953125 0.8453125 0.0203125 0.0875
0 0.134375 0.97890625 0.028125 0.0421875
0 0.11484375 0.99140625 0.0265625 0.0171875
0 0.2578125 0.4109375 0.025 0.05
0 0.3125 0.36328125 0.0296875 0.1
0 0.37578125 0.67734375 0.025 0.06875
0 0.45 0.7375 0.0234375 0.059375
0 0.31015625 0.065625 0.025 0.06875
0 0.41484375 0.01875 0.0296875 0.0375
0 0.58828125 0.3171875 0.01875 0.071875
0 0.57578125 0.31796875 0.021875 0.084375
0 0.52109375 0.2265625 0.028125 0.06875
0 0.57265625 0.07890625 0.0203125 0.0484375
0 0.5484375 0.61875 0.01875 0.0703125
0 0.5109375 0.95 0.021875 0.0484375
0 0.5046875 0.7328125 0.01875 0.05
0 0.66796875 0.946875 0.025 0.059375
0 0.7546875 0.953125 0.01875 0.0625
0 0.76015625 0.59140625 0.025 0.046875
0 0.8015625 0.81484375 0.01875 0.05
0 0.81484375 0.63046875 0.021875 0.0578125
0 0.8296875 0.4625 0.01875 0.0671875
0 0.7765625 0.27265625 0.0140625 0.05625
0 0.44375 0.44609375 0.034375 0.046875
0 0.18515625 0.621875 0.025 0.059375
0 0.16328125 0.290625 0.01875 0.04375
0 0.78359375 0.9171875 0.0234375 0.065625
0 0.77265625 0.740625 0.028125 0.0734375
0 0.890625 0.5609375 0.025 0.05625
0 0.871875 0.1796875 0.021875 0.06875
0 0.97421875 0.3671875 0.0265625 0.046875
0 0.6578125 0.08203125 0.015625 0.065625
0 0.525 0.053125 0.021875 0.059375
0 0.87109375 0.89609375 0.0171875 0.0703125
0 0.959375 0.93046875 0.028125 0.0625
0 0.97421875 0.14921875 0.03125 0.06875
0 0.61640625 0.63984375 0.021875 0.0375
0 0.0953125 0.55859375 0.015625 0.078125