0 0.075 0.071875 0.0421875 0.025
0 0.43984375 0.11953125 0.0625 0.01875
0 0.396875 0.12734375 0.0546875 0.025
0 0.32421875 0.04921875 0.065625 0.015625
0 0.39296875 0.03125 0.0421875 0.021875
0 0.021875 0.1375 0.04375 0.021875
0 0.08046875 0.1453125 0.046875 0.0203125
0 0.32421875 0.09765625 0.05625 0.025
0 0.528125 0.14375 0.05 0.025
0 0.58828125 0.13671875 0.0671875 0.025
0 0.56640625 0.16875 0.046875 0.0296875
0 0.6953125 0.121875 0.0625 0.01875
0 0.95 0.16015625 0.071875 0.025
0 0.840625 0.19375 0.0375 0.028125
0 0.34375 0.18203125 0.0421875 0.0359375
0 0.34921875 0.253125 0.05 0.0296875
0 0.1984375 0.21328125 0.046875 0.021875
0 0.2109375 0.24453125 0.05 0.034375
0 0.28984375 0.5046875 0.05 0.0125
0 0.24765625 0.50078125 0.05625 0.0203125
0 0.6171875 0.39921875 0.05 0.01875
0 0.63984375 0.43046875 0.0484375 0.0203125
0 0.83984375 0.38828125 0.0375 0.01875
0 0.88828125 0.43125 0.0421875 0.021875
0 0.0234375 0.5984375 0.046875 0.025
0 0.38046875 0.6234375 0.05625 0.021875
0 0.2921875 0.690625 0.0546875 0.01875
0 0.1921875 0.69453125 0.059375 0.025
0 0.3375 0.56484375 0.0421875 0.015625
0 0.34765625 0.5515625 0.04375 0.01875
0 0.509375 0.62734375 0.0421875 0.03125
0 0.11171875 0.81484375 0.05 0.021875
0 0.253125 0.8515625 0.0390625 0.025
0 0.36484375 0.9203125 0.0375 0.028125
0 0.5359375 0.8140625 0.0578125 0.01875
0 0.34140625 0.871875 0.0453125 0.01875
0 0.57734375 0.85859375 0.053125 0.03125
0 0.765625 0.74453125 0.0296875 0.028125
0 0.6765625 0.759375 0.05625 0.028125
0 0.54609375 0.76875 0.0578125 0.0234375
0 0.959375 0.26484375 0.0390625 0.025
0 0.66328125 0.528125 0.0328125 0.01875
0 0.575 0.509375 0.0359375 0.03125
0 0.49921875 0.521875 0.0546875 0.0234375
0 0.71640625 0.54765625 0.046875 0.025
0 0.7875 0.69765625 0.034375 0.021875
0 0.13046875 0.54609375 0.053125 0.0203125
0 0.07578125 0.2109375 0.05 0.0203125