2 0.81484375 0.71328125 0.0171875 0.0484375
2 0.84140625 0.54375 0.01875 0.0375
2 0.74765625 0.39296875 0.0203125 0.04375
2 0.84609375 0.39921875 0.0203125 0.0359375
2 0.83125 0.3984375 0.0140625 0.04375
2 0.81953125 0.24375 0.0140625 0.04375
2 0.71875 0.10078125 0.01875 0.046875
2 0.6265625 0.165625 0.009375 0.0375
2 0.61328125 0.20390625 0.01875 0.025
2 0.65703125 0.253125 0.01875 0.040625
2 0.50078125 0.06484375 0.028125 0.0375
2 0.55546875 0.10859375 0.021875 0.0125
2 0.446875 0.23125 0.015625 0.0375
2 0.490625 0.17421875 0.021875 0.0359375
2 0.48125 0.12890625 0.0125 0.0265625
2 0.5515625 0.25625 0.021875 0.0359375
2 0.54765625 0.8203125 0.021875 0.05625
2 0.3859375 0.12109375 0.0203125 0.04375
2 0.31171875 0.140625 0.01875 0.0375
2 0.32578125 0.0484375 0.015625 0.0375
2 0.3546875 0.07265625 0.0125 0.028125
2 0.2234375 0.20078125 0.021875 0.059375
2 0.20703125 0.084375 0.034375 0.046875
2 0.19453125 0.15859375 0.021875 0.028125
2 0.13984375 0.2609375 0.01875 0.028125
2 0.17890625 0.29140625 0.021875 0.034375
2 0.20390625 0.24609375 0.0125 0.04375
2 0.17734375 0.359375 0.015625 0.034375
2 0.17578125 0.31796875 0.0109375 0.0265625
2 0.16484375 0.31953125 0.0140625 0.034375
2 0.1546875 0.7984375 0.021875 0.0234375
2 0.11640625 0.91796875 0.0203125 0.0375
2 0.14375 0.59765625 0.0125 0.046875
2 0.15703125 0.55546875 0.015625 0.0515625
2 0.19375 0.8796875 0.0140625 0.025
2 0.08828125 0.57734375 0.0203125 0.034375
2 0.09453125 0.46875 0.025 0.065625
2 0.0859375 0.13984375 0.025 0.0875
2 0.17734375 0.58359375 0.0109375 0.0484375
2 0.17578125 0.525 0.01875 0.0375
2 0.15859375 0.5171875 0.0171875 0.05
2 0.115625 0.2421875 0.0125 0.046875
2 0.29765625 0.70859375 0.034375 0.05
2 0.59453125 0.1734375 0.015625 0.025
2 0.55234375 0.1484375 0.01875 0.0328125
2 0.56875 0.21953125 0.01875 0.03125
2 0.7171875 0.44921875 0.015625 0.0390625
2 0.7296875 0.4203125 0.0140625 0.046875
2 0.7234375 0.578125 0.01875 0.0421875
2 0.73359375 0.6265625 0.021875 0.028125
2 0.746875 0.78671875 0.021875 0.025
2 0.7234375 0.746875 0.015625 0.04375
2 0.66328125 0.896875 0.0234375 0.04375
2 0.784375 0.5296875 0.0140625 0.0375
2 0.77734375 0.69375 0.015625 0.0390625
2 0.75859375 0.753125 0.0171875 0.028125