0 0.0375 0.01953125 0.07421875 0.03046875
0 0.521875 0.0125 0.103125 0.025
0 0.86484375 0.03671875 0.06796875 0.0171875
0 0.20703125 0.11796875 0.0578125 0.021875
0 0.0265625 0.0953125 0.053125 0.028125
0 0.51015625 0.10703125 0.08359375 0.01640625
0 0.5984375 0.11875 0.090625 0.03125
0 0.35546875 0.14375 0.04921875 0.0171875
0 0.5859375 0.1640625 0.08125 0.015625
0 0.67421875 0.15625 0.07734375 0.028125
0 0.72578125 0.1921875 0.06640625 0.01953125
0 0.3296875 0.17890625 0.07734375 0.01171875
0 0.26484375 0.19296875 0.05 0.01953125
0 0.06171875 0.1703125 0.059375 0.02265625
0 0.31015625 0.2328125 0.04296875 0.021875
0 0.26015625 0.3640625 0.0328125 0.028125
0 0.3453125 0.34765625 0.0515625 0.034375
0 0.7546875 0.396875 0.0703125 0.02734375
0 0.03203125 0.484375 0.0640625 0.01875
0 0.0953125 0.49765625 0.053125 0.01953125
0 0.3859375 0.50625 0.04453125 0.01796875
0 0.47421875 0.53515625 0.03671875 0.02890625
0 0.70625 0.45078125 0.05625 0.0296875
0 0.5765625 0.6296875 0.06640625 0.025
0 0.27734375 0.6265625 0.06875 0.021875
0 0.584375 0.57421875 0.06015625 0.021875
0 0.1234375 0.70625 0.04296875 0.02734375
0 0.16796875 0.72265625 0.06015625 0.03359375
0 0.1484375 0.684375 0.0703125 0.01328125
0 0.265625 0.76171875 0.09609375 0.0015625
0 0.534375 0.6890625 0.046875 0.025
0 0.17109375 0.7921875 0.08828125 0.0203125
0 0.50390625 0.8578125 0.0296875 0.03125
0 0.47890625 0.84375 0.06015625 0.0265625
0 0.40390625 0.8828125 0.04921875 0.03125
0 0.203125 0.87578125 0.04765625 0.03359375
0 0.07890625 0.81875 0.06640625 0.02109375
0 0.13125 0.93515625 0.08359375 0.02734375
0 0.1609375 0.9859375 0.0765625 0.02421875
0 0.8015625 0.6640625 0.0453125 0.0265625
0 0.8578125 0.56484375 0.03203125 0.0265625