0 0.07578125 0.92109375 0.0265625 0.08125
0 0.04453125 0.940625 0.028125 0.06875
0 0.08359375 0.54765625 0.0296875 0.071875
0 0.08671875 0.50546875 0.03125 0.0625
0 0.11953125 0.8390625 0.015625 0.0734375
0 0.11484375 0.94609375 0.025 0.0578125
0 0.134375 0.784375 0.025 0.0921875
0 0.13515625 0.709375 0.028125 0.065625
0 0.15234375 0.4734375 0.03125 0.0765625
0 0.165625 0.59765625 0.034375 0.0625
0 0.25078125 0.55390625 0.021875 0.065625
0 0.23984375 0.80625 0.03125 0.0390625
0 0.29296875 0.175 0.028125 0.0546875
0 0.12578125 0.3625 0.021875 0.0546875
0 0.14375 0.2796875 0.0296875 0.0625
0 0.171875 0.29296875 0.01875 0.0625
0 0.2671875 0.01875 0.025 0.03125
0 0.31796875 0.04921875 0.015625 0.046875
0 0.5734375 0.36953125 0.0265625 0.0515625
0 0.48359375 0.634375 0.0171875 0.04375
0 0.48125 0.60078125 0.021875 0.0375
0 0.496875 0.7765625 0.021875 0.046875
0 0.47578125 0.93984375 0.0234375 0.0515625
0 0.525 0.821875 0.0203125 0.05
0 0.540625 0.9546875 0.015625 0.040625
0 0.628125 0.640625 0.03125 0.04375
0 0.50234375 0.21953125 0.0234375 0.05
0 0.678125 0.175 0.01875 0.059375
0 0.5921875 0.2421875 0.03125 0.065625
0 0.7640625 0.74140625 0.0296875 0.0609375
0 0.7765625 0.3875 0.021875 0.0515625
0 0.7296875 0.5328125 0.0234375 0.05
0 0.7578125 0.90078125 0.01875 0.0546875
0 0.6875 0.9296875 0.0296875 0.0359375
0 0.8171875 0.86484375 0.0203125 0.05
0 0.8296875 0.471875 0.0140625 0.06875
0 0.840625 0.328125 0.0296875 0.059375
0 0.8859375 0.22421875 0.03125 0.06875
0 0.95859375 0.49921875 0.0296875 0.0625
0 0.94140625 0.7421875 0.0390625 0.0375
0 0.95859375 0.784375 0.03125 0.0578125