0 0.1578125 0.075 0.075 0.02109375
0 0.44375 0.028125 0.0609375 0.02421875
0 0.50859375 0.04375 0.05 0.0171875
0 0.43515625 0.0734375 0.071875 0.01953125
0 0.165625 0.12890625 0.046875 0.01796875
0 0.2140625 0.1421875 0.04453125 0.01796875
0 0.31875 0.23125 0.06796875 0.01796875
0 0.46953125 0.18046875 0.06640625 0.01640625
0 0.72265625 0.25859375 0.0515625 0.02421875
0 0.88828125 0.23359375 0.06640625 0.03125
0 0.59609375 0.2390625 0.0515625 0.0171875
0 0.04296875 0.31015625 0.04140625 0.03125
0 0.34921875 0.34921875 0.053125 0.03203125
0 0.1703125 0.4203125 0.0578125 0.0296875
0 0.39765625 0.4328125 0.0234375 0.0375
0 0.7609375 0.4140625 0.04765625 0.02265625
0 0.1765625 0.5 0.05546875 0.015625
0 0.2375 0.5296875 0.05390625 0.025
0 0.1484375 0.57890625 0.0703125 0.0203125
0 0.5953125 0.57109375 0.06015625 0.0171875
0 0.4625 0.67578125 0.03828125 0.028125
0 0.771875 0.68984375 0.03203125 0.04609375
0 0.09296875 0.825 0.06015625 0.02734375
0 0.09375 0.721875 0.05546875 0.03828125
0 0.3015625 0.8203125 0.08203125 0.0234375
0 0.61796875 0.9453125 0.06640625 0.0296875
0 0.81796875 0.978125 0.075 0.03125
0 0.38984375 0.97734375 0.075 0.0296875
0 0.20234375 0.88046875 0.075 0.01953125
0 0.1109375 0.90390625 0.059375 0.028125
0 0.63671875 0.1515625 0.0703125 0.02265625
0 0.8484375 0.1921875 0.06015625 0.021875
0 0.94140625 0.23359375 0.04921875 0.02421875