0 0.8953125 0.29921875 0.028125 0.0640625
0 0.82578125 0.55078125 0.0265625 0.0859375
0 0.834375 0.29140625 0.01875 0.096875
0 0.815625 0.13359375 0.01875 0.1171875
0 0.8328125 0.09765625 0.015625 0.109375
0 0.74765625 0.66328125 0.046875 0.053125
0 0.64453125 0.45625 0.0359375 0.0375
0 0.625 0.521875 0.0375 0.05625
0 0.65859375 0.35859375 0.034375 0.0625
0 0.6734375 0.021875 0.021875 0.04375
0 0.734375 0.59609375 0.03125 0.0609375
0 0.753125 0.81953125 0.034375 0.0640625
0 0.48125 0.49375 0.0328125 0.0703125
0 0.50625 0.4109375 0.034375 0.05
0 0.45390625 0.39140625 0.025 0.0640625
0 0.4234375 0.3921875 0.025 0.053125
0 0.4078125 0.15546875 0.0203125 0.06875
0 0.37578125 0.31015625 0.034375 0.09375
0 0.30234375 0.1171875 0.034375 0.065625
0 0.23671875 0.15234375 0.046875 0.071875
0 0.20390625 0.228125 0.0265625 0.0421875
0 0.22578125 0.34453125 0.03125 0.05
0 0.12734375 0.4921875 0.0140625 0.10625
0 0.11640625 0.5109375 0.021875 0.078125
0 0.12578125 0.2265625 0.021875 0.053125
0 0.128125 0.11640625 0.028125 0.04375
0 0.1484375 0.75390625 0.0171875 0.0640625
0 0.15234375 0.84296875 0.025 0.053125
0 0.0484375 0.91484375 0.028125 0.075
0 0.07265625 0.79765625 0.028125 0.075
0 0.03515625 0.2078125 0.040625 0.0640625
0 0.03359375 0.428125 0.03125 0.09375