0 0.09375 0.0875 0.06484375 0.0203125
0 0.36171875 0.08828125 0.06015625 0.021875
0 0.22890625 0.12265625 0.06015625 0.03125
0 0.27734375 0.13203125 0.0375 0.01953125
0 0.6125 0.02109375 0.08046875 0.02421875
0 0.88828125 0.0859375 0.06953125 0.01796875
0 0.85234375 0.1328125 0.084375 0.0203125
0 0.76171875 0.15 0.0875 0.02734375
0 0.5140625 0.11328125 0.05234375 0.02265625
0 0.59921875 0.12265625 0.04375 0.02421875
0 0.71328125 0.22109375 0.0484375 0.02109375
0 0.121875 0.21015625 0.028125 0.0265625
0 0.24921875 0.16484375 0.046875 0.01875
0 0.715625 0.2875 0.05078125 0.02421875
0 0.73828125 0.34453125 0.0375 0.03671875
0 0.91171875 0.1609375 0.046875 0.02265625
0 0.95078125 0.2796875 0.053125 0.021875
0 0.02890625 0.453125 0.03671875 0.034375
0 0.06875 0.471875 0.05234375 0.02265625
0 0.1171875 0.4875 0.03671875 0.02734375
0 0.290625 0.42890625 0.0421875 0.0296875
0 0.39921875 0.56640625 0.046875 0.021875
0 0.30625 0.5921875 0.04609375 0.02578125
0 0.65078125 0.6703125 0.03984375 0.02890625
0 0.67734375 0.62890625 0.053125 0.02734375
0 0.2359375 0.66875 0.0640625 0.0203125
0 0.15078125 0.66484375 0.0671875 0.028125
0 0.07578125 0.68984375 0.05 0.03203125
0 0.115625 0.7546875 0.03515625 0.03359375
0 0.38125 0.77421875 0.06640625 0.02109375
0 0.30859375 0.8015625 0.0546875 0.02890625
0 0.24765625 0.79375 0.0765625 0.01953125
0 0.49921875 0.803125 0.0671875 0.02421875
0 0.1171875 0.86171875 0.07109375 0.02734375
0 0.46953125 0.884375 0.07421875 0.025
0 0.5140625 0.8734375 0.096875 0.028125
0 0.73984375 0.48359375 0.0625 0.0203125
0 0.22734375 0.9375 0.0640625 0.02578125
0 0.11171875 0.784375 0.0515625 0.01875
0 0.7328125 0.846875 0.05546875 0.02265625