0 0.08046875 0.90625 0.021875 0.05625
0 0.05703125 0.5796875 0.025 0.0546875
0 0.05546875 0.38203125 0.0203125 0.05625
0 0.0171875 0.39453125 0.0125 0.075
0 0.1390625 0.23046875 0.025 0.0296875
0 0.11875 0.5046875 0.0203125 0.0515625
0 0.15703125 0.5140625 0.01875 0.040625
0 0.18046875 0.4171875 0.0140625 0.0421875
0 0.1578125 0.98203125 0.01875 0.034375
0 0.209375 0.7828125 0.0140625 0.0625
0 0.2125 0.71953125 0.01875 0.0375
0 0.25 0.83984375 0.01875 0.0390625
0 0.27421875 0.13984375 0.021875 0.05625
0 0.325 0.3671875 0.01875 0.053125
0 0.35859375 0.653125 0.015625 0.059375
0 0.34609375 0.95078125 0.021875 0.028125
0 0.4375 0.59921875 0.009375 0.0484375
0 0.42578125 0.5640625 0.015625 0.04375
0 0.51796875 0.2296875 0.015625 0.0578125
0 0.45703125 0.415625 0.01875 0.059375
0 0.54140625 0.87890625 0.01875 0.046875
0 0.57265625 0.6203125 0.0171875 0.0421875
0 0.63515625 0.64140625 0.021875 0.03125
0 0.7 0.62421875 0.025 0.0328125
0 0.69453125 0.884375 0.0140625 0.0734375
0 0.74765625 0.653125 0.015625 0.05625
0 0.66640625 0.51796875 0.0171875 0.0375
0 0.78359375 0.971875 0.015625 0.05
0 0.79765625 0.76875 0.015625 0.05
0 0.83984375 0.6390625 0.015625 0.0625
0 0.74765625 0.075 0.021875 0.0546875
0 0.60703125 0.140625 0.021875 0.065625
0 0.88125 0.33125 0.01875 0.0703125
0 0.87890625 0.82109375 0.015625 0.090625
0 0.8484375 0.196875 0.0125 0.0375