0 0.96796875 0.790625 0.021875 0.0671875
0 0.928125 0.75859375 0.0203125 0.075
0 0.85859375 0.04453125 0.025 0.0578125
0 0.896875 0.10390625 0.021875 0.0625
0 0.909375 0.35859375 0.01875 0.09375
0 0.815625 0.5609375 0.021875 0.0765625
0 0.853125 0.58515625 0.028125 0.0625
0 0.8 0.6890625 0.0265625 0.0484375
0 0.79375 0.21328125 0.028125 0.0484375
0 0.95390625 0.03359375 0.028125 0.0671875
0 0.70234375 0.059375 0.021875 0.078125
0 0.58125 0.2671875 0.0265625 0.0703125
0 0.534375 0.19140625 0.0375 0.04375
0 0.53125 0.31875 0.0296875 0.075
0 0.4703125 0.8375 0.0328125 0.0640625
0 0.45234375 0.54921875 0.0328125 0.078125
0 0.40390625 0.3890625 0.021875 0.0703125
0 0.39921875 0.046875 0.034375 0.0375
0 0.39609375 0.12421875 0.0375 0.0390625
0 0.3234375 0.315625 0.03125 0.071875
0 0.3390625 0.440625 0.028125 0.078125
0 0.378125 0.52734375 0.0265625 0.059375
0 0.3546875 0.6078125 0.034375 0.046875
0 0.27109375 0.28515625 0.03125 0.0625
0 0.24921875 0.33125 0.028125 0.053125
0 0.1953125 0.3046875 0.03125 0.090625
0 0.1890625 0.35 0.03125 0.053125
0 0.17734375 0.41484375 0.028125 0.04375
0 0.1453125 0.58984375 0.01875 0.071875
0 0.16875 0.6703125 0.0203125 0.075
0 0.08984375 0.47578125 0.03125 0.0296875
0 0.08515625 0.559375 0.03125 0.03125
0 0.24453125 0.88828125 0.034375 0.0390625
0 0.23359375 0.5515625 0.028125 0.0484375
0 0.50859375 0.92890625 0.021875 0.053125
0 0.53984375 0.40390625 0.0203125 0.0640625
0 0.76015625 0.9015625 0.01875 0.0453125
0 0.90703125 0.6734375 0.0203125 0.06875
0 0.03828125 0.7421875 0.0234375 0.0625
0 0.06796875 0.9171875 0.021875 0.075