0 0.046875 0.05 0.0640625 0.01875
0 0.30625 0.24140625 0.059375 0.034375
0 0.2859375 0.20234375 0.0375 0.015625
0 0.49140625 0.1609375 0.05 0.028125
0 0.6171875 0.12578125 0.05 0.01875
0 0.615625 0.0984375 0.053125 0.0234375
0 0.7109375 0.1515625 0.0546875 0.025
0 0.77109375 0.19296875 0.046875 0.028125
0 0.85546875 0.1640625 0.03125 0.034375
0 0.63046875 0.03984375 0.046875 0.025
0 0.571875 0.02890625 0.040625 0.0265625
0 0.39140625 0.02890625 0.065625 0.028125
0 0.0890625 0.078125 0.034375 0.0140625
0 0.20625 0.11484375 0.04375 0.021875
0 0.325 0.13125 0.04375 0.021875
0 0.6828125 0.07890625 0.053125 0.0234375
0 0.796875 0.2921875 0.0546875 0.034375
0 0.7078125 0.3140625 0.05 0.0296875
0 0.0390625 0.18671875 0.034375 0.009375
0 0.08984375 0.33125 0.0546875 0.028125
0 0.21875 0.42578125 0.0515625 0.0375
0 0.7953125 0.40546875 0.040625 0.025
0 0.7015625 0.4921875 0.04375 0.03125
0 0.25234375 0.48984375 0.0640625 0.015625
0 0.3 0.521875 0.071875 0.04375
0 0.3296875 0.6390625 0.059375 0.0375
0 0.2125 0.6265625 0.059375 0.028125
0 0.12890625 0.6578125 0.078125 0.0296875
0 0.5578125 0.6265625 0.084375 0.025
0 0.728125 0.71640625 0.065625 0.021875
0 0.928125 0.609375 0.0453125 0.028125
0 0.88984375 0.646875 0.0390625 0.0203125
0 0.72734375 0.54609375 0.08125 0.0234375
0 0.584375 0.75625 0.0421875 0.0328125
0 0.4234375 0.796875 0.065625 0.0234375
0 0.38203125 0.82734375 0.06875 0.01875
0 0.3703125 0.86796875 0.0546875 0.0234375
0 0.6234375 0.89140625 0.059375 0.0265625
0 0.19765625 0.971875 0.08125 0.03125
0 0.82421875 0.86328125 0.05 0.0203125
0 0.82421875 0.84296875 0.0375 0.015625
0 0.81875 0.89765625 0.05625 0.01875
0 0.47734375 0.8453125 0.05625 0.025
0 0.8375 0.48984375 0.0578125 0.0203125
0 0.45703125 0.5109375 0.065625 0.034375