0 0.8203125 0.96640625 0.0390625 0.053125
0 0.7828125 0.8203125 0.028125 0.0578125
0 0.8625 0.7296875 0.021875 0.0671875
0 0.88125 0.7171875 0.034375 0.0515625
0 0.87421875 0.61328125 0.0296875 0.0609375
0 0.8765625 0.35859375 0.01875 0.075
0 0.9078125 0.33203125 0.03125 0.071875
0 0.8234375 0.50859375 0.034375 0.059375
0 0.77890625 0.50390625 0.034375 0.065625
0 0.7609375 0.27578125 0.028125 0.0515625
0 0.7640625 0.06953125 0.021875 0.078125
0 0.8234375 0.053125 0.025 0.0625
0 0.6796875 0.59765625 0.0296875 0.071875
0 0.6703125 0.9734375 0.0328125 0.04375
0 0.60390625 0.746875 0.0375 0.05625
0 0.71328125 0.3375 0.025 0.0734375
0 0.67578125 0.35 0.0296875 0.065625
0 0.615625 0.17734375 0.025 0.0546875
0 0.61875 0.078125 0.021875 0.059375
0 0.58046875 0.0390625 0.025 0.0390625
0 0.56484375 0.2890625 0.021875 0.065625
0 0.56953125 0.50703125 0.01875 0.071875
0 0.540625 0.70859375 0.015625 0.053125
0 0.4875 0.72421875 0.025 0.0734375
0 0.5015625 0.73359375 0.015625 0.0703125
0 0.54921875 0.771875 0.025 0.053125
0 0.86484375 0.25859375 0.03125 0.071875
0 0.3703125 0.50390625 0.025 0.05
0 0.31640625 0.65625 0.0265625 0.0546875
0 0.34609375 0.646875 0.01875 0.065625
0 0.43828125 0.7359375 0.0171875 0.065625
0 0.44296875 0.67265625 0.028125 0.0578125
0 0.44375 0.634375 0.01875 0.0515625
0 0.43046875 0.14921875 0.0328125 0.040625
0 0.27109375 0.10859375 0.025 0.05
0 0.33046875 0.16484375 0.0265625 0.065625
0 0.40703125 0.94609375 0.021875 0.0546875
0 0.25546875 0.87734375 0.0203125 0.0609375
0 0.20703125 0.71796875 0.0265625 0.046875
0 0.2125 0.53828125 0.021875 0.053125
0 0.209375 0.8890625 0.021875 0.075
0 0.14453125 0.58984375 0.025 0.0734375
0 0.05 0.6359375 0.03125 0.0546875
0 0.0140625 0.4484375 0.028125 0.075
0 0.86796875 0.04921875 0.01875 0.0640625
0 0.0640625 0.80078125 0.0234375 0.0828125
0 0.44453125 0.11640625 0.034375 0.059375