0 0.98828125 0.890625 0.021875 0.0421875
0 0.89140625 0.89375 0.021875 0.05625
0 0.921875 0.61171875 0.01875 0.053125
0 0.94140625 0.60390625 0.0375 0.0453125
0 0.94375 0.209375 0.015625 0.059375
0 0.953125 0.1609375 0.0203125 0.0625
0 0.9890625 0.2671875 0.021875 0.078125
0 0.85390625 0.71015625 0.0265625 0.0640625
0 0.8203125 0.2390625 0.01875 0.0625
0 0.865625 0.378125 0.01875 0.0609375
0 0.8546875 0.1734375 0.01875 0.0609375
0 0.89375 0.18125 0.028125 0.065625
0 0.775 0.83046875 0.0296875 0.03125
0 0.771875 0.69921875 0.025 0.04375
0 0.73203125 0.30859375 0.0265625 0.0640625
0 0.7625 0.16640625 0.025 0.059375
0 0.81484375 0.0515625 0.021875 0.0515625
0 0.640625 0.66328125 0.0234375 0.065625
0 0.65078125 0.41875 0.0265625 0.040625
0 0.61875 0.2265625 0.01875 0.078125
0 0.52265625 0.50625 0.021875 0.04375
0 0.525 0.3890625 0.021875 0.046875
0 0.55859375 0.25546875 0.021875 0.059375
0 0.54140625 0.14140625 0.0125 0.05625
0 0.57421875 0.16796875 0.028125 0.075
0 0.4953125 0.97265625 0.021875 0.0546875
0 0.4234375 0.4078125 0.01875 0.0625
0 0.46015625 0.19140625 0.0203125 0.075
0 0.3640625 0.8640625 0.0296875 0.0515625
0 0.37890625 0.84140625 0.03125 0.05
0 0.3140625 0.71015625 0.01875 0.046875
0 0.3171875 0.62265625 0.01875 0.0640625
0 0.2625 0.50546875 0.03125 0.05625
0 0.4046875 0.3796875 0.01875 0.059375
0 0.38828125 0.2421875 0.01875 0.034375
0 0.38046875 0.20625 0.0203125 0.034375
0 0.49296875 0.1421875 0.0203125 0.06875
0 0.221875 0.90078125 0.021875 0.06875
0 0.18671875 0.76796875 0.021875 0.05
0 0.1796875 0.64375 0.01875 0.078125
0 0.19296875 0.5171875 0.01875 0.0546875
0 0.234375 0.34296875 0.021875 0.0359375
0 0.33046875 0.353125 0.01875 0.0359375
0 0.3078125 0.13515625 0.0203125 0.0453125
0 0.26875 0.13125 0.0234375 0.03125
0 0.1421875 0.321875 0.028125 0.0625
0 0.14765625 0.4109375 0.025 0.0640625
0 0.178125 0.31328125 0.021875 0.053125
0 0.0890625 0.53203125 0.028125 0.0609375
0 0.12421875 0.665625 0.021875 0.0625
0 0.15703125 0.96484375 0.01875 0.0546875
0 0.0359375 0.67421875 0.028125 0.05625
0 0.05703125 0.234375 0.0234375 0.071875
0 0.12265625 0.27734375 0.021875 0.071875