0 0.940625 0.90703125 0.03125 0.05625
0 0.9890625 0.2609375 0.021875 0.096875
0 0.93515625 0.25390625 0.025 0.0984375
0 0.890625 0.1 0.021875 0.0625
0 0.88359375 0.4171875 0.028125 0.065625
0 0.8578125 0.04609375 0.025 0.0640625
0 0.85234375 0.73046875 0.03125 0.090625
0 0.89453125 0.7921875 0.025 0.0546875
0 0.896875 0.71796875 0.025 0.04375
0 0.81640625 0.84765625 0.0328125 0.078125
0 0.84296875 0.40703125 0.01875 0.05
0 0.7859375 0.48828125 0.028125 0.071875
0 0.7390625 0.40703125 0.0296875 0.071875
0 0.75703125 0.815625 0.025 0.08125
0 0.67734375 0.965625 0.028125 0.065625
0 0.66171875 0.78515625 0.03125 0.06875
0 0.5921875 0.7890625 0.0265625 0.065625
0 0.6390625 0.5921875 0.034375 0.078125
0 0.51171875 0.19296875 0.028125 0.065625
0 0.5359375 0.54765625 0.04375 0.075
0 0.48671875 0.875 0.0296875 0.0625
0 0.4328125 0.93515625 0.0328125 0.075
0 0.43125 0.684375 0.0375 0.0875
0 0.38515625 0.54921875 0.0390625 0.075
0 0.38203125 0.10859375 0.028125 0.0796875
0 0.40390625 0.034375 0.0421875 0.05625
0 0.259375 0.54765625 0.028125 0.075
0 0.2859375 0.38984375 0.0328125 0.075
0 0.30625 0.18828125 0.025 0.0484375
0 0.2671875 0.26171875 0.01875 0.06875
0 0.20859375 0.26328125 0.028125 0.09375
0 0.14453125 0.26953125 0.025 0.0484375
0 0.1 0.38359375 0.0296875 0.075
0 0.07734375 0.371875 0.025 0.1
0 0.090625 0.6671875 0.021875 0.1
0 0.159375 0.64296875 0.01875 0.0578125
0 0.1546875 0.5984375 0.028125 0.046875
0 0.17109375 0.5234375 0.0234375 0.0625
0 0.17734375 0.65546875 0.021875 0.096875
0 0.19921875 0.946875 0.025 0.065625
0 0.246875 0.72265625 0.0265625 0.053125
0 0.06953125 0.221875 0.025 0.046875