0 0.190625 0.00859375 0.0921875 0.0171875
0 0.1921875 0.0765625 0.078125 0.028125
0 0.0375 0.109375 0.075 0.025
0 0.325 0.15078125 0.075 0.0265625
0 0.36171875 0.12890625 0.075 0.0265625
0 0.66328125 0.134375 0.059375 0.025
0 0.7734375 0.1078125 0.059375 0.028125
0 0.83828125 0.11640625 0.06875 0.03125
0 0.93671875 0.10703125 0.08125 0.028125
0 0.76640625 0.08671875 0.09375 0.0203125
0 0.8359375 0.0421875 0.08125 0.021875
0 0.48125 0.11171875 0.0703125 0.034375
0 0.40390625 0.23671875 0.046875 0.0296875
0 0.44921875 0.21171875 0.0625 0.021875
0 0.77265625 0.23828125 0.071875 0.0203125
0 0.80234375 0.1859375 0.05625 0.021875
0 0.60078125 0.34609375 0.065625 0.0328125
0 0.54609375 0.33828125 0.046875 0.028125
0 0.08203125 0.134375 0.05625 0.021875
0 0.5796875 0.42109375 0.059375 0.021875
0 0.74375 0.32421875 0.046875 0.028125
0 0.76875 0.3890625 0.0453125 0.0296875
0 0.78359375 0.3796875 0.0375 0.0234375
0 0.59609375 0.45078125 0.05 0.015625
0 0.6328125 0.4640625 0.05 0.021875
0 0.85546875 0.50703125 0.04375 0.025
0 0.8015625 0.5375 0.059375 0.0265625
0 0.6859375 0.5625 0.046875 0.015625
0 0.20078125 0.47734375 0.05 0.025
0 0.4 0.525 0.046875 0.0296875
0 0.62109375 0.6203125 0.059375 0.01875
0 0.121875 0.60546875 0.053125 0.028125
0 0.03828125 0.59921875 0.0625 0.028125
0 0.21796875 0.77421875 0.05625 0.03125
0 0.259375 0.74140625 0.075 0.025
0 0.2609375 0.71015625 0.06875 0.021875
0 0.41328125 0.725 0.046875 0.0265625
0 0.4875 0.77734375 0.034375 0.0296875
0 0.30546875 0.840625 0.053125 0.0375
0 0.50703125 0.825 0.0671875 0.0203125
0 0.321875 0.92421875 0.071875 0.028125
0 0.715625 0.9140625 0.0796875 0.028125
0 0.6578125 0.9234375 0.071875 0.028125