0 0.15625 0.00859375 0.0765625 0.0171875
0 0.50859375 0.034375 0.0734375 0.021875
0 0.66328125 0.04609375 0.05390625 0.01953125
0 0.1625 0.0578125 0.08203125 0.021875
0 0.03359375 0.06953125 0.0671875 0.0234375
0 0.153125 0.11484375 0.06796875 0.0203125
0 0.33359375 0.10703125 0.075 0.01953125
0 0.26328125 0.140625 0.06015625 0.0171875
0 0.31484375 0.23515625 0.0578125 0.028125
0 0.42265625 0.21328125 0.0515625 0.01171875
0 0.58046875 0.18515625 0.075 0.01640625
0 0.696875 0.16015625 0.046875 0.01953125
0 0.840625 0.21328125 0.059375 0.01875
0 0.8671875 0.19609375 0.0515625 0.021875
0 0.21796875 0.3953125 0.04296875 0.03125
0 0.346875 0.3484375 0.03828125 0.0234375
0 0.028125 0.434375 0.04140625 0.03515625
0 0.26875 0.509375 0.06484375 0.01875
0 0.428125 0.48828125 0.05 0.03046875
0 0.5796875 0.56875 0.06796875 0.015625
0 0.39375 0.59765625 0.0796875 0.021875
0 0.21953125 0.60546875 0.06796875 0.0234375
0 0.759375 0.41171875 0.04921875 0.02265625
0 0.484375 0.67421875 0.046875 0.0265625
0 0.77890625 0.67109375 0.059375 0.03125
0 0.1109375 0.67421875 0.046875 0.01640625
0 0.1046875 0.71640625 0.03828125 0.03046875
0 0.134375 0.80390625 0.0375 0.03046875
0 0.05625 0.7890625 0.04921875 0.021875
0 0.7125 0.7625 0.053125 0.02265625
0 0.60234375 0.878125 0.0640625 0.0296875
0 0.43984375 0.89921875 0.0265625 0.0234375
0 0.16953125 0.8734375 0.05703125 0.02734375
0 0.03828125 0.9640625 0.05 0.02421875
0 0.30390625 0.95859375 0.0578125 0.01640625
0 0.94765625 0.98125 0.046875 0.0234375
0 0.2828125 0.7765625 0.0484375 0.01875