0 0.575 0.01875 0.084375 0.0296875
0 0.48671875 0.053125 0.09609375 0.03125
0 0.19140625 0.06015625 0.09765625 0.02421875
0 0.4390625 0.0875 0.08125 0.025
0 0.4828125 0.125 0.0671875 0.025
0 0.58671875 0.13046875 0.0375 0.02890625
0 0.38984375 0.146875 0.08125 0.025
0 0.40625 0.2015625 0.07109375 0.0296875
0 0.3328125 0.278125 0.0828125 0.0421875
0 0.83203125 0.253125 0.05078125 0.0265625
0 0.390625 0.34375 0.06640625 0.04375
0 0.2875 0.37265625 0.059375 0.0390625
0 0.06015625 0.34921875 0.08671875 0.03828125
0 0.02109375 0.359375 0.0421875 0.03046875
0 0.2984375 0.43359375 0.0546875 0.034375
0 0.85234375 0.57109375 0.0828125 0.03125
0 0.47578125 0.5953125 0.04296875 0.04453125
0 0.1265625 0.56875 0.078125 0.03125
0 0.296875 0.65078125 0.07265625 0.02421875
0 0.23515625 0.6796875 0.09375 0.0234375
0 0.2578125 0.7046875 0.08515625 0.01953125
0 0.52421875 0.70390625 0.10390625 0.02265625
0 0.6125 0.70859375 0.053125 0.03515625
0 0.5796875 0.7703125 0.07265625 0.03515625
0 0.73046875 0.6984375 0.06015625 0.028125
0 0.64375 0.8078125 0.08671875 0.034375
0 0.69453125 0.8953125 0.07578125 0.03203125
0 0.44140625 0.9796875 0.10234375 0.0390625
0 0.49453125 0.96171875 0.10703125 0.02890625
0 0.0390625 0.87890625 0.059375 0.01640625
0 0.1234375 0.83203125 0.0734375 0.02421875
0 0.2375 0.8046875 0.05546875 0.0359375
0 0.46484375 0.84375 0.06796875 0.02734375
0 0.03203125 0.728125 0.0640625 0.03125
0 0.17421875 0.7859375 0.0453125 0.02421875