0 0.03359375 0.1796875 0.053125 0.0390625
0 0.1796875 0.2171875 0.0578125 0.02734375
0 0.2703125 0.1375 0.0671875 0.02109375
0 0.2828125 0.11875 0.0515625 0.03515625
0 0.38671875 0.12578125 0.06015625 0.0296875
0 0.64140625 0.1234375 0.07421875 0.01796875
0 0.66796875 0.0921875 0.07265625 0.03125
0 0.49140625 0.1765625 0.05859375 0.03515625
0 0.49609375 0.22109375 0.06484375 0.03359375
0 0.72421875 0.2390625 0.0515625 0.028125
0 0.93046875 0.2359375 0.07734375 0.02265625
0 0.946875 0.1765625 0.06171875 0.02421875
0 0.40234375 0.3203125 0.071875 0.0296875
0 0.0265625 0.3296875 0.04453125 0.0328125
0 0.253125 0.39609375 0.05625 0.03671875
0 0.6625 0.28671875 0.0734375 0.02421875
0 0.65 0.32421875 0.06640625 0.0296875
0 0.82265625 0.384375 0.0546875 0.02421875
0 0.921875 0.38125 0.05859375 0.02265625
0 0.9609375 0.41953125 0.0390625 0.025
0 0.7109375 0.43515625 0.06484375 0.02265625
0 0.49296875 0.43046875 0.071875 0.01953125
0 0.29140625 0.459375 0.053125 0.015625
0 0.27578125 0.5125 0.0734375 0.025
0 0.26640625 0.4984375 0.0703125 0.01640625
0 0.228125 0.45078125 0.053125 0.02578125
0 0.74140625 0.13515625 0.07265625 0.03125
0 0.49609375 0.6296875 0.05078125 0.02578125
0 0.34375 0.68359375 0.0546875 0.0265625
0 0.353125 0.65390625 0.065625 0.01953125
0 0.2640625 0.56171875 0.065625 0.0171875
0 0.32734375 0.55703125 0.0578125 0.02734375
0 0.365625 0.55625 0.0515625 0.01796875
0 0.85078125 0.56953125 0.03984375 0.0328125
0 0.89140625 0.72890625 0.05078125 0.02578125
0 0.83515625 0.66953125 0.06484375 0.0265625
0 0.05390625 0.59296875 0.0546875 0.02109375
0 0.12265625 0.74453125 0.0609375 0.0203125
0 0.28203125 0.79296875 0.04765625 0.0265625
0 0.46171875 0.7875 0.053125 0.02109375
0 0.1109375 0.790625 0.07421875 0.021875
0 0.41015625 0.85546875 0.0734375 0.02421875
0 0.3640625 0.95 0.0546875 0.03203125
0 0.5515625 0.9859375 0.075 0.028125
0 0.95078125 0.13203125 0.0640625 0.01796875
0 0.19921875 0.9359375 0.08203125 0.0234375
0 0.88359375 0.55546875 0.059375 0.034375