0 0.33046875 0.00703125 0.0625 0.0140625
0 0.18359375 0.00625 0.0453125 0.0125
0 0.1171875 0.06484375 0.05625 0.025
0 0.103125 0.10703125 0.04375 0.021875
0 0.41640625 0.121875 0.071875 0.021875
0 0.43828125 0.134375 0.065625 0.01875
0 0.6890625 0.16484375 0.06875 0.025
0 0.78671875 0.15234375 0.05 0.0265625
0 0.83515625 0.0171875 0.065625 0.0171875
0 0.57109375 0.18515625 0.0546875 0.0265625
0 0.70546875 0.23203125 0.0890625 0.025
0 0.92890625 0.23125 0.0453125 0.015625
0 0.27109375 0.24609375 0.0625 0.025
0 0.03359375 0.22890625 0.0671875 0.0265625
0 0.25 0.3765625 0.0796875 0.040625
0 0.5578125 0.3734375 0.059375 0.0296875
0 0.67421875 0.3421875 0.071875 0.03125
0 0.271875 0.46875 0.09375 0.021875
0 0.43359375 0.46171875 0.0359375 0.021875
0 0.421875 0.56796875 0.078125 0.03125
0 0.5515625 0.53359375 0.0546875 0.0296875
0 0.8390625 0.6203125 0.05 0.015625
0 0.76328125 0.64609375 0.065625 0.028125
0 0.9609375 0.6109375 0.04375 0.03125
0 0.0546875 0.653125 0.05 0.03125
0 0.028125 0.69765625 0.0359375 0.025
0 0.05234375 0.715625 0.0578125 0.0265625
0 0.60703125 0.75234375 0.05625 0.0296875
0 0.271875 0.765625 0.053125 0.0265625
0 0.53359375 0.7765625 0.0625 0.0203125
0 0.59609375 0.8578125 0.065625 0.03125
0 0.80546875 0.84609375 0.05625 0.028125
0 0.49296875 0.89921875 0.071875 0.025
0 0.4453125 0.91640625 0.08125 0.028125
0 0.77578125 0.4875 0.046875 0.0125
0 0.70234375 0.615625 0.0515625 0.015625
0 0.71796875 0.78828125 0.0703125 0.01875
0 0.93671875 0.81171875 0.05 0.0234375
0 0.38828125 0.7375 0.034375 0.03125
0 0.53984375 0.7390625 0.075 0.0171875
0 0.33359375 0.80625 0.046875 0.025