2 0.95078125 0.08203125 0.034375 0.0578125
2 0.91171875 0.4796875 0.028125 0.103125
2 0.88359375 0.3015625 0.03125 0.0703125
2 0.84921875 0.23515625 0.03125 0.071875
2 0.9328125 0.6328125 0.03125 0.071875
2 0.89921875 0.90859375 0.040625 0.0859375
2 0.81484375 0.83828125 0.0578125 0.06875
2 0.8421875 0.36875 0.025 0.0671875
2 0.78671875 0.7078125 0.0421875 0.071875
2 0.675 0.66875 0.028125 0.109375
2 0.659375 0.37109375 0.04375 0.06875
2 0.66015625 0.11171875 0.040625 0.06875
2 0.7828125 0.11328125 0.0421875 0.0859375
2 0.71640625 0.15703125 0.034375 0.059375
2 0.646875 0.25546875 0.040625 0.0734375
2 0.5171875 0.43515625 0.040625 0.075
2 0.61484375 0.5140625 0.028125 0.08125
2 0.36171875 0.6796875 0.0375 0.084375
2 0.37734375 0.784375 0.0359375 0.046875
2 0.34765625 0.60625 0.04375 0.0609375
2 0.3421875 0.59140625 0.0328125 0.05
2 0.240625 0.77421875 0.0390625 0.0734375
2 0.175 0.71953125 0.034375 0.06875
2 0.14296875 0.634375 0.046875 0.1390625
2 0.20546875 0.3609375 0.040625 0.06875
2 0.14453125 0.128125 0.0421875 0.090625