0 0.2265625 0.06640625 0.078125 0.021875
0 0.1546875 0.16171875 0.0734375 0.0296875
0 0.35234375 0.1609375 0.059375 0.034375
0 0.42109375 0.159375 0.0671875 0.025
0 0.76640625 0.1484375 0.046875 0.028125
0 0.89140625 0.08046875 0.0609375 0.015625
0 0.7875 0.1234375 0.08125 0.021875
0 0.8296875 0.23046875 0.046875 0.0171875
0 0.62265625 0.19921875 0.06875 0.0265625
0 0.80390625 0.19140625 0.05 0.01875
0 0.90234375 0.2 0.046875 0.0203125
0 0.05078125 0.18984375 0.084375 0.025
0 0.23828125 0.1984375 0.0484375 0.0203125
0 0.478125 0.23828125 0.046875 0.0234375
0 0.54765625 0.259375 0.05 0.0234375
0 0.8375 0.28671875 0.071875 0.0171875
0 0.840625 0.32421875 0.053125 0.025
0 0.2953125 0.31796875 0.034375 0.025
0 0.40234375 0.47421875 0.0578125 0.01875
0 0.64296875 0.40859375 0.046875 0.03125
0 0.80546875 0.4984375 0.05625 0.0171875
0 0.85625 0.49765625 0.0578125 0.028125
0 0.90234375 0.475 0.04375 0.0375
0 0.05234375 0.553125 0.06875 0.0171875
0 0.18359375 0.55234375 0.0578125 0.021875
0 0.59296875 0.5984375 0.05625 0.025
0 0.5859375 0.63984375 0.0546875 0.028125
0 0.58515625 0.63046875 0.06875 0.01875
0 0.48046875 0.6328125 0.0859375 0.0328125
0 0.25078125 0.62578125 0.06875 0.01875
0 0.30390625 0.70390625 0.05625 0.028125
0 0.35234375 0.725 0.0578125 0.028125
0 0.18515625 0.69453125 0.053125 0.025
0 0.16328125 0.73046875 0.053125 0.021875
0 0.2328125 0.7640625 0.071875 0.028125
0 0.81015625 0.69140625 0.046875 0.0265625
0 0.64140625 0.74453125 0.0546875 0.015625
0 0.728125 0.80234375 0.0640625 0.021875
0 0.76328125 0.80546875 0.053125 0.025
0 0.40078125 0.8375 0.06875 0.025
0 0.4890625 0.8453125 0.06875 0.025
0 0.2 0.83125 0.04375 0.03125
0 0.24609375 0.83515625 0.0625 0.03125
0 0.86484375 0.559375 0.05 0.03125
0 0.97578125 0.6703125 0.0359375 0.03125
0 0.9125 0.721875 0.028125 0.025
0 0.38984375 0.87265625 0.06875 0.025
0 0.79140625 0.90234375 0.06875 0.021875
0 0.025 0.9359375 0.05 0.0296875
0 0.06640625 0.85078125 0.0484375 0.01875