0 0.1046875 0.70078125 0.028125 0.0640625
0 0.17421875 0.44921875 0.0265625 0.0859375
0 0.165625 0.70859375 0.01875 0.096875
0 0.184375 0.86640625 0.01875 0.1171875
0 0.1671875 0.90234375 0.015625 0.109375
0 0.25234375 0.33671875 0.046875 0.053125
0 0.35546875 0.54375 0.0359375 0.0375
0 0.375 0.478125 0.0375 0.05625
0 0.34140625 0.64140625 0.034375 0.0625
0 0.3265625 0.978125 0.021875 0.04375
0 0.265625 0.40390625 0.03125 0.0609375
0 0.246875 0.18046875 0.034375 0.0625
0 0.51875 0.50625 0.0328125 0.0703125
0 0.49375 0.5890625 0.034375 0.05
0 0.54609375 0.60859375 0.025 0.0640625
0 0.5765625 0.6078125 0.025 0.053125
0 0.5921875 0.84453125 0.0203125 0.06875
0 0.62421875 0.68984375 0.034375 0.09375
0 0.69765625 0.8828125 0.034375 0.065625
0 0.76328125 0.84765625 0.046875 0.071875
0 0.79609375 0.771875 0.0265625 0.0421875
0 0.77421875 0.65546875 0.03125 0.05
0 0.87265625 0.5078125 0.0140625 0.10625
0 0.88359375 0.4890625 0.021875 0.078125
0 0.87421875 0.7734375 0.021875 0.053125
0 0.871875 0.88359375 0.028125 0.04375
0 0.8515625 0.24609375 0.0171875 0.0640625
0 0.84765625 0.15703125 0.025 0.053125
0 0.9515625 0.08515625 0.028125 0.075
0 0.92734375 0.20234375 0.028125 0.075
0 0.96484375 0.7921875 0.040625 0.0640625
0 0.96640625 0.571875 0.03125 0.09375