0 0.98515625 0.34921875 0.01875 0.0859375
0 0.88671875 0.690625 0.021875 0.065625
0 0.9125 0.64765625 0.034375 0.059375
0 0.90390625 0.515625 0.034375 0.075
0 0.95078125 0.7671875 0.03125 0.0515625
0 0.92890625 0.8875 0.021875 0.05
0 0.84765625 0.26328125 0.021875 0.0578125
0 0.871875 0.24375 0.025 0.065625
0 0.903125 0.028125 0.0234375 0.05625
0 0.846875 0.775 0.021875 0.075
0 0.76953125 0.69375 0.025 0.04375
0 0.80390625 0.66015625 0.021875 0.0578125
0 0.79765625 0.70859375 0.015625 0.078125
0 0.83828125 0.3703125 0.021875 0.05625
0 0.8265625 0.15546875 0.025 0.0359375
0 0.7703125 0.31875 0.025 0.0578125
0 0.79296875 0.3984375 0.021875 0.0625
0 0.8046875 0.35625 0.021875 0.059375
0 0.69375 0.76640625 0.0359375 0.0375
0 0.65078125 0.64453125 0.025 0.0453125
0 0.69765625 0.1375 0.0234375 0.053125
0 0.6421875 0.08203125 0.01875 0.0625
0 0.746875 0.05859375 0.025 0.065625
0 0.60390625 0.98125 0.0203125 0.0375
0 0.53515625 0.97734375 0.01875 0.0453125
0 0.57578125 0.22578125 0.021875 0.059375
0 0.546875 0.27421875 0.021875 0.05
0 0.43203125 0.40390625 0.021875 0.0515625
0 0.303125 0.5625 0.03125 0.04375
0 0.353125 0.76015625 0.025 0.059375
0 0.24140625 0.93359375 0.021875 0.03125
0 0.28671875 0.246875 0.034375 0.059375
0 0.21875 0.46796875 0.0265625 0.065625
0 0.1734375 0.59921875 0.021875 0.075
0 0.15625 0.5703125 0.03125 0.04375
0 0.1734375 0.76484375 0.021875 0.0921875
0 0.19296875 0.8890625 0.021875 0.0703125
0 0.1578125 0.18203125 0.0203125 0.059375
0 0.125 0.2421875 0.015625 0.09375
0 0.09453125 0.85625 0.0296875 0.0515625
0 0.03203125 0.45625 0.025 0.0453125
0 0.05859375 0.92421875 0.01875 0.065625