2 0.0734375 0.1953125 0.015625 0.0421875
2 0.0984375 0.16875 0.01875 0.05625
2 0.096875 0.3 0.021875 0.05
2 0.10390625 0.471875 0.009375 0.03125
2 0.13359375 0.57734375 0.009375 0.0375
2 0.0859375 0.7546875 0.01875 0.0625
2 0.08671875 0.63515625 0.021875 0.078125
2 0.1421875 0.1984375 0.015625 0.065625
2 0.11796875 0.0546875 0.01875 0.04375
2 0.15390625 0.72734375 0.025 0.0390625
2 0.1703125 0.7515625 0.0140625 0.046875
2 0.190625 0.8015625 0.0203125 0.040625
2 0.1875 0.8453125 0.028125 0.05
2 0.1796875 0.915625 0.028125 0.046875
2 0.24453125 0.9421875 0.0234375 0.0484375
2 0.2765625 0.83046875 0.03125 0.05
2 0.30390625 0.6078125 0.040625 0.0609375
2 0.38203125 0.6921875 0.028125 0.0421875
2 0.43046875 0.459375 0.0234375 0.065625
2 0.2984375 0.15703125 0.0265625 0.0546875
2 0.4421875 0.1859375 0.021875 0.040625
2 0.5140625 0.175 0.0375 0.040625
2 0.503125 0.121875 0.025 0.0359375
2 0.63359375 0.38125 0.025 0.03125
2 0.64453125 0.11875 0.025 0.0359375
2 0.56953125 0.74921875 0.028125 0.0375
2 0.5171875 0.79453125 0.0234375 0.0421875
2 0.4671875 0.828125 0.025 0.0734375
2 0.62890625 0.81640625 0.028125 0.046875
2 0.5671875 0.67421875 0.025 0.04375
2 0.69609375 0.8578125 0.028125 0.0515625
2 0.7171875 0.74765625 0.0296875 0.0375
2 0.7671875 0.88828125 0.0265625 0.0515625
2 0.8515625 0.825 0.01875 0.053125
2 0.78828125 0.86875 0.021875 0.0375
2 0.83671875 0.1 0.021875 0.0625
2 0.8375 0.15703125 0.0328125 0.028125
2 0.76953125 0.48671875 0.03125 0.046875
2 0.76328125 0.575 0.025 0.0296875
2 0.3296875 0.96015625 0.01875 0.046875