2 0.86640625 0.07421875 0.01875 0.053125
2 0.7875 0.51640625 0.015625 0.053125
2 0.834375 0.66328125 0.01875 0.0296875
2 0.7375 0.725 0.025 0.0515625
2 0.7171875 0.83046875 0.0234375 0.034375
2 0.734375 0.88359375 0.021875 0.03125
2 0.7578125 0.9296875 0.021875 0.034375
2 0.84921875 0.95 0.028125 0.05625
2 0.7734375 0.3125 0.015625 0.0515625
2 0.75546875 0.42109375 0.015625 0.04375
2 0.6578125 0.59609375 0.021875 0.03125
2 0.62421875 0.4796875 0.021875 0.053125
2 0.5828125 0.5296875 0.03125 0.06875
2 0.52109375 0.54453125 0.025 0.0578125
2 0.58203125 0.40703125 0.01875 0.034375
2 0.57578125 0.59296875 0.025 0.053125
2 0.47265625 0.61484375 0.034375 0.0421875
2 0.37421875 0.578125 0.025 0.05
2 0.4171875 0.8828125 0.0265625 0.0375
2 0.42265625 0.84765625 0.025 0.0375
2 0.15078125 0.696875 0.015625 0.040625
2 0.17109375 0.60625 0.028125 0.053125
2 0.14296875 0.428125 0.0234375 0.04375
2 0.16640625 0.49140625 0.0203125 0.075
2 0.11484375 0.46015625 0.0296875 0.05
2 0.0875 0.3984375 0.01875 0.0515625
2 0.10234375 0.6171875 0.028125 0.0625
2 0.0921875 0.6171875 0.0125 0.0484375
2 0.15625 0.91875 0.009375 0.053125
2 0.165625 0.85546875 0.015625 0.0390625
2 0.12734375 0.8921875 0.021875 0.0375
2 0.1609375 0.03671875 0.01875 0.046875
2 0.18359375 0.14921875 0.015625 0.04375
2 0.20234375 0.271875 0.0234375 0.0734375
2 0.30234375 0.1765625 0.0265625 0.0484375
2 0.3859375 0.1375 0.021875 0.034375
2 0.41953125 0.10546875 0.021875 0.04375
2 0.4703125 0.6359375 0.0109375 0.053125
2 0.7984375 0.02109375 0.021875 0.0421875