0 0.57734375 0.14375 0.04296875 0.01953125
0 0.6625 0.184375 0.03671875 0.02109375
0 0.86328125 0.1875 0.02734375 0.025
0 0.76953125 0.1375 0.03125 0.02109375
0 0.17421875 0.16015625 0.03125 0.01484375
0 0.1296875 0.18984375 0.0296875 0.01875
0 0.91875 0.23046875 0.02421875 0.015625
0 0.72421875 0.34453125 0.0625 0.02578125
0 0.3671875 0.47265625 0.02890625 0.0234375
0 0.2421875 0.50390625 0.04765625 0.01796875
0 0.2421875 0.48203125 0.04140625 0.015625
0 0.2875 0.53515625 0.02890625 0.021875
0 0.4109375 0.57109375 0.0453125 0.01875
0 0.68984375 0.56953125 0.05546875 0.028125
0 0.47734375 0.60625 0.05625 0.015625
0 0.92578125 0.490625 0.03515625 0.034375
0 0.8484375 0.5125 0.03515625 0.0234375
0 0.39375 0.6890625 0.07578125 0.0203125
0 0.2859375 0.578125 0.0578125 0.02265625
0 0.53828125 0.7515625 0.04609375 0.01796875
0 0.3515625 0.74921875 0.0546875 0.0171875
0 0.32578125 0.76953125 0.065625 0.0265625
0 0.17109375 0.775 0.03515625 0.03125
0 0.23828125 0.81484375 0.0453125 0.02421875
0 0.215625 0.840625 0.05625 0.02578125
0 0.0265625 0.79921875 0.034375 0.028125
0 0.10546875 0.86875 0.0421875 0.0140625
0 0.68984375 0.921875 0.03671875 0.01953125
0 0.7640625 0.853125 0.06171875 0.028125
0 0.63984375 0.825 0.040625 0.02109375
0 0.4984375 0.80859375 0.05234375 0.01484375
0 0.57578125 0.83125 0.0296875 0.01640625