0 0.6078125 0.0828125 0.071875 0.028125
0 0.49609375 0.08671875 0.059375 0.01875
0 0.27109375 0.06796875 0.084375 0.021875
0 0.390625 0.11484375 0.065625 0.021875
0 0.140625 0.17578125 0.05625 0.021875
0 0.1078125 0.1359375 0.065625 0.0171875
0 0.3515625 0.17109375 0.059375 0.021875
0 0.490625 0.16171875 0.078125 0.0203125
0 0.6328125 0.1453125 0.0625 0.021875
0 0.8875 0.19453125 0.071875 0.021875
0 0.86953125 0.15859375 0.078125 0.015625
0 0.79140625 0.221875 0.065625 0.021875
0 0.14609375 0.246875 0.03125 0.028125
0 0.07109375 0.2578125 0.05 0.021875
0 0.44921875 0.275 0.05 0.01875
0 0.45703125 0.25546875 0.075 0.0265625
0 0.671875 0.27734375 0.04375 0.0265625
0 0.153125 0.41640625 0.059375 0.025
0 0.4546875 0.42890625 0.06875 0.0234375
0 0.60390625 0.478125 0.065625 0.015625
0 0.3375 0.57890625 0.046875 0.021875
0 0.2859375 0.53515625 0.046875 0.021875
0 0.2453125 0.5109375 0.059375 0.025
0 0.75 0.62421875 0.06875 0.01875
0 0.71484375 0.70546875 0.0484375 0.0328125
0 0.7421875 0.69375 0.0546875 0.0234375
0 0.6046875 0.63515625 0.0578125 0.0203125
0 0.54296875 0.6765625 0.053125 0.0234375
0 0.44765625 0.66171875 0.0375 0.025
0 0.23671875 0.6984375 0.03125 0.025
0 0.21015625 0.71015625 0.05625 0.028125
0 0.71953125 0.75859375 0.0546875 0.025
0 0.72421875 0.7421875 0.08125 0.025
0 0.9421875 0.81328125 0.0578125 0.0203125
0 0.83671875 0.84296875 0.065625 0.0296875
0 0.80703125 0.84453125 0.0625 0.025
0 0.7625 0.84609375 0.0640625 0.028125
0 0.3328125 0.8328125 0.075 0.0234375
0 0.3703125 0.80546875 0.0859375 0.01875
0 0.290625 0.8125 0.059375 0.0296875
0 0.04765625 0.33046875 0.0640625 0.015625