0 0.71484375 0.1875 0.06796875 0.01953125
0 0.74375 0.090625 0.05234375 0.01796875
0 0.7515625 0.2546875 0.04140625 0.0171875
0 0.39453125 0.3390625 0.0515625 0.02578125
0 0.0953125 0.31484375 0.06328125 0.025
0 0.80859375 0.0890625 0.0421875 0.01796875
0 0.29453125 0.15 0.05859375 0.02421875
0 0.15703125 0.0953125 0.075 0.0234375
0 0.61796875 0.590625 0.05390625 0.03359375
0 0.14453125 0.903125 0.05234375 0.0328125
0 0.890625 0.665625 0.05625 0.0234375
0 0.14609375 0.8609375 0.0828125 0.01875
0 0.4578125 0.746875 0.05234375 0.02109375
0 0.2265625 0.9671875 0.05390625 0.02421875
0 0.028125 0.7890625 0.05625 0.03125
0 0.975 0.79375 0.0484375 0.0296875
0 0.6125 0.16484375 0.090625 0.0265625
0 0.95078125 0.42265625 0.0796875 0.02734375
0 0.73203125 0.7921875 0.075 0.02109375
0 0.0171875 0.371875 0.03359375 0.02578125
0 0.52890625 0.73125 0.04375 0.0328125
0 0.56015625 0.90078125 0.05390625 0.02421875
0 0.3671875 0.153125 0.0609375 0.01796875
0 0.27421875 0.67734375 0.0515625 0.03125
0 0.13515625 0.17421875 0.07421875 0.025
0 0.70546875 0.8796875 0.06015625 0.0265625
0 0.70625 0.6859375 0.0453125 0.028125
0 0.90703125 0.15078125 0.06875 0.01640625
0 0.58359375 0.109375 0.04609375 0.025
0 0.85390625 0.34296875 0.03671875 0.0296875
0 0.7671875 0.2796875 0.08125 0.021875
0 0.81484375 0.2234375 0.04140625 0.01953125
0 0.9375 0.253125 0.05625 0.02109375
0 0.240625 0.46328125 0.053125 0.0265625
0 0.66015625 0.74375 0.04921875 0.0359375
0 0.26015625 0.95390625 0.0546875 0.028125
0 0.20546875 0.0671875 0.06640625 0.021875
0 0.1296875 0.0828125 0.0421875 0.0234375
0 0.403125 0.7671875 0.0625 0.025
0 0.0734375 0.06796875 0.05703125 0.02421875
0 0.36640625 0.00859375 0.08359375 0.0171875
0 0.23046875 0.746875 0.05546875 0.0171875
0 0.35859375 0.0203125 0.0625 0.0203125
0 0.0421875 0.39765625 0.04609375 0.02421875
0 0.1828125 0.41015625 0.05 0.021875
0 0.52265625 0.37734375 0.05546875 0.03125
0 0.75703125 0.5828125 0.05546875 0.0328125
0 0.82734375 0.653125 0.0390625 0.03203125