2 0.58515625 0.1078125 0.0640625 0.0390625
2 0.57109375 0.09296875 0.04765625 0.0421875
2 0.1109375 0.05546875 0.06015625 0.03203125
2 0.13828125 0.1484375 0.065625 0.03828125
2 0.0375 0.33515625 0.065625 0.046875
2 0.1015625 0.41015625 0.06875 0.0375
2 0.24609375 0.52109375 0.09375 0.03046875
2 0.20546875 0.59921875 0.0578125 0.046875
2 0.10078125 0.6390625 0.05703125 0.0265625
2 0.08359375 0.53046875 0.05078125 0.034375
2 0.5390625 0.5078125 0.03828125 0.0359375
2 0.4984375 0.38203125 0.07265625 0.03671875
2 0.37265625 0.45859375 0.0765625 0.040625
2 0.47421875 0.5953125 0.0640625 0.034375
2 0.47734375 0.64375 0.08984375 0.0328125
2 0.16875 0.725 0.08203125 0.0375
2 0.28203125 0.721875 0.08515625 0.021875
2 0.71953125 0.84921875 0.04921875 0.03671875
2 0.8015625 0.87421875 0.04609375 0.0359375
2 0.1578125 0.31796875 0.07734375 0.0265625