0 0.93125 0.921875 0.034375 0.08125
0 0.8984375 0.8171875 0.0359375 0.078125
0 0.90234375 0.71640625 0.03125 0.08125
0 0.84921875 0.7609375 0.0453125 0.0984375
0 0.81015625 0.85703125 0.040625 0.0734375
0 0.990625 0.34609375 0.01875 0.0625
0 0.98828125 0.26328125 0.0234375 0.0609375
0 0.94140625 0.26796875 0.028125 0.0859375
0 0.90078125 0.41484375 0.025 0.0578125
0 0.8796875 0.4625 0.021875 0.0875
0 0.859375 0.03046875 0.0375 0.059375
0 0.784375 0.496875 0.040625 0.06875
0 0.7359375 0.4046875 0.034375 0.078125
0 0.7484375 0.853125 0.0296875 0.0875
0 0.68359375 0.97109375 0.025 0.0578125
0 0.64765625 0.815625 0.03125 0.065625
0 0.6328125 0.78046875 0.03125 0.0734375
0 0.50625 0.1828125 0.028125 0.059375
0 0.53203125 0.534375 0.040625 0.0625
0 0.5671875 0.5859375 0.028125 0.075
0 0.5265625 0.60078125 0.025 0.0625
0 0.46328125 0.746875 0.021875 0.071875
0 0.4859375 0.8765625 0.028125 0.065625
0 0.43046875 0.93046875 0.028125 0.040625
0 0.434375 0.6765625 0.0234375 0.0578125
0 0.38671875 0.50859375 0.034375 0.071875
0 0.4390625 0.36328125 0.025 0.0390625
0 0.4 0.02109375 0.03125 0.040625
0 0.2625 0.57109375 0.0375 0.0515625
0 0.3015625 0.809375 0.028125 0.0640625
0 0.2515625 0.74765625 0.0265625 0.059375
0 0.2140625 0.2625 0.0328125 0.0671875
0 0.221875 0.328125 0.028125 0.046875
0 0.17734375 0.22421875 0.025 0.0765625
0 0.14921875 0.25546875 0.021875 0.0640625
0 0.17421875 0.56953125 0.01875 0.046875
0 0.17109375 0.5203125 0.028125 0.040625
0 0.1484375 0.61171875 0.0203125 0.053125
0 0.16640625 0.6328125 0.03125 0.05
0 0.19765625 0.83828125 0.021875 0.0484375
0 0.08671875 0.671875 0.028125 0.10625
0 0.07734375 0.365625 0.0375 0.05625
0 0.09765625 0.36015625 0.025 0.0625
0 0.1484375 0.43828125 0.025 0.059375
0 0.0640625 0.20234375 0.021875 0.05
0 0.1390625 0.01875 0.025 0.0375
0 0.046875 0.0296875 0.028125 0.05625