0 0.825 0.97578125 0.0703125 0.0296875
0 0.89453125 0.94140625 0.0875 0.0328125
0 0.9671875 0.94765625 0.05 0.025
0 0.646875 0.92578125 0.065625 0.040625
0 0.675 0.821875 0.075 0.0234375
0 0.8390625 0.79921875 0.065625 0.021875
0 0.85078125 0.834375 0.05625 0.01875
0 0.78984375 0.83828125 0.0359375 0.0125
0 0.6953125 0.8703125 0.075 0.021875
0 0.921875 0.7625 0.0625 0.01875
0 0.86875 0.76015625 0.059375 0.021875
0 0.91796875 0.80546875 0.0375 0.025
0 0.97734375 0.79375 0.04375 0.01875
0 0.59453125 0.6953125 0.084375 0.0359375
0 0.30703125 0.70390625 0.0453125 0.028125
0 0.13046875 0.71171875 0.0609375 0.028125
0 0.21015625 0.6578125 0.040625 0.021875
0 0.409375 0.57421875 0.084375 0.04375
0 0.265625 0.4515625 0.0875 0.01875
0 0.2265625 0.43671875 0.08125 0.021875
0 0.221875 0.40703125 0.078125 0.021875
0 0.63515625 0.3515625 0.084375 0.0296875
0 0.68671875 0.2390625 0.059375 0.025
0 0.90390625 0.20546875 0.0828125 0.021875
0 0.84140625 0.27578125 0.0703125 0.03125
0 0.35546875 0.36796875 0.096875 0.034375
0 0.128125 0.25546875 0.071875 0.0203125
0 0.20703125 0.24609375 0.05 0.01875
0 0.04609375 0.3875 0.090625 0.0171875
0 0.26015625 0.34453125 0.0671875 0.04375
0 0.2734375 0.11953125 0.065625 0.025
0 0.17734375 0.1640625 0.034375 0.0265625
0 0.1578125 0.190625 0.05 0.021875
0 0.103125 0.18125 0.0375 0.03125
0 0.44453125 0.1703125 0.084375 0.0171875
0 0.6578125 0.196875 0.059375 0.028125
0 0.84453125 0.1734375 0.084375 0.021875
0 0.68828125 0.13203125 0.065625 0.021875
0 0.85625 0.11328125 0.0640625 0.0203125
0 0.28359375 0.09140625 0.096875 0.0265625
0 0.496875 0.08046875 0.065625 0.0375
0 0.4390625 0.01328125 0.08125 0.0125
0 0.72421875 0.02109375 0.05 0.028125