2 0.53828125 0.82421875 0.0609375 0.02265625
2 0.5109375 0.78984375 0.075 0.01640625
2 0.62578125 0.6078125 0.0484375 0.02890625
2 0.75234375 0.6359375 0.06171875 0.0328125
2 0.8890625 0.71328125 0.0359375 0.021875
2 0.97109375 0.7265625 0.02421875 0.02734375
2 0.471875 0.85546875 0.04375 0.02734375
2 0.25859375 0.846875 0.03671875 0.02421875
2 0.196875 0.759375 0.0578125 0.025
2 0.1578125 0.7953125 0.05703125 0.0328125
2 0.15078125 0.71484375 0.06171875 0.04765625
2 0.18125 0.5828125 0.05703125 0.02890625
2 0.2796875 0.565625 0.02421875 0.02109375
2 0.30546875 0.59453125 0.04765625 0.02890625
2 0.34765625 0.5765625 0.065625 0.02109375
2 0.2359375 0.47578125 0.04453125 0.03515625
2 0.21953125 0.54296875 0.0421875 0.0296875
2 0.24375 0.52578125 0.04453125 0.021875
2 0.44921875 0.459375 0.06875 0.01796875
2 0.5140625 0.36796875 0.071875 0.02890625
2 0.41171875 0.30390625 0.05390625 0.028125
2 0.18515625 0.3421875 0.03828125 0.03046875
2 0.11796875 0.328125 0.05078125 0.0296875
2 0.10703125 0.47421875 0.05703125 0.0359375
2 0.1125 0.27890625 0.059375 0.025
2 0.16875 0.26875 0.0703125 0.02890625
2 0.5875 0.21015625 0.04921875 0.0203125
2 0.52578125 0.14453125 0.0734375 0.02890625
2 0.43515625 0.0953125 0.040625 0.02421875
2 0.36875 0.06171875 0.06953125 0.03125
2 0.1984375 0.06328125 0.0390625 0.02578125
2 0.3390625 0.10859375 0.05546875 0.028125
2 0.13671875 0.0828125 0.04921875 0.034375
2 0.10859375 0.11875 0.0390625 0.0265625
2 0.1390625 0.12265625 0.0375 0.0203125
2 0.7796875 0.08984375 0.06796875 0.0296875
2 0.76015625 0.115625 0.06171875 0.02421875
2 0.8390625 0.13203125 0.04375 0.0203125
2 0.8625 0.14140625 0.0625 0.034375
2 0.86015625 0.07265625 0.0390625 0.034375
2 0.96953125 0.13828125 0.06015625 0.03046875
2 0.9484375 0.19765625 0.0359375 0.00859375
2 0.3390625 0.2140625 0.06953125 0.021875
2 0.78671875 0.33671875 0.07421875 0.03359375
2 0.86015625 0.403125 0.06171875 0.03046875
2 0.71875 0.38984375 0.059375 0.02578125
2 0.23203125 0.6796875 0.05859375 0.03125