2 0.79375 0.07734375 0.07421875 0.02734375
2 0.73515625 0.12265625 0.08359375 0.0265625
2 0.74296875 0.09921875 0.084375 0.03203125
2 0.615625 0.0765625 0.06015625 0.02421875
2 0.70625 0.1421875 0.06796875 0.02734375
2 0.37734375 0.11953125 0.05625 0.02734375
2 0.18984375 0.08828125 0.06875 0.03515625
2 0.22421875 0.03515625 0.09375 0.034375
2 0.31328125 0.08984375 0.08671875 0.0203125
2 0.29609375 0.11640625 0.05234375 0.02109375
2 0.12109375 0.121875 0.053125 0.0234375
2 0.36796875 0.18984375 0.084375 0.0328125
2 0.521875 0.20234375 0.08046875 0.025
2 0.3296875 0.2546875 0.05859375 0.03203125
2 0.82421875 0.2125 0.05859375 0.0359375
2 0.57890625 0.3328125 0.06796875 0.01328125
2 0.60859375 0.37890625 0.053125 0.028125
2 0.60234375 0.41171875 0.0640625 0.02265625
2 0.4265625 0.3625 0.05625 0.034375
2 0.03203125 0.13359375 0.04609375 0.02890625
2 0.0765625 0.2515625 0.06953125 0.04375
2 0.1609375 0.47421875 0.0640625 0.04765625
2 0.225 0.25703125 0.07421875 0.025
2 0.23359375 0.57109375 0.03828125 0.03515625
2 0.26171875 0.5546875 0.0234375 0.03046875
2 0.16640625 0.57578125 0.034375 0.02734375
2 0.1421875 0.53828125 0.0328125 0.03828125
2 0.63203125 0.571875 0.1125 0.0359375
2 0.6109375 0.5109375 0.065625 0.03515625
2 0.446875 0.45546875 0.06953125 0.02578125
2 0.84765625 0.38984375 0.03828125 0.0234375
2 0.63203125 0.6015625 0.07890625 0.0203125
2 0.81953125 0.65078125 0.08359375 0.0375
2 0.79375 0.71015625 0.0453125 0.0296875
2 0.6984375 0.81640625 0.08125 0.0265625
2 0.69140625 0.859375 0.05625 0.02421875
2 0.515625 0.828125 0.05234375 0.02421875
2 0.19765625 0.81796875 0.059375 0.028125
2 0.28828125 0.87734375 0.06796875 0.0296875
2 0.13203125 0.740625 0.103125 0.040625