0 0.73828125 0.034375 0.0765625 0.0234375
0 0.42734375 0.07890625 0.078125 0.021875
0 0.6625 0.09765625 0.0625 0.0203125
0 0.92734375 0.078125 0.0640625 0.01875
0 0.22421875 0.01328125 0.1 0.025
0 0.11328125 0.05859375 0.0671875 0.03125
0 0.221875 0.109375 0.0671875 0.021875
0 0.484375 0.11640625 0.0734375 0.028125
0 0.36015625 0.15390625 0.0609375 0.025
0 0.29375 0.153125 0.090625 0.01875
0 0.82265625 0.109375 0.053125 0.01875
0 0.778125 0.18046875 0.078125 0.03125
0 0.96015625 0.2484375 0.0765625 0.01875
0 0.77734375 0.1375 0.04375 0.0359375
0 0.63984375 0.215625 0.0671875 0.0265625
0 0.584375 0.2421875 0.0359375 0.028125
0 0.51875 0.28984375 0.0734375 0.028125
0 0.48125 0.1734375 0.0484375 0.021875
0 0.49140625 0.46875 0.0625 0.0234375
0 0.75703125 0.46328125 0.0640625 0.03125
0 0.86953125 0.53515625 0.046875 0.0375
0 0.33671875 0.36328125 0.0703125 0.0171875
0 0.73828125 0.37578125 0.084375 0.01875
0 0.89453125 0.5921875 0.071875 0.021875
0 0.6875 0.5625 0.065625 0.01875
0 0.5765625 0.51328125 0.0546875 0.0359375
0 0.80390625 0.50234375 0.06875 0.025
0 0.915625 0.68828125 0.028125 0.028125
0 0.84296875 0.71015625 0.0640625 0.03125
0 0.74375 0.68828125 0.078125 0.0234375
0 0.740625 0.77421875 0.053125 0.03125
0 0.48125 0.76171875 0.0625 0.01875
0 0.3578125 0.61796875 0.04375 0.03125
0 0.62421875 0.8171875 0.078125 0.0296875
0 0.4921875 0.84140625 0.065625 0.021875
0 0.5875 0.8640625 0.053125 0.021875
0 0.646875 0.85546875 0.065625 0.021875
0 0.88046875 0.8484375 0.0359375 0.034375
0 0.85859375 0.83984375 0.078125 0.0203125
0 0.92734375 0.8875 0.0640625 0.01875
0 0.09609375 0.590625 0.0703125 0.0234375