0 0.14140625 0.3875 0.01875 0.06875
0 0.08828125 0.32421875 0.01875 0.053125
0 0.25625 0.74375 0.0171875 0.040625
0 0.32734375 0.60078125 0.025 0.0515625
0 0.26875 0.95078125 0.025 0.0625
0 0.0125 0.4109375 0.01875 0.0421875
0 0.12578125 0.73828125 0.025 0.059375
0 0.165625 0.94921875 0.0234375 0.075
0 0.6296875 0.44140625 0.034375 0.053125
0 0.89765625 0.6984375 0.0328125 0.053125
0 0.85625 0.6015625 0.0234375 0.05625
0 0.8875 0.88828125 0.01875 0.0828125
0 0.7578125 0.5640625 0.021875 0.053125
0 0.93671875 0.6390625 0.025 0.078125
0 0.79296875 0.971875 0.03125 0.05625
0 0.78828125 0.3171875 0.0296875 0.0484375
0 0.83046875 0.7203125 0.025 0.075
0 0.14921875 0.57890625 0.0265625 0.090625
0 0.3828125 0.06875 0.028125 0.0796875
0 0.8484375 0.33515625 0.021875 0.075
0 0.36796875 0.9828125 0.025 0.034375
0 0.94765625 0.94296875 0.0265625 0.071875
0 0.690625 0.071875 0.0328125 0.04375
0 0.8703125 0.59609375 0.025 0.053125
0 0.1125 0.82890625 0.01875 0.0609375
0 0.67734375 0.72578125 0.03125 0.0515625
0 0.1390625 0.7640625 0.025 0.075
0 0.8328125 0.246875 0.034375 0.0734375
0 0.71328125 0.31171875 0.028125 0.0453125
0 0.09453125 0.12265625 0.015625 0.06875
0 0.11015625 0.3703125 0.025 0.046875
0 0.49609375 0.15859375 0.0296875 0.0375
0 0.24375 0.325 0.021875 0.08125
0 0.27734375 0.1140625 0.01875 0.040625
0 0.29140625 0.034375 0.021875 0.05625
0 0.484375 0.81015625 0.0265625 0.053125
0 0.52265625 0.09609375 0.0359375 0.05
0 0.94296875 0.2421875 0.021875 0.075
0 0.9484375 0.7921875 0.03125 0.05
0 0.940625 0.7765625 0.028125 0.0546875
0 0.021875 0.7421875 0.021875 0.065625
0 0.1 0.92578125 0.0234375 0.0421875
0 0.8109375 0.6296875 0.025 0.0625
0 0.0265625 0.19453125 0.025 0.05625
0 0.00859375 0.78515625 0.0171875 0.0828125
0 0.8890625 0.5734375 0.0171875 0.0546875