2 0.11171875 0.8515625 0.0171875 0.05625
2 0.1 0.77734375 0.034375 0.040625
2 0.096875 0.75234375 0.0265625 0.04375
2 0.059375 0.5453125 0.0265625 0.046875
2 0.14921875 0.54921875 0.021875 0.0375
2 0.15 0.56171875 0.0328125 0.021875
2 0.12421875 0.30078125 0.0171875 0.03125
2 0.08828125 0.06953125 0.0171875 0.053125
2 0.1375 0.02421875 0.01875 0.0484375
2 0.20625 0.84140625 0.0359375 0.03125
2 0.2015625 0.884375 0.034375 0.053125
2 0.18515625 0.73125 0.021875 0.040625
2 0.18359375 0.48671875 0.021875 0.046875
2 0.228125 0.9296875 0.028125 0.0296875
2 0.2859375 0.93203125 0.0265625 0.0328125
2 0.31328125 0.2875 0.01875 0.046875
2 0.378125 0.67265625 0.015625 0.053125
2 0.45234375 0.8796875 0.028125 0.0296875
2 0.50546875 0.8296875 0.015625 0.046875
2 0.453125 0.59296875 0.021875 0.034375
2 0.52578125 0.37265625 0.0171875 0.04375
2 0.58515625 0.58828125 0.0296875 0.028125
2 0.53515625 0.81484375 0.015625 0.0421875
2 0.578125 0.06796875 0.021875 0.05
2 0.590625 0.409375 0.0265625 0.03125
2 0.66640625 0.81171875 0.025 0.0265625
2 0.69921875 0.8375 0.028125 0.034375
2 0.77421875 0.778125 0.028125 0.0234375
2 0.7921875 0.60625 0.01875 0.0421875
2 0.85078125 0.67890625 0.015625 0.0515625
2 0.83984375 0.38125 0.01875 0.0390625
2 0.83515625 0.4625 0.015625 0.0515625
2 0.80859375 0.87265625 0.01875 0.0625
2 0.865625 0.078125 0.021875 0.053125
2 0.74921875 0.0578125 0.0234375 0.034375
2 0.77578125 0.1796875 0.01875 0.065625
2 0.88359375 0.7953125 0.021875 0.046875
2 0.10234375 0.64921875 0.0203125 0.059375
2 0.109375 0.19140625 0.01875 0.04375