0 0.8125 0.28515625 0.01875 0.06875
0 0.909375 0.25625 0.01875 0.053125
0 0.7453125 0.2484375 0.0171875 0.040625
0 0.6609375 0.60546875 0.025 0.0515625
0 0.68515625 0.9046875 0.025 0.0640625
0 0.9109375 0.19140625 0.01875 0.0421875
0 0.85 0.70546875 0.025 0.059375
0 0.9046875 0.84296875 0.0234375 0.075
0 0.409375 0.38203125 0.034375 0.053125
0 0.096875 0.85546875 0.0328125 0.053125
0 0.334375 0.109375 0.0234375 0.05625
0 0.1390625 0.85390625 0.01875 0.0828125
0 0.253125 0.5421875 0.021875 0.053125
0 0.0328125 0.7734375 0.025 0.0546875
0 0.2109375 0.971875 0.03125 0.05625
0 0.20625 0.025 0.0296875 0.0484375
0 0.83515625 0.3875 0.0265625 0.090625
0 0.57734375 0.04921875 0.028125 0.0796875
0 0.2078125 0.26796875 0.021875 0.075
0 0.628125 0.9828125 0.025 0.034375
0 0.26875 0.47109375 0.0328125 0.04375
0 0.09921875 0.43984375 0.025 0.053125
0 0.846875 0.6328125 0.01875 0.0609375
0 0.32265625 0.72578125 0.03125 0.0515625
0 0.82578125 0.86484375 0.025 0.075
0 0.1203125 0.29453125 0.0265625 0.059375
0 0.3140625 0.29375 0.028125 0.0453125
0 0.84921875 0.09296875 0.015625 0.06875
0 0.890625 0.41640625 0.025 0.046875
0 0.65703125 0.14609375 0.0296875 0.0375
0 0.7203125 0.2328125 0.021875 0.08125
0 0.7765625 0.18515625 0.01875 0.040625
0 0.746875 0.0625 0.021875 0.05625
0 0.53671875 0.759375 0.0265625 0.053125
0 0.25625 0.33984375 0.0359375 0.05
0 0.04609375 0.73984375 0.028125 0.0546875
0 0.9328125 0.79453125 0.021875 0.065625
0 0.9171875 0.8703125 0.0234375 0.0421875
0 0.2328125 0.596875 0.025 0.0625
0 0.93203125 0.9265625 0.025 0.05625
0 0.99140625 0.63359375 0.0171875 0.084375
0 0.253125 0.76953125 0.0171875 0.05625
0 0.9796875 0.64140625 0.0203125 0.0625
0 0.60234375 0.9578125 0.025 0.046875
0 0.58984375 0.8171875 0.021875 0.05
0 0.62265625 0.47734375 0.03125 0.05625
0 0.4171875 0.24296875 0.0328125 0.05625
0 0.346875 0.17265625 0.03125 0.0390625