0 0.7921875 0.03046875 0.0734375 0.01484375
0 0.5375 0.0796875 0.06015625 0.0171875
0 0.29453125 0.0890625 0.046875 0.034375
0 0.32890625 0.10625 0.03828125 0.0296875
0 0.6015625 0.11953125 0.0703125 0.02578125
0 0.82578125 0.16171875 0.05390625 0.02109375
0 0.9359375 0.0921875 0.0640625 0.01953125
0 0.165625 0.1671875 0.0546875 0.015625
0 0.41484375 0.2015625 0.0671875 0.01875
0 0.47734375 0.23046875 0.04296875 0.0203125
0 0.6203125 0.25 0.0546875 0.0171875
0 0.6875 0.27109375 0.03515625 0.028125
0 0.7125 0.25234375 0.06015625 0.0203125
0 0.84140625 0.20859375 0.0578125 0.025
0 0.22734375 0.240625 0.03671875 0.025
0 0.35 0.346875 0.03828125 0.02578125
0 0.78125 0.42421875 0.0546875 0.01875
0 0.740625 0.44609375 0.03671875 0.01875
0 0.83125 0.29609375 0.059375 0.01484375
0 0.5921875 0.5703125 0.06796875 0.0125
0 0.4328125 0.69609375 0.04765625 0.03125
0 0.04453125 0.7046875 0.0296875 0.02734375
0 0.065625 0.7609375 0.021875 0.0265625
0 0.18828125 0.8265625 0.07421875 0.02109375
0 0.41953125 0.8375 0.06484375 0.0203125
0 0.54375 0.81796875 0.053125 0.01640625
0 0.0265625 0.96328125 0.053125 0.015625
0 0.1171875 0.9296875 0.04296875 0.01953125
0 0.13515625 0.91953125 0.0453125 0.01484375
0 0.16796875 0.9203125 0.0546875 0.02578125
0 0.14296875 0.853125 0.06328125 0.021875
0 0.78828125 0.94921875 0.0546875 0.01875
0 0.73046875 0.98359375 0.06171875 0.01953125
0 0.4140625 0.946875 0.0625 0.02421875
0 0.41796875 0.93203125 0.084375 0.01484375
0 0.75625 0.71796875 0.0578125 0.0328125
0 0.59765625 0.77265625 0.05 0.01953125
0 0.315625 0.234375 0.03828125 0.0203125
0 0.5171875 0.15078125 0.07265625 0.0203125
0 0.9046875 0.27265625 0.04453125 0.0234375
0 0.653125 0.8484375 0.065625 0.02578125
0 0.44609375 0.79375 0.05546875 0.01796875