0 0.97265625 0.16328125 0.0546875 0.0234375
0 0.1390625 0.11484375 0.04609375 0.01796875
0 0.4 0.1234375 0.06796875 0.01953125
0 0.7421875 0.07890625 0.05234375 0.01796875
0 0.64765625 0.2859375 0.04140625 0.0171875
0 0.3921875 0.32421875 0.0515625 0.02578125
0 0.03359375 0.26484375 0.06328125 0.025
0 0.821875 0.0375 0.0421875 0.028125
0 0.134375 0.1234375 0.05859375 0.02421875
0 0.05625 0.21171875 0.075 0.0234375
0 0.45546875 0.62109375 0.05390625 0.03359375
0 0.8625 0.72265625 0.04609375 0.02578125
0 0.7328125 0.775 0.05234375 0.0234375
0 0.225 0.80546875 0.05234375 0.0328125
0 0.41328125 0.88984375 0.05625 0.0234375
0 0.14765625 0.88203125 0.0828125 0.01875
0 0.47265625 0.75390625 0.05234375 0.02109375
0 0.6 0.890625 0.078125 0.02421875
0 0.08671875 0.85390625 0.05625 0.03125
0 0.971875 0.2140625 0.05625 0.028125
0 0.44921875 0.7796875 0.0484375 0.0296875
0 0.17265625 0.86484375 0.07578125 0.02421875
0 0.42265625 0.096875 0.090625 0.0265625
0 0.88359375 0.371875 0.0796875 0.02734375
0 0.5265625 0.85078125 0.075 0.02109375
0 0.0171875 0.36796875 0.03359375 0.02578125
0 0.22578125 0.9609375 0.071875 0.0265625
0 0.021875 0.74609375 0.04296875 0.0328125
0 0.375 0.8171875 0.05390625 0.02421875
0 0.0734375 0.14375 0.0609375 0.01796875
0 0.21953125 0.67109375 0.0515625 0.03125
0 0.69375 0.11640625 0.03984375 0.03125
0 0.34921875 0.16484375 0.07421875 0.025
0 0.08828125 0.13203125 0.06015625 0.01640625
0 0.72734375 0.81640625 0.0734375 0.03359375
0 0.83515625 0.6671875 0.0453125 0.028125
0 0.9671875 0.68515625 0.0390625 0.028125
0 0.45546875 0.03203125 0.06875 0.01640625
0 0.275 0.0765625 0.04609375 0.025
0 0.82734375 0.43046875 0.03671875 0.0296875