0 0.66953125 0.00703125 0.06171875 0.0140625
0 0.81640625 0.00625 0.0453125 0.0125
0 0.940625 0.053125 0.05625 0.02578125
0 0.82890625 0.11015625 0.04375 0.021875
0 0.55078125 0.034375 0.071875 0.02109375
0 0.48046875 0.11484375 0.065625 0.01796875
0 0.35703125 0.16171875 0.06953125 0.02421875
0 0.72265625 0.01328125 0.05 0.0265625
0 0.16484375 0.0171875 0.06640625 0.0171875
0 0.33515625 0.19140625 0.0546875 0.0265625
0 0.29453125 0.23203125 0.0890625 0.02578125
0 0.07734375 0.2484375 0.0453125 0.01484375
0 0.7796875 0.23046875 0.0625 0.02578125
0 0.96640625 0.22890625 0.0671875 0.0265625
0 0.75 0.3765625 0.0796875 0.04140625
0 0.38671875 0.359375 0.059375 0.0296875
0 0.32578125 0.3421875 0.07109375 0.03125
0 0.80859375 0.47890625 0.09296875 0.02265625
0 0.56640625 0.46171875 0.0359375 0.02265625
0 0.55078125 0.60234375 0.07890625 0.03203125
0 0.38984375 0.54296875 0.0546875 0.0296875
0 0.1609375 0.6203125 0.05078125 0.015625
0 0.23671875 0.64609375 0.06640625 0.02734375
0 0.078125 0.63125 0.04453125 0.03046875
0 0.9453125 0.653125 0.05 0.03125
0 0.971875 0.69765625 0.0359375 0.02421875
0 0.94765625 0.715625 0.0578125 0.0265625
0 0.37578125 0.75234375 0.05625 0.0296875
0 0.728125 0.765625 0.053125 0.0265625
0 0.47421875 0.690625 0.06171875 0.0203125
0 0.3515625 0.8625 0.06484375 0.03046875
0 0.215625 0.86171875 0.05625 0.02734375
0 0.403125 0.95234375 0.071875 0.02421875
0 0.5328125 0.9171875 0.08125 0.02734375
0 0.22421875 0.4875 0.04609375 0.0125
0 0.29765625 0.615625 0.0515625 0.015625
0 0.36015625 0.83203125 0.0703125 0.01796875
0 0.06875 0.93671875 0.04921875 0.0234375
0 0.596875 0.7375 0.034375 0.03046875
0 0.46015625 0.7390625 0.07421875 0.0171875
0 0.42890625 0.890625 0.04765625 0.025
0 0.26953125 0.03125 0.04453125 0.0171875
0 0.62890625 0.25625 0.05078125 0.034375