2 0.5625 0.0953125 0.05859375 0.02578125
2 0.953125 0.1328125 0.02890625 0.03125
2 0.1453125 0.046875 0.11328125 0.0359375
2 0.171875 0.0984375 0.05546875 0.025
2 0.05859375 0.15234375 0.0671875 0.03671875
2 0.090625 0.2828125 0.0453125 0.034375
2 0.03359375 0.27109375 0.03515625 0.03046875
2 0.5453125 0.28828125 0.0796875 0.02890625
2 0.49296875 0.59140625 0.05078125 0.02890625
2 0.5671875 0.53515625 0.034375 0.03671875
2 0.48984375 0.37578125 0.06015625 0.02578125
2 0.45859375 0.43203125 0.046875 0.04375
2 0.21953125 0.61640625 0.06484375 0.034375
2 0.259375 0.6453125 0.06875 0.03203125
2 0.08046875 0.5625 0.05234375 0.0265625
2 0.478125 0.64296875 0.05703125 0.02109375
2 0.409375 0.67421875 0.0390625 0.03125
2 0.55390625 0.7171875 0.04140625 0.028125
2 0.75078125 0.74609375 0.05 0.028125
2 0.9078125 0.7046875 0.05234375 0.0296875
2 0.78359375 0.84296875 0.07890625 0.0234375
2 0.65859375 0.83984375 0.05078125 0.03671875
2 0.68125 0.85703125 0.05546875 0.02578125
2 0.21875 0.69921875 0.03828125 0.03125
2 0.0734375 0.665625 0.03359375 0.0265625
2 0.08125 0.815625 0.05625 0.0296875
2 0.4234375 0.759375 0.05546875 0.0234375
2 0.3109375 0.77109375 0.04921875 0.02265625
2 0.3796875 0.7921875 0.03671875 0.02421875