2 0.07890625 0.09921875 0.04765625 0.02890625
2 0.109375 0.08359375 0.0453125 0.0421875
2 0.55859375 0.08203125 0.05546875 0.015625
2 0.59453125 0.10703125 0.07109375 0.01875
2 0.58828125 0.0765625 0.0515625 0.01796875
2 0.7421875 0.16015625 0.0546875 0.015625
2 0.77890625 0.12265625 0.07421875 0.0171875
2 0.8328125 0.1421875 0.0328125 0.01640625
2 0.4484375 0.15703125 0.07421875 0.02421875
2 0.5125 0.159375 0.02890625 0.0203125
2 0.56015625 0.2 0.04375 0.01953125
2 0.82890625 0.234375 0.053125 0.02109375
2 0.29921875 0.11640625 0.03671875 0.0171875
2 0.4 0.12734375 0.04921875 0.021875
2 0.2296875 0.07109375 0.05390625 0.01328125
2 0.31328125 0.07578125 0.0453125 0.0171875
2 0.3921875 0.0734375 0.03515625 0.0140625
2 0.13203125 0.2515625 0.05859375 0.02421875
2 0.10859375 0.23984375 0.040625 0.0265625
2 0.02734375 0.22578125 0.03828125 0.0171875
2 0.17421875 0.390625 0.04609375 0.03046875
2 0.05859375 0.39140625 0.028125 0.040625
2 0.05859375 0.390625 0.040625 0.01953125
2 0.16171875 0.6 0.04140625 0.03125
2 0.2609375 0.60078125 0.05390625 0.0140625
2 0.19140625 0.53203125 0.040625 0.01875
2 0.23125 0.53359375 0.040625 0.01640625
2 0.55703125 0.50546875 0.06875 0.01328125
2 0.70546875 0.38515625 0.04453125 0.028125
2 0.72578125 0.496875 0.0625 0.01328125
2 0.071875 0.72734375 0.04375 0.0140625
2 0.115625 0.7171875 0.06171875 0.01953125
2 0.17109375 0.81640625 0.0734375 0.01640625
2 0.15234375 0.79453125 0.05859375 0.01328125
2 0.17421875 0.85078125 0.07578125 0.0171875
2 0.353125 0.76953125 0.0296875 0.01640625
2 0.38828125 0.75 0.04609375 0.0390625
2 0.3953125 0.75234375 0.0515625 0.0125
2 0.684375 0.81953125 0.04453125 0.01328125
2 0.70078125 0.83046875 0.0375 0.03125
2 0.73828125 0.80546875 0.05 0.0234375
2 0.75859375 0.79921875 0.06015625 0.015625
2 0.95859375 0.8078125 0.04609375 0.021875
2 0.95625 0.79296875 0.0484375 0.00703125
2 0.146875 0.75625 0.03828125 0.01484375
2 0.21875 0.7546875 0.03828125 0.01796875