2 0.1796875 0.6109375 0.01875 0.0359375
2 0.190625 0.65234375 0.01875 0.0671875
2 0.221875 0.771875 0.01875 0.04375
2 0.23359375 0.834375 0.0125 0.03125
2 0.18046875 0.78828125 0.021875 0.0390625
2 0.18125 0.97578125 0.01875 0.0234375
2 0.378125 0.25859375 0.0234375 0.046875
2 0.31015625 0.19921875 0.021875 0.0421875
2 0.321875 0.08515625 0.0125 0.0375
2 0.3953125 0.3828125 0.015625 0.040625
2 0.34453125 0.67265625 0.0265625 0.0203125
2 0.43671875 0.64296875 0.0203125 0.03125
2 0.43984375 0.69765625 0.01875 0.0375
2 0.50390625 0.65546875 0.01875 0.046875
2 0.53125 0.721875 0.021875 0.040625
2 0.5484375 0.88359375 0.01875 0.040625
2 0.534375 0.56953125 0.028125 0.05625
2 0.55 0.56484375 0.03125 0.059375
2 0.634375 0.39375 0.015625 0.04375
2 0.7046875 0.08203125 0.025 0.084375
2 0.68203125 0.653125 0.01875 0.084375
2 0.68671875 0.84140625 0.03125 0.0484375
2 0.715625 0.82890625 0.034375 0.0375
2 0.78828125 0.91875 0.028125 0.05
2 0.83203125 0.54921875 0.015625 0.0578125
2 0.84453125 0.7234375 0.01875 0.046875
2 0.87109375 0.7296875 0.0328125 0.0734375
2 0.93359375 0.6921875 0.046875 0.08125
2 0.89609375 0.85546875 0.028125 0.0453125
2 0.86953125 0.83359375 0.015625 0.0328125
2 0.89375 0.76796875 0.0234375 0.0515625
2 0.8765625 0.78671875 0.01875 0.065625
2 0.90390625 0.2140625 0.0328125 0.0625
2 0.86953125 0.2171875 0.0234375 0.0515625
2 0.8609375 0.08359375 0.021875 0.05625
2 0.8578125 0.05078125 0.025 0.040625
2 0.87109375 0.31953125 0.01875 0.06875