2 0.1 0.19921875 0.0359375 0.071875
2 0.09296875 0.08203125 0.0234375 0.065625
2 0.1421875 0.42890625 0.025 0.065625
2 0.1625 0.33984375 0.025 0.046875
2 0.10390625 0.51875 0.0234375 0.046875
2 0.10546875 0.809375 0.0171875 0.0453125
2 0.1 0.8578125 0.025 0.04375
2 0.1640625 0.73359375 0.0265625 0.034375
2 0.1828125 0.69296875 0.021875 0.034375
2 0.18046875 0.63984375 0.025 0.0328125
2 0.29296875 0.9375 0.034375 0.071875
2 0.3796875 0.86484375 0.025 0.0609375
2 0.3421875 0.88046875 0.028125 0.0609375
2 0.4578125 0.90234375 0.01875 0.025
2 0.4859375 0.78125 0.0359375 0.075
2 0.58671875 0.9296875 0.04375 0.0375
2 0.58359375 0.40390625 0.01875 0.0375
2 0.55625 0.41640625 0.0359375 0.046875
2 0.34453125 0.72734375 0.034375 0.05625
2 0.78671875 0.67734375 0.03125 0.08125
2 0.79453125 0.72421875 0.021875 0.0859375
2 0.7671875 0.47265625 0.01875 0.0625
2 0.82421875 0.3515625 0.021875 0.0296875
2 0.80234375 0.321875 0.021875 0.0625
2 0.834375 0.26953125 0.0171875 0.065625
2 0.8484375 0.56015625 0.021875 0.065625
2 0.85 0.6171875 0.021875 0.0640625
2 0.7921875 0.26484375 0.01875 0.0375
2 0.771875 0.22734375 0.03125 0.0875
2 0.69140625 0.521875 0.03125 0.0390625
2 0.60078125 0.1625 0.025 0.059375