2 0.76015625 0.1828125 0.015625 0.0421875
2 0.81015625 0.14140625 0.021875 0.028125
2 0.8046875 0.3421875 0.015625 0.0578125
2 0.82578125 0.2703125 0.01875 0.0609375
2 0.721875 0.47578125 0.01875 0.0515625
2 0.7453125 0.64765625 0.015625 0.046875
2 0.853125 0.79296875 0.015625 0.046875
2 0.8328125 0.65546875 0.028125 0.0546875
2 0.63828125 0.2375 0.01875 0.05
2 0.58671875 0.1515625 0.025 0.034375
2 0.571875 0.4 0.0171875 0.0625
2 0.59296875 0.4203125 0.03125 0.0375
2 0.61171875 0.5359375 0.01875 0.065625
2 0.646875 0.69375 0.015625 0.040625
2 0.565625 0.58203125 0.015625 0.03125
2 0.565625 0.83984375 0.01875 0.053125
2 0.50078125 0.46640625 0.0203125 0.040625
2 0.44609375 0.6078125 0.01875 0.0515625
2 0.45859375 0.8046875 0.0328125 0.06875
2 0.3640625 0.38828125 0.0234375 0.040625
2 0.36875 0.23828125 0.01875 0.0890625
2 0.3140625 0.39765625 0.0265625 0.046875
2 0.2546875 0.43046875 0.0203125 0.05
2 0.240625 0.64375 0.01875 0.075
2 0.196875 0.478125 0.01875 0.053125
2 0.1546875 0.49453125 0.015625 0.053125
2 0.1296875 0.3859375 0.015625 0.0671875
2 0.146875 0.15703125 0.021875 0.05625
2 0.1765625 0.07734375 0.0296875 0.0828125
2 0.234375 0.0625 0.025 0.0390625
2 0.1703125 0.31640625 0.0234375 0.0625
2 0.190625 0.33828125 0.0125 0.028125
2 0.21953125 0.346875 0.0203125 0.0359375
2 0.0890625 0.48125 0.015625 0.075
2 0.1875 0.775 0.028125 0.059375
2 0.0953125 0.77890625 0.015625 0.06875
2 0.10078125 0.74609375 0.015625 0.040625
2 0.0984375 0.684375 0.0125 0.046875
2 0.11171875 0.8890625 0.01875 0.03125
2 0.21484375 0.93125 0.034375 0.034375
2 0.23828125 0.8953125 0.028125 0.0359375
2 0.29375 0.79453125 0.03125 0.0375
2 0.37421875 0.771875 0.0296875 0.040625
2 0.36796875 0.8203125 0.0265625 0.0390625