0 0.06875 0.03203125 0.05234375 0.0171875
0 0.1828125 0.05703125 0.0625 0.01796875
0 0.259375 0.08671875 0.0828125 0.01953125
0 0.62109375 0.034375 0.0640625 0.02421875
0 0.5140625 0.00390625 0.0625 0.0078125
0 0.78359375 0.00390625 0.0671875 0.0078125
0 0.1328125 0.1328125 0.07578125 0.0171875
0 0.02421875 0.15390625 0.0484375 0.0171875
0 0.34765625 0.16796875 0.0671875 0.01953125
0 0.58359375 0.16484375 0.05234375 0.02421875
0 0.70078125 0.159375 0.06015625 0.01875
0 0.5546875 0.1453125 0.0640625 0.01953125
0 0.7984375 0.13515625 0.05546875 0.01796875
0 0.83125 0.05703125 0.03671875 0.0265625
0 0.72265625 0.2203125 0.05703125 0.01796875
0 0.49609375 0.21015625 0.06640625 0.0203125
0 0.3140625 0.2265625 0.06484375 0.025
0 0.13046875 0.25625 0.05078125 0.0234375
0 0.33671875 0.35390625 0.06015625 0.0296875
0 0.57890625 0.39296875 0.0484375 0.03203125
0 0.60703125 0.43828125 0.028125 0.028125
0 0.6265625 0.4578125 0.034375 0.0328125
0 0.659375 0.434375 0.0546875 0.01953125
0 0.76015625 0.384375 0.06015625 0.01640625
0 0.88984375 0.40546875 0.05234375 0.0140625
0 0.8546875 0.4609375 0.059375 0.0171875
0 0.4640625 0.4984375 0.05703125 0.0171875
0 0.803125 0.521875 0.0453125 0.01640625
0 0.55703125 0.61484375 0.06015625 0.01953125
0 0.578125 0.58671875 0.06015625 0.0203125
0 0.06875 0.559375 0.059375 0.0234375
0 0.05703125 0.76640625 0.06015625 0.02109375
0 0.31328125 0.703125 0.05 0.028125
0 0.3328125 0.7015625 0.059375 0.0234375
0 0.38125 0.7375 0.053125 0.0171875
0 0.3203125 0.63515625 0.05078125 0.01484375
0 0.496875 0.71171875 0.04765625 0.01796875
0 0.428125 0.69921875 0.07109375 0.01640625
0 0.4953125 0.790625 0.05078125 0.03125
0 0.2234375 0.80546875 0.04609375 0.0171875
0 0.12734375 0.8546875 0.0984375 0.03125
0 0.41015625 0.9 0.071875 0.02109375
0 0.31015625 0.9578125 0.05703125 0.02890625
0 0.19765625 0.9609375 0.07109375 0.028125
0 0.53046875 0.846875 0.06015625 0.0234375
0 0.684375 0.7703125 0.0484375 0.0203125
0 0.85 0.76796875 0.034375 0.028125
0 0.79375 0.896875 0.06484375 0.02265625
0 0.81015625 0.69453125 0.03671875 0.02109375
0 0.7890625 0.628125 0.0484375 0.01875
0 0.95546875 0.6578125 0.0671875 0.01875
0 0.7875 0.8609375 0.071875 0.01875
0 0.13203125 0.6140625 0.06015625 0.02109375
0 0.9453125 0.11484375 0.08046875 0.02578125