0 0.12109375 0.04296875 0.08125 0.021875
0 0.0171875 0.16875 0.034375 0.040625
0 0.403125 0.12109375 0.065625 0.01875
0 0.48828125 0.13515625 0.078125 0.0171875
0 0.38203125 0.16875 0.0375 0.0203125
0 0.65703125 0.15703125 0.071875 0.01875
0 0.73984375 0.13515625 0.0625 0.01875
0 0.78984375 0.16328125 0.0625 0.01875
0 0.90390625 0.17265625 0.0578125 0.01875
0 0.89765625 0.20859375 0.0375 0.025
0 0.86328125 0.30390625 0.04375 0.021875
0 0.9734375 0.3046875 0.053125 0.015625
0 0.10703125 0.25859375 0.040625 0.0265625
0 0.0328125 0.225 0.0296875 0.025
0 0.5015625 0.5 0.05 0.0265625
0 0.2515625 0.496875 0.046875 0.01875
0 0.02890625 0.5046875 0.0578125 0.025
0 0.06015625 0.5 0.0625 0.0140625
0 0.04921875 0.02421875 0.0625 0.015625
0 0.39296875 0.42734375 0.0375 0.01875
0 0.3953125 0.58984375 0.05 0.028125
0 0.334375 0.61328125 0.071875 0.025
0 0.7484375 0.56796875 0.059375 0.025
0 0.88359375 0.575 0.053125 0.015625
0 0.946875 0.3609375 0.0421875 0.0328125
0 0.90703125 0.6203125 0.04375 0.021875
0 0.74609375 0.7328125 0.05 0.03125
0 0.81015625 0.6984375 0.0546875 0.01875
0 0.6359375 0.7734375 0.04375 0.021875
0 0.1515625 0.7421875 0.0625 0.0203125
0 0.07265625 0.69609375 0.0375 0.03125
0 0.37578125 0.7890625 0.05 0.021875
0 0.56171875 0.8671875 0.046875 0.034375
0 0.3671875 0.8640625 0.05625 0.0265625
0 0.23671875 0.82421875 0.046875 0.028125
0 0.1296875 0.8359375 0.05 0.01875
0 0.74765625 0.8109375 0.046875 0.01875
0 0.25390625 0.9171875 0.071875 0.021875
0 0.27109375 0.903125 0.059375 0.0265625
0 0.2484375 0.9484375 0.04375 0.034375
0 0.75703125 0.94609375 0.06875 0.021875
0 0.87265625 0.96953125 0.0671875 0.025
0 0.309375 0.821875 0.0703125 0.025
0 0.86015625 0.15390625 0.065625 0.015625
0 0.16015625 0.8171875 0.059375 0.015625