2 0.95234375 0.8828125 0.01875 0.0640625
2 0.89296875 0.75859375 0.028125 0.0625
2 0.91171875 0.76875 0.015625 0.0640625
2 0.90078125 0.47109375 0.021875 0.071875
2 0.91796875 0.05 0.0265625 0.059375
2 0.80703125 0.0875 0.021875 0.046875
2 0.67265625 0.36875 0.021875 0.053125
2 0.71171875 0.38359375 0.0125 0.075
2 0.92421875 0.7859375 0.025 0.06875
2 0.87109375 0.6515625 0.01875 0.0453125
2 0.68828125 0.92734375 0.025 0.0296875
2 0.6328125 0.93046875 0.028125 0.03125
2 0.596875 0.92421875 0.03125 0.0359375
2 0.6078125 0.89453125 0.0234375 0.0375
2 0.628125 0.48046875 0.034375 0.040625
2 0.53671875 0.3515625 0.021875 0.04375
2 0.43671875 0.721875 0.0265625 0.04375
2 0.390625 0.91796875 0.028125 0.025
2 0.346875 0.2765625 0.021875 0.0625
2 0.240625 0.85390625 0.025 0.034375
2 0.2609375 0.86796875 0.025 0.03125
2 0.228125 0.94296875 0.03125 0.0390625
2 0.153125 0.59140625 0.021875 0.084375
2 0.19140625 0.34375 0.021875 0.040625
2 0.17734375 0.30859375 0.015625 0.04375
2 0.1015625 0.41953125 0.021875 0.078125
2 0.14296875 0.7859375 0.028125 0.0453125
2 0.90078125 0.3375 0.025 0.075
2 0.43203125 0.98046875 0.0328125 0.0375
2 0.42734375 0.8265625 0.0296875 0.046875
2 0.17890625 0.7546875 0.0171875 0.0546875