0 0.94765625 0.578125 0.021875 0.0734375
0 0.8171875 0.478125 0.015625 0.071875
0 0.97890625 0.3265625 0.015625 0.053125
0 0.91796875 0.77578125 0.0234375 0.046875
0 0.87421875 0.3890625 0.021875 0.0453125
0 0.9015625 0.15078125 0.021875 0.0484375
0 0.9203125 0.0609375 0.0234375 0.06875
0 0.87265625 0.2328125 0.025 0.05
0 0.79765625 0.65859375 0.025 0.09375
0 0.61953125 0.284375 0.034375 0.0390625
0 0.76484375 0.81328125 0.01875 0.0640625
0 0.721875 0.6 0.0265625 0.0828125
0 0.6859375 0.35390625 0.04375 0.078125
0 0.69609375 0.43984375 0.0265625 0.0625
0 0.73125 0.1046875 0.021875 0.078125
0 0.709375 0.01953125 0.025 0.0390625
0 0.83046875 0.3390625 0.0234375 0.0515625
0 0.64609375 0.65390625 0.025 0.084375
0 0.68515625 0.959375 0.034375 0.078125
0 0.5671875 0.68984375 0.03125 0.0546875
0 0.52109375 0.39453125 0.01875 0.059375
0 0.46953125 0.2640625 0.028125 0.071875
0 0.38046875 0.053125 0.028125 0.0703125
0 0.43828125 0.15859375 0.01875 0.059375
0 0.4234375 0.603125 0.0328125 0.08125
0 0.45859375 0.89375 0.015625 0.0890625
0 0.3796875 0.6578125 0.0125 0.0328125
0 0.32421875 0.69375 0.0296875 0.046875
0 0.3 0.93515625 0.0265625 0.0765625
0 0.265625 0.16484375 0.021875 0.0515625
0 0.24765625 0.0421875 0.015625 0.06875
0 0.31015625 0.51875 0.0265625 0.0375
0 0.3265625 0.0984375 0.034375 0.053125
0 0.22265625 0.53515625 0.021875 0.04375
0 0.25078125 0.678125 0.01875 0.0703125
0 0.16328125 0.5671875 0.021875 0.034375
0 0.21484375 0.71484375 0.025 0.05625
0 0.125 0.959375 0.028125 0.0625
0 0.0640625 0.5625 0.028125 0.059375
0 0.12421875 0.33046875 0.0265625 0.059375
0 0.096875 0.3796875 0.021875 0.034375
0 0.0609375 0.81875 0.0265625 0.04375
0 0.40859375 0.0875 0.03125 0.05625
0 0.33828125 0.6296875 0.025 0.0390625
0 0.8390625 0.8953125 0.01875 0.05
0 0.9078125 0.21328125 0.025 0.0609375
0 0.94140625 0.19921875 0.0234375 0.040625
0 0.978125 0.5640625 0.0171875 0.0609375