2 0.62734375 0.109375 0.0484375 0.01875
2 0.6875 0.08046875 0.0578125 0.01875
2 0.94609375 0.0734375 0.0875 0.01875
2 0.9734375 0.11484375 0.053125 0.015625
2 0.75390625 0.10390625 0.065625 0.0125
2 0.77734375 0.09609375 0.06875 0.015625
2 0.6546875 0.1515625 0.05625 0.01875
2 0.52578125 0.090625 0.04375 0.0234375
2 0.58828125 0.09765625 0.0625 0.021875
2 0.59375 0.075 0.05625 0.021875
2 0.3578125 0.09140625 0.0625 0.01875
2 0.315625 0.07734375 0.0578125 0.0203125
2 0.44375 0.19609375 0.05 0.028125
2 0.37109375 0.125 0.0421875 0.025
2 0.05546875 0.13515625 0.046875 0.034375
2 0.06640625 0.11015625 0.0421875 0.028125
2 0.090625 0.0890625 0.046875 0.021875
2 0.14609375 0.078125 0.059375 0.021875
2 0.15546875 0.190625 0.05 0.021875
2 0.1515625 0.15703125 0.0375 0.028125
2 0.26640625 0.1765625 0.03125 0.0296875
2 0.1859375 0.2265625 0.05625 0.03125
2 0.02421875 0.3296875 0.040625 0.0265625
2 0.0875 0.33203125 0.028125 0.03125
2 0.85078125 0.17421875 0.046875 0.0234375
2 0.70625 0.19375 0.04375 0.0265625
2 0.1578125 0.353125 0.046875 0.034375
2 0.05078125 0.490625 0.0421875 0.028125
2 0.121875 0.459375 0.025 0.0296875
2 0.19140625 0.48515625 0.04375 0.015625
2 0.21796875 0.525 0.046875 0.025
2 0.10546875 0.509375 0.05 0.0234375
2 0.35625 0.70703125 0.046875 0.0265625
2 0.13984375 0.684375 0.05 0.025
2 0.10625 0.66875 0.0328125 0.021875
2 0.1015625 0.628125 0.046875 0.03125
2 0.08203125 0.7890625 0.0625 0.021875
2 0.234375 0.82890625 0.04375 0.01875
2 0.33828125 0.80859375 0.040625 0.025
2 0.634375 0.8375 0.046875 0.021875
2 0.53984375 0.79921875 0.053125 0.021875
2 0.834375 0.84453125 0.071875 0.0171875
2 0.79140625 0.73984375 0.0671875 0.03125
2 0.7921875 0.77734375 0.0484375 0.021875
2 0.653125 0.76015625 0.05625 0.01875
2 0.36328125 0.75703125 0.071875 0.025
2 0.1375 0.828125 0.071875 0.021875
2 0.83828125 0.265625 0.0546875 0.01875
2 0.546875 0.16484375 0.05625 0.03125