0 0.05390625 0.65234375 0.028125 0.0703125
0 0.05078125 0.88046875 0.025 0.05625
0 0.0859375 0.84609375 0.0234375 0.075
0 0.10078125 0.58515625 0.0375 0.0765625
0 0.1953125 0.45078125 0.0359375 0.065625
0 0.1390625 0.91875 0.0359375 0.0625
0 0.17265625 0.89765625 0.04375 0.09375
0 0.096875 0.95234375 0.025 0.05625
0 0.190625 0.265625 0.0375 0.053125
0 0.14921875 0.27578125 0.03125 0.04375
0 0.19140625 0.09140625 0.04375 0.08125
0 0.14140625 0.0953125 0.0390625 0.0625
0 0.309375 0.33671875 0.0484375 0.1015625
0 0.475 0.14609375 0.0375 0.078125
0 0.5 0.21640625 0.03125 0.05625
0 0.5265625 0.1375 0.021875 0.053125
0 0.6515625 0.06171875 0.040625 0.046875
0 0.65078125 0.14140625 0.0375 0.065625
0 0.59921875 0.2328125 0.03125 0.05
0 0.6078125 0.43125 0.03125 0.075
0 0.64375 0.43984375 0.03125 0.053125
0 0.68828125 0.3296875 0.0265625 0.04375
0 0.71875 0.2484375 0.0375 0.0609375
0 0.75234375 0.4984375 0.03125 0.0375
0 0.6890625 0.5265625 0.0234375 0.040625
0 0.6296875 0.71875 0.021875 0.04375
0 0.60546875 0.7828125 0.025 0.046875
0 0.590625 0.62265625 0.028125 0.034375
0 0.49453125 0.746875 0.0375 0.046875
0 0.47578125 0.928125 0.01875 0.05
0 0.55234375 0.9265625 0.0375 0.06875
0 0.61171875 0.96484375 0.0328125 0.0703125
0 0.56328125 0.42421875 0.0234375 0.078125
0 0.7734375 0.68671875 0.025 0.059375
0 0.77890625 0.82109375 0.034375 0.065625
0 0.853125 0.7515625 0.028125 0.0625
0 0.8328125 0.7453125 0.025 0.05625
0 0.91640625 0.50234375 0.025 0.06875
0 0.91953125 0.3015625 0.025 0.0640625
0 0.96796875 0.39375 0.040625 0.0765625
0 0.95234375 0.49921875 0.0265625 0.071875
0 0.953125 0.865625 0.034375 0.0921875