0 0.47265625 0.06484375 0.07109375 0.01875
0 0.35 0.0515625 0.06171875 0.01328125
0 0.790625 0.05 0.0625 0.02109375
0 0.89296875 0.025 0.05703125 0.0234375
0 0.35078125 0.1078125 0.05234375 0.02109375
0 0.2703125 0.1328125 0.046875 0.0171875
0 0.07265625 0.18125 0.07421875 0.028125
0 0.271875 0.21171875 0.06640625 0.02109375
0 0.33125 0.259375 0.05078125 0.01953125
0 0.675 0.1765625 0.0640625 0.0203125
0 0.840625 0.2421875 0.053125 0.0171875
0 0.85625 0.115625 0.03671875 0.03359375
0 0.91953125 0.1625 0.046875 0.01875
0 0.95234375 0.1546875 0.05234375 0.01484375
0 0.48046875 0.259375 0.04609375 0.02578125
0 0.6421875 0.31796875 0.04140625 0.0171875
0 0.3578125 0.35625 0.0578125 0.0265625
0 0.51640625 0.41328125 0.05703125 0.02265625
0 0.0921875 0.27265625 0.046875 0.0203125
0 0.10703125 0.434375 0.0328125 0.021875
0 0.80703125 0.5046875 0.03515625 0.01875
0 0.1328125 0.5375 0.084375 0.021875
0 0.37265625 0.60078125 0.04140625 0.028125
0 0.38359375 0.57265625 0.053125 0.01875
0 0.68203125 0.60859375 0.046875 0.0171875
0 0.43984375 0.6765625 0.04296875 0.021875
0 0.9203125 0.55859375 0.02734375 0.02265625
0 0.79296875 0.74921875 0.059375 0.0234375
0 0.4 0.73046875 0.059375 0.021875
0 0.48203125 0.74453125 0.03203125 0.02421875
0 0.40546875 0.78515625 0.04296875 0.02109375
0 0.3703125 0.85859375 0.05 0.025
0 0.53671875 0.8765625 0.04921875 0.015625
0 0.68828125 0.90390625 0.05234375 0.01484375
0 0.08046875 0.85234375 0.053125 0.03359375
0 0.11953125 0.80859375 0.06875 0.0171875
0 0.02265625 0.64453125 0.0453125 0.025