0 0.35546875 0.06484375 0.0984375 0.0296875
0 0.50390625 0.06953125 0.0859375 0.02265625
0 0.0625 0.06875 0.078125 0.02421875
0 0.07734375 0.0515625 0.075 0.0296875
0 0.03125 0.12890625 0.06015625 0.02578125
0 0.23125 0.2 0.07421875 0.034375
0 0.3671875 0.15 0.046875 0.03125
0 0.5671875 0.165625 0.078125 0.028125
0 0.540625 0.203125 0.07421875 0.021875
0 0.6375 0.20703125 0.07578125 0.03515625
0 0.94609375 0.175 0.084375 0.02578125
0 0.94453125 0.16328125 0.096875 0.028125
0 0.95546875 0.14453125 0.08125 0.02265625
0 0.88671875 0.21953125 0.053125 0.03984375
0 0.74453125 0.28984375 0.059375 0.028125
0 0.409375 0.25625 0.0625 0.02265625
0 0.32890625 0.27578125 0.04453125 0.025
0 0.18828125 0.24375 0.06171875 0.021875
0 0.1375 0.28515625 0.06640625 0.01875
0 0.48671875 0.35859375 0.053125 0.025
0 0.85 0.2484375 0.0625 0.0265625
0 0.2546875 0.59375 0.0515625 0.015625
0 0.03828125 0.609375 0.05625 0.0203125
0 0.6921875 0.5640625 0.06796875 0.02421875
0 0.86640625 0.49921875 0.046875 0.03671875
0 0.35859375 0.71640625 0.0578125 0.02421875
0 0.5 0.8125 0.06015625 0.021875
0 0.3375 0.79921875 0.0578125 0.02109375
0 0.25625 0.77265625 0.0515625 0.02421875
0 0.1078125 0.8046875 0.0578125 0.0265625
0 0.14140625 0.771875 0.04921875 0.021875
0 0.07265625 0.7640625 0.0390625 0.03359375
0 0.17734375 0.853125 0.05625 0.02109375
0 0.42890625 0.83046875 0.0578125 0.0234375
0 0.32265625 0.86796875 0.0515625 0.028125
0 0.7203125 0.8125 0.07734375 0.0203125
0 0.7671875 0.78046875 0.0828125 0.025
0 0.82421875 0.80390625 0.06015625 0.01484375
0 0.79765625 0.87890625 0.059375 0.025
0 0.81875 0.86328125 0.0640625 0.01953125
0 0.45078125 0.953125 0.08515625 0.02421875
0 0.83671875 0.9453125 0.0390625 0.03125
0 0.13203125 0.9234375 0.05625 0.03046875