0 0.9671875 0.253125 0.0296875 0.0546875
0 0.91015625 0.62109375 0.021875 0.075
0 0.81640625 0.38359375 0.025 0.0515625
0 0.89375 0.45390625 0.034375 0.05625
0 0.96640625 0.66015625 0.034375 0.0625
0 0.8734375 0.63671875 0.021875 0.0546875
0 0.78125 0.878125 0.0265625 0.0390625
0 0.7515625 0.7671875 0.025 0.0765625
0 0.65625 0.38828125 0.025 0.0453125
0 0.61875 0.88125 0.028125 0.0390625
0 0.57578125 0.21640625 0.021875 0.05
0 0.66796875 0.06796875 0.0390625 0.0625
0 0.60625 0.05078125 0.01875 0.0375
0 0.6296875 0.0234375 0.0265625 0.046875
0 0.45 0.62265625 0.025 0.0578125
0 0.31171875 0.3265625 0.0359375 0.05
0 0.19609375 0.8625 0.025 0.0515625
0 0.359375 0.5375 0.025 0.05625
0 0.45625 0.6984375 0.0265625 0.06875
0 0.3546875 0.3875 0.028125 0.0578125
0 0.30859375 0.07578125 0.0375 0.05625
0 0.32265625 0.77421875 0.03125 0.08125
0 0.22578125 0.4390625 0.0171875 0.1109375
0 0.15859375 0.22109375 0.028125 0.05625
0 0.1546875 0.71328125 0.021875 0.078125
0 0.2 0.75234375 0.025 0.0734375
0 0.11015625 0.4484375 0.0296875 0.0796875
0 0.02109375 0.4359375 0.03125 0.059375
0 0.03515625 0.290625 0.028125 0.0640625
0 0.0625 0.2265625 0.0265625 0.053125
0 0.86328125 0.87578125 0.0171875 0.078125
0 0.8796875 0.39375 0.01875 0.05625
0 0.85 0.36953125 0.0328125 0.059375
0 0.65078125 0.6421875 0.040625 0.046875
0 0.871875 0.5359375 0.025 0.059375
0 0.9546875 0.5734375 0.025 0.0703125
0 0.81328125 0.8109375 0.028125 0.0578125
0 0.3234375 0.2140625 0.025 0.0828125
0 0.94375 0.16953125 0.028125 0.0578125
0 0.96953125 0.12734375 0.021875 0.046875
0 0.665625 0.890625 0.0203125 0.0625
0 0.2203125 0.08984375 0.028125 0.08125
0 0.246875 0.35078125 0.01875 0.04375
0 0.2421875 0.45625 0.025 0.046875
0 0.18984375 0.27109375 0.0203125 0.034375
0 0.1359375 0.059375 0.028125 0.0609375
0 0.10546875 0.07421875 0.0296875 0.059375
0 0.8375 0.05078125 0.0234375 0.040625
0 0.7765625 0.0296875 0.0296875 0.059375
0 0.203125 0.246875 0.028125 0.05
0 0.16953125 0.1484375 0.01875 0.04375
0 0.1890625 0.05703125 0.025 0.046875