0 0.96328125 0.51875 0.03125 0.06875
0 0.96640625 0.434375 0.028125 0.0703125
0 0.965625 0.3828125 0.0203125 0.1078125
0 0.896875 0.3640625 0.021875 0.078125
0 0.86875 0.0671875 0.0265625 0.09375
0 0.80078125 0.3 0.025 0.0703125
0 0.7796875 0.11796875 0.040625 0.046875
0 0.7625 0.03359375 0.028125 0.053125
0 0.78671875 0.421875 0.0328125 0.053125
0 0.70859375 0.5046875 0.0203125 0.0703125
0 0.71953125 0.52890625 0.025 0.0421875
0 0.7484375 0.50234375 0.0234375 0.05625
0 0.778125 0.55625 0.040625 0.05625
0 0.90703125 0.8140625 0.021875 0.0375
0 0.878125 0.721875 0.025 0.06875
0 0.659375 0.03359375 0.0203125 0.0640625
0 0.65859375 0.0984375 0.028125 0.06875
0 0.6296875 0.44765625 0.0359375 0.05
0 0.5765625 0.40703125 0.0296875 0.071875
0 0.59375 0.15234375 0.028125 0.034375
0 0.54375 0.075 0.025 0.05
0 0.65078125 0.81953125 0.021875 0.059375
0 0.69375 0.746875 0.021875 0.05
0 0.7296875 0.93125 0.0203125 0.0515625
0 0.5 0.61640625 0.034375 0.04375
0 0.39921875 0.26796875 0.01875 0.071875
0 0.378125 0.071875 0.028125 0.0484375
0 0.37421875 0.44453125 0.025 0.05
0 0.3203125 0.48984375 0.021875 0.046875
0 0.36484375 0.61640625 0.03125 0.0578125
0 0.42109375 0.56640625 0.025 0.059375
0 0.25078125 0.03203125 0.015625 0.0625
0 0.134375 0.2578125 0.0296875 0.05
0 0.15390625 0.10546875 0.01875 0.053125
0 0.16875 0.07890625 0.021875 0.078125
0 0.1390625 0.0234375 0.025 0.046875
0 0.15859375 0.03515625 0.025 0.06875
0 0.1609375 0.60859375 0.0234375 0.0375
0 0.21171875 0.42109375 0.021875 0.0734375
0 0.3296875 0.6453125 0.025 0.0359375
0 0.4 0.75625 0.025 0.0625
0 0.45625 0.76484375 0.01875 0.046875
0 0.08984375 0.49765625 0.01875 0.0796875
0 0.0109375 0.434375 0.021875 0.05
0 0.046875 0.70859375 0.028125 0.0515625
0 0.06484375 0.10546875 0.025 0.059375