0 0.92578125 0.328125 0.028125 0.0703125
0 0.90546875 0.52890625 0.021875 0.0625
0 0.9453125 0.590625 0.015625 0.0796875
0 0.86484375 0.70703125 0.0296875 0.09375
0 0.89609375 0.76875 0.028125 0.0609375
0 0.7578125 0.7375 0.0375 0.059375
0 0.63984375 0.88671875 0.01875 0.04375
0 0.675 0.9546875 0.0265625 0.0359375
0 0.73984375 0.040625 0.034375 0.0625
0 0.74296875 0.13125 0.0296875 0.059375
0 0.67578125 0.41484375 0.03125 0.06875
0 0.74609375 0.47421875 0.0328125 0.065625
0 0.7890625 0.4265625 0.0359375 0.09375
0 0.771875 0.05234375 0.0328125 0.0703125
0 0.80078125 0.10703125 0.028125 0.0703125
0 0.853125 0.065625 0.04375 0.096875
0 0.89375 0.0671875 0.03125 0.08125
0 0.953125 0.84765625 0.025 0.075
0 0.88046875 0.82421875 0.034375 0.028125
0 0.62578125 0.0234375 0.0421875 0.046875
0 0.49453125 0.08046875 0.040625 0.065625
0 0.384375 0.46640625 0.021875 0.065625
0 0.4375 0.690625 0.028125 0.0875
0 0.4546875 0.815625 0.034375 0.053125
0 0.37109375 0.32578125 0.0453125 0.053125
0 0.3203125 0.1 0.0375 0.05
0 0.26328125 0.234375 0.034375 0.075
0 0.21328125 0.25859375 0.034375 0.0734375
0 0.2578125 0.4578125 0.0375 0.053125
0 0.24453125 0.53203125 0.0421875 0.0609375
0 0.16484375 0.56796875 0.040625 0.0640625
0 0.18984375 0.59375 0.04375 0.046875
0 0.159375 0.38515625 0.03125 0.0625
0 0.1703125 0.46640625 0.03125 0.05
0 0.0703125 0.2640625 0.034375 0.05
0 0.13671875 0.14921875 0.0359375 0.040625
0 0.2171875 0.0578125 0.028125 0.0734375
0 0.19140625 0.1671875 0.0234375 0.08125