0 0.41640625 0.06796875 0.04375 0.021875
0 0.64609375 0.109375 0.0546875 0.015625
0 0.7875 0.10546875 0.065625 0.015625
0 0.81640625 0.1359375 0.025 0.0375
0 0.91875 0.12109375 0.071875 0.0203125
0 0.4296875 0.14140625 0.0671875 0.021875
0 0.4203125 0.11875 0.084375 0.021875
0 0.68125 0.1671875 0.071875 0.01875
0 0.2546875 0.1578125 0.05 0.025
0 0.4171875 0.2234375 0.0875 0.021875
0 0.60390625 0.3171875 0.05 0.025
0 0.5359375 0.265625 0.046875 0.021875
0 0.8109375 0.32890625 0.04375 0.034375
0 0.72890625 0.39140625 0.05625 0.028125
0 0.75859375 0.4265625 0.075 0.0203125
0 0.328125 0.471875 0.065625 0.0203125
0 0.4703125 0.45625 0.078125 0.03125
0 0.0484375 0.47734375 0.05 0.028125
0 0.79765625 0.46953125 0.05625 0.021875
0 0.79375 0.5453125 0.05625 0.021875
0 0.76796875 0.59375 0.0625 0.0140625
0 0.45390625 0.63828125 0.075 0.025
0 0.65625 0.6390625 0.05 0.0296875
0 0.48359375 0.71171875 0.0546875 0.03125
0 0.3421875 0.68828125 0.0578125 0.021875
0 0.253125 0.62265625 0.065625 0.01875
0 0.26953125 0.71015625 0.059375 0.028125
0 0.30546875 0.75390625 0.05625 0.025
0 0.5859375 0.74453125 0.05 0.0328125
0 0.45859375 0.80390625 0.075 0.01875
0 0.3046875 0.846875 0.075 0.028125
0 0.20703125 0.796875 0.0625 0.028125
0 0.13671875 0.8171875 0.05625 0.025
0 0.1625 0.8734375 0.05 0.03125
0 0.06953125 0.85 0.046875 0.025
0 0.52265625 0.87890625 0.053125 0.028125
0 0.6125 0.8546875 0.0625 0.028125
0 0.77265625 0.9015625 0.0453125 0.028125
0 0.92890625 0.76875 0.0375 0.0328125
0 0.71171875 0.80625 0.0671875 0.021875
0 0.94453125 0.70078125 0.028125 0.0375
0 0.04609375 0.95078125 0.065625 0.01875