0 0.9265625 0.15703125 0.01875 0.0609375
0 0.93359375 0.221875 0.015625 0.0609375
0 0.7953125 0.5609375 0.01875 0.065625
0 0.759375 0.584375 0.021875 0.05625
0 0.75703125 0.73203125 0.01875 0.075
0 0.69921875 0.50625 0.028125 0.071875
0 0.78359375 0.02421875 0.03125 0.034375
0 0.7984375 0.07265625 0.03125 0.0359375
0 0.89375 0.19296875 0.0140625 0.05625
0 0.8171875 0.95078125 0.01875 0.059375
0 0.51171875 0.190625 0.03125 0.046875
0 0.52265625 0.45625 0.021875 0.06875
0 0.69609375 0.9515625 0.01875 0.059375
0 0.53125 0.83203125 0.021875 0.053125
0 0.4109375 0.15 0.021875 0.059375
0 0.3203125 0.2765625 0.0234375 0.071875
0 0.27421875 0.221875 0.028125 0.05625
0 0.28515625 0.21953125 0.03125 0.0375
0 0.29375 0.03125 0.0328125 0.034375
0 0.33828125 0.5375 0.0234375 0.059375
0 0.225 0.225 0.021875 0.0625
0 0.20625 0.02109375 0.0265625 0.0375
0 0.11640625 0.20703125 0.01875 0.05
0 0.08984375 0.49453125 0.028125 0.05
0 0.04921875 0.37890625 0.034375 0.08125
0 0.1671875 0.80625 0.0171875 0.0453125
0 0.284375 0.5578125 0.028125 0.046875
0 0.2109375 0.6515625 0.03125 0.053125
0 0.23125 0.54375 0.0234375 0.059375
0 0.190625 0.55234375 0.021875 0.0625
0 0.39296875 0.6875 0.028125 0.04375
0 0.2828125 0.8359375 0.028125 0.05