0 0.928125 0.18203125 0.01875 0.08125
0 0.92890625 0.48203125 0.0203125 0.065625
0 0.9671875 0.4546875 0.028125 0.096875
0 0.9515625 0.48359375 0.01875 0.0734375
0 0.86796875 0.60625 0.021875 0.06875
0 0.8171875 0.36640625 0.025 0.05
0 0.81875 0.471875 0.01875 0.0890625
0 0.7625 0.6140625 0.021875 0.06875
0 0.7328125 0.75078125 0.028125 0.0390625
0 0.7578125 0.89453125 0.034375 0.05625
0 0.81171875 0.83359375 0.025 0.08125
0 0.75859375 0.94140625 0.03125 0.075
0 0.7671875 0.321875 0.021875 0.078125
0 0.89453125 0.13125 0.01875 0.065625
0 0.65234375 0.346875 0.0328125 0.05625
0 0.57265625 0.16796875 0.025 0.0390625
0 0.565625 0.3890625 0.03125 0.040625
0 0.49921875 0.17578125 0.021875 0.0921875
0 0.475 0.225 0.0375 0.040625
0 0.5453125 0.725 0.0171875 0.065625
0 0.58203125 0.75234375 0.01875 0.065625
0 0.43046875 0.13125 0.028125 0.0734375
0 0.33515625 0.4734375 0.0375 0.053125
0 0.33828125 0.0953125 0.028125 0.075
0 0.2734375 0.0953125 0.0375 0.0453125
0 0.30078125 0.78359375 0.034375 0.0453125
0 0.309375 0.965625 0.0328125 0.046875
0 0.17734375 0.09453125 0.0234375 0.0734375
0 0.18046875 0.29765625 0.01875 0.08125
0 0.0453125 0.621875 0.03125 0.065625
0 0.021875 0.8015625 0.0265625 0.0765625
0 0.021875 0.4140625 0.01875 0.0625
0 0.071875 0.478125 0.01875 0.0703125
0 0.87265625 0.334375 0.025 0.05625
0 0.85546875 0.2328125 0.0234375 0.0578125
0 0.69765625 0.05625 0.0375 0.0375
0 0.98828125 0.28671875 0.021875 0.065625