0 0.06640625 0.59453125 0.028125 0.059375
0 0.125 0.4140625 0.0375 0.059375
0 0.12265625 0.6921875 0.0171875 0.0578125
0 0.13828125 0.675 0.021875 0.0515625
0 0.1296875 0.87421875 0.021875 0.05625
0 0.146875 0.815625 0.025 0.03125
0 0.17890625 0.9015625 0.01875 0.065625
0 0.115625 0.25390625 0.025 0.05625
0 0.1609375 0.3078125 0.028125 0.071875
0 0.19140625 0.134375 0.0359375 0.05625
0 0.2359375 0.05703125 0.0390625 0.046875
0 0.27109375 0.475 0.028125 0.0671875
0 0.31796875 0.0703125 0.0203125 0.046875
0 0.3234375 0.79296875 0.034375 0.1125
0 0.5640625 0.40390625 0.03125 0.071875
0 0.5796875 0.309375 0.03125 0.04375
0 0.5296875 0.0671875 0.0375 0.059375
0 0.5328125 0.14921875 0.025 0.034375
0 0.496875 0.75390625 0.021875 0.06875
0 0.509375 0.54765625 0.0265625 0.046875
0 0.56640625 0.64921875 0.0296875 0.04375
0 0.6046875 0.62734375 0.03125 0.046875
0 0.6015625 0.84921875 0.03125 0.075
0 0.58125 0.871875 0.015625 0.0375
0 0.65546875 0.95 0.015625 0.03125
0 0.4765625 0.93984375 0.0265625 0.05
0 0.6515625 0.4390625 0.028125 0.059375
0 0.646875 0.1546875 0.034375 0.05625
0 0.59375 0.2390625 0.0390625 0.059375
0 0.7140625 0.1953125 0.0625 0.0875
0 0.77265625 0.4265625 0.040625 0.075
0 0.76796875 0.715625 0.034375 0.096875
0 0.8046875 0.8328125 0.04375 0.065625
0 0.8390625 0.61015625 0.0375 0.071875
0 0.9203125 0.6390625 0.028125 0.0875
0 0.971875 0.57109375 0.0296875 0.065625
0 0.96015625 0.7640625 0.03125 0.0609375