0 0.7609375 0.26171875 0.025 0.08125
0 0.740625 0.33125 0.015625 0.06875
0 0.71953125 0.2765625 0.025 0.046875
0 0.71328125 0.2046875 0.015625 0.040625
0 0.83046875 0.1875 0.040625 0.065625
0 0.83203125 0.2671875 0.03125 0.059375
0 0.815625 0.375 0.025 0.03125
0 0.81640625 0.48671875 0.0171875 0.040625
0 0.85546875 0.5765625 0.0140625 0.090625
0 0.8296875 0.58203125 0.025 0.0453125
0 0.78359375 0.77578125 0.028125 0.0375
0 0.8171875 0.8859375 0.028125 0.084375
0 0.903125 0.30234375 0.0265625 0.06875
0 0.91640625 0.4 0.0296875 0.0453125
0 0.96015625 0.34609375 0.028125 0.06875
0 0.890625 0.846875 0.021875 0.053125
0 0.90078125 0.82265625 0.0203125 0.04375
0 0.9515625 0.815625 0.034375 0.0453125
0 0.71875 0.6109375 0.0265625 0.059375
0 0.678125 0.5828125 0.028125 0.0875
0 0.6703125 0.84140625 0.021875 0.0671875
0 0.65 0.95625 0.0203125 0.06875
0 0.628125 0.38828125 0.03125 0.0625
0 0.65234375 0.30546875 0.025 0.0328125
0 0.671875 0.2328125 0.028125 0.090625
0 0.5859375 0.35078125 0.028125 0.06875
0 0.6171875 0.59375 0.0203125 0.06875
0 0.57578125 0.609375 0.0390625 0.05625
0 0.5453125 0.8734375 0.028125 0.0890625
0 0.4546875 0.85390625 0.025 0.053125
0 0.49375 0.1875 0.046875 0.0625
0 0.55078125 0.07890625 0.0375 0.078125
0 0.4859375 0.43125 0.0296875 0.0578125
0 0.46328125 0.48125 0.034375 0.046875
0 0.3515625 0.659375 0.046875 0.10625
0 0.42578125 0.47421875 0.025 0.08125
0 0.4140625 0.46953125 0.0109375 0.071875
0 0.31796875 0.3609375 0.03125 0.065625
0 0.33671875 0.0359375 0.040625 0.05625
0 0.24296875 0.1921875 0.015625 0.09375
0 0.20546875 0.72578125 0.028125 0.053125
0 0.259375 0.69296875 0.0203125 0.046875
0 0.28046875 0.91640625 0.021875 0.065625
0 0.1125 0.68046875 0.015625 0.0625
0 0.14140625 0.78828125 0.0296875 0.0984375
0 0.22421875 0.5375 0.0359375 0.0984375
0 0.12265625 0.14609375 0.0265625 0.03125
0 0.1296875 0.0546875 0.0234375 0.0375
0 0.15859375 0.05234375 0.021875 0.040625
0 0.07109375 0.4828125 0.034375 0.059375
0 0.05390625 0.72890625 0.028125 0.0765625
0 0.04375 0.29609375 0.0171875 0.071875
0 0.01484375 0.203125 0.015625 0.090625