2 0.49765625 0.1421875 0.09140625 0.02890625
2 0.7234375 0.11484375 0.0828125 0.0375
2 0.628125 0.128125 0.0734375 0.0296875
2 0.275 0.13515625 0.05625 0.02421875
2 0.21328125 0.121875 0.0796875 0.03515625
2 0.05625 0.05703125 0.06640625 0.03828125
2 0.09375 0.0328125 0.05390625 0.03984375
2 0.0578125 0.12578125 0.040625 0.025
2 0.0421875 0.29140625 0.0375 0.04296875
2 0.06953125 0.2671875 0.0375 0.040625
2 0.0421875 0.334375 0.0328125 0.0375
2 0.1078125 0.32421875 0.05078125 0.03828125
2 0.4890625 0.37890625 0.06796875 0.034375
2 0.640625 0.3140625 0.103125 0.02421875
2 0.3015625 0.38515625 0.1 0.05
2 0.15703125 0.40703125 0.05703125 0.04609375
2 0.4 0.5875 0.05859375 0.03203125
2 0.65234375 0.4703125 0.0390625 0.03203125
2 0.1078125 0.6265625 0.0578125 0.02890625
2 0.09375 0.56015625 0.02734375 0.02421875
2 0.58671875 0.19765625 0.0796875 0.046875
2 0.709375 0.62109375 0.06328125 0.0515625
2 0.553125 0.70703125 0.05625 0.0421875
2 0.47421875 0.78359375 0.05859375 0.03984375
2 0.59375 0.96328125 0.096875 0.0328125
2 0.84140625 0.8296875 0.07421875 0.03203125
2 0.88359375 0.73046875 0.0859375 0.034375
2 0.04453125 0.909375 0.0890625 0.05390625
2 0.63671875 0.08359375 0.06640625 0.02265625
2 0.3328125 0.08359375 0.06953125 0.02109375
2 0.371875 0.10234375 0.053125 0.03515625
2 0.24765625 0.2125 0.059375 0.028125