0 0.06484375 0.64453125 0.0296875 0.0984375
0 0.06953125 0.49609375 0.021875 0.0859375
0 0.06875 0.9375 0.025 0.078125
0 0.0515625 0.92265625 0.0296875 0.075
0 0.12890625 0.96875 0.025 0.059375
0 0.2 0.76875 0.034375 0.075
0 0.15 0.6328125 0.03125 0.046875
0 0.165625 0.4328125 0.028125 0.078125
0 0.203125 0.459375 0.021875 0.075
0 0.20703125 0.3625 0.034375 0.075
0 0.175 0.05390625 0.025 0.084375
0 0.16328125 0.05546875 0.028125 0.096875
0 0.14453125 0.04453125 0.021875 0.08125
0 0.21953125 0.11328125 0.040625 0.053125
0 0.28984375 0.25546875 0.028125 0.059375
0 0.25625 0.590625 0.021875 0.0625
0 0.27578125 0.67109375 0.025 0.04375
0 0.24375 0.81171875 0.021875 0.0625
0 0.28515625 0.8625 0.01875 0.065625
0 0.35859375 0.51328125 0.025 0.053125
0 0.2484375 0.15 0.0265625 0.0625
0 0.59375 0.7453125 0.015625 0.0515625
0 0.609375 0.96171875 0.0203125 0.05625
0 0.5640625 0.3078125 0.025 0.06875
0 0.49921875 0.13359375 0.0375 0.046875
0 0.71640625 0.64140625 0.025 0.0578125
0 0.8125 0.5 0.021875 0.059375
0 0.79921875 0.6625 0.021875 0.0578125
0 0.77265625 0.74375 0.025 0.0515625
0 0.8046875 0.8921875 0.0265625 0.0578125
0 0.771875 0.85859375 0.021875 0.05
0 0.7640625 0.92734375 0.034375 0.0390625
0 0.853125 0.82265625 0.021875 0.05625
0 0.83046875 0.57109375 0.0234375 0.0578125
0 0.86796875 0.67734375 0.028125 0.0515625
0 0.8125 0.2796875 0.0203125 0.078125
0 0.78046875 0.2328125 0.025 0.0828125
0 0.80390625 0.17578125 0.015625 0.059375
0 0.87890625 0.20234375 0.025 0.059375
0 0.86328125 0.18125 0.01875 0.0640625
0 0.953125 0.54921875 0.025 0.084375
0 0.9453125 0.16328125 0.03125 0.0390625
0 0.9234375 0.86796875 0.03125 0.05625