0 0.17578125 0.1046875 0.05625 0.021875
0 0.23046875 0.07109375 0.065625 0.01953125
0 0.67734375 0.03671875 0.0625 0.0203125
0 0.51796875 0.06640625 0.0703125 0.0171875
0 0.67265625 0.109375 0.071875 0.02578125
0 0.47578125 0.1421875 0.0671875 0.021875
0 0.25703125 0.109375 0.05 0.02265625
0 0.3078125 0.140625 0.0671875 0.02734375
0 0.39453125 0.12265625 0.0515625 0.0171875
0 0.75 0.15078125 0.0859375 0.015625
0 0.79140625 0.225 0.065625 0.02109375
0 0.765625 0.275 0.0578125 0.02734375
0 0.57734375 0.2625 0.065625 0.02265625
0 0.42734375 0.275 0.0453125 0.02578125
0 0.34140625 0.26875 0.05 0.02109375
0 0.0515625 0.14609375 0.053125 0.01640625
0 0.378125 0.34921875 0.075 0.03046875
0 0.88046875 0.3796875 0.0484375 0.0359375
0 0.3359375 0.53828125 0.0515625 0.0296875
0 0.93515625 0.49765625 0.0453125 0.02734375
0 0.1375 0.5765625 0.0546875 0.028125
0 0.40625 0.57890625 0.046875 0.021875
0 0.48125 0.5171875 0.0625 0.02421875
0 0.41875 0.6453125 0.0625 0.025
0 0.41171875 0.71796875 0.0421875 0.02734375
0 0.16328125 0.71484375 0.046875 0.02578125
0 0.2296875 0.72109375 0.0390625 0.01875
0 0.053125 0.66796875 0.046875 0.03203125
0 0.3171875 0.74765625 0.0515625 0.028125
0 0.66484375 0.74375 0.053125 0.0203125
0 0.68125 0.70234375 0.0609375 0.02421875
0 0.21875 0.9078125 0.0421875 0.03359375
0 0.26015625 0.8734375 0.065625 0.02578125
0 0.15703125 0.8921875 0.04375 0.03125
0 0.184375 0.96171875 0.0546875 0.028125
0 0.7484375 0.91015625 0.0921875 0.02265625
0 0.69609375 0.8453125 0.071875 0.02421875
0 0.8203125 0.7984375 0.05625 0.01953125
0 0.04765625 0.96171875 0.0546875 0.02890625