0 0.60859375 0.08359375 0.0640625 0.02265625
0 0.4109375 0.07421875 0.0859375 0.025
0 0.47890625 0.02421875 0.06015625 0.01875
0 0.434375 0.190625 0.09453125 0.025
0 0.21328125 0.15 0.0625 0.02890625
0 0.0484375 0.25625 0.0578125 0.02421875
0 0.05546875 0.22734375 0.06875 0.0265625
0 0.3265625 0.27734375 0.09453125 0.0203125
0 0.48515625 0.23984375 0.0625 0.0265625
0 0.5140625 0.29296875 0.07109375 0.03984375
0 0.78046875 0.24453125 0.08125 0.03671875
0 0.7859375 0.21484375 0.0640625 0.02421875
0 0.83203125 0.19140625 0.07109375 0.0421875
0 0.83203125 0.365625 0.0515625 0.03359375
0 0.825 0.48046875 0.08125 0.028125
0 0.82578125 0.425 0.07734375 0.02421875
0 0.7484375 0.528125 0.08203125 0.025
0 0.68671875 0.525 0.06484375 0.0359375
0 0.34453125 0.5015625 0.06875 0.0296875
0 0.171875 0.459375 0.046875 0.02421875
0 0.1171875 0.50546875 0.06171875 0.03359375
0 0.18671875 0.646875 0.0640625 0.0328125
0 0.5109375 0.58359375 0.05546875 0.0234375
0 0.44296875 0.60390625 0.0578125 0.02109375
0 0.43203125 0.6796875 0.05078125 0.03046875
0 0.265625 0.73828125 0.06640625 0.02890625
0 0.39453125 0.78984375 0.046875 0.0265625
0 0.71640625 0.73359375 0.05625 0.02421875
0 0.73828125 0.7703125 0.04765625 0.0265625
0 0.59765625 0.83984375 0.059375 0.0234375
0 0.67578125 0.87421875 0.05078125 0.028125
0 0.2640625 0.859375 0.04921875 0.0390625
0 0.26953125 0.89609375 0.06796875 0.0234375
0 0.44296875 0.9671875 0.07890625 0.0328125
0 0.5484375 0.92578125 0.06640625 0.028125