2 0.23515625 0.85078125 0.05625 0.028125
2 0.115625 0.83046875 0.0625 0.015625
2 0.05234375 0.846875 0.0359375 0.0328125
2 0.23359375 0.803125 0.05625 0.01875
2 0.17421875 0.74765625 0.05625 0.025
2 0.615625 0.7265625 0.0515625 0.03125
2 0.6125 0.71328125 0.0546875 0.021875
2 0.92734375 0.69375 0.0609375 0.034375
2 0.6609375 0.5953125 0.0515625 0.03125
2 0.51484375 0.62421875 0.034375 0.0265625
2 0.54765625 0.575 0.046875 0.0296875
2 0.4125 0.58125 0.04375 0.034375
2 0.4484375 0.54765625 0.053125 0.01875
2 0.19609375 0.56484375 0.0453125 0.025
2 0.4890625 0.45390625 0.05 0.0234375
2 0.5875 0.45859375 0.0578125 0.028125
2 0.828125 0.45546875 0.0328125 0.0140625
2 0.96953125 0.5734375 0.05 0.028125
2 0.9125 0.42421875 0.04375 0.025
2 0.84765625 0.35625 0.0375 0.0234375
2 0.5484375 0.35859375 0.071875 0.025
2 0.15859375 0.36640625 0.0875 0.0328125
2 0.8078125 0.25234375 0.0375 0.028125
2 0.92421875 0.25546875 0.0578125 0.028125
2 0.74765625 0.196875 0.065625 0.0203125
2 0.78828125 0.159375 0.059375 0.025
2 0.88203125 0.1421875 0.0546875 0.01875
2 0.52890625 0.10078125 0.04375 0.0125
2 0.38359375 0.15 0.084375 0.01875
2 0.17734375 0.121875 0.0890625 0.015625
2 0.25625 0.08671875 0.0625 0.0234375
2 0.05546875 0.2125 0.0578125 0.0375
2 0.0609375 0.18984375 0.053125 0.0125
2 0.39375 0.2078125 0.04375 0.028125
2 0.4359375 0.215625 0.03125 0.015625
2 0.459375 0.18046875 0.059375 0.0203125
2 0.25234375 0.17421875 0.0421875 0.021875
2 0.315625 0.246875 0.05 0.01875