0 0.31015625 0.05234375 0.0625 0.021875
0 0.37421875 0.05625 0.028125 0.015625
0 0.43203125 0.025 0.0609375 0.01875
0 0.7796875 0.1265625 0.0828125 0.021875
0 0.41796875 0.2234375 0.065625 0.028125
0 0.49453125 0.28828125 0.06875 0.021875
0 0.5125 0.2765625 0.046875 0.021875
0 0.54921875 0.23203125 0.046875 0.03125
0 0.2421875 0.20234375 0.090625 0.0265625
0 0.2859375 0.103125 0.0625 0.0265625
0 0.0703125 0.12578125 0.0765625 0.01875
0 0.03359375 0.2359375 0.05 0.028125
0 0.1046875 0.2265625 0.046875 0.0265625
0 0.95390625 0.33125 0.0625 0.0265625
0 0.79140625 0.334375 0.05 0.025
0 0.47578125 0.396875 0.0671875 0.025
0 0.41484375 0.403125 0.059375 0.028125
0 0.62265625 0.51328125 0.05625 0.034375
0 0.47109375 0.6234375 0.03125 0.028125
0 0.51015625 0.60546875 0.0390625 0.0234375
0 0.8625 0.61328125 0.05 0.021875
0 0.728125 0.59609375 0.05625 0.025
0 0.6359375 0.62109375 0.034375 0.021875
0 0.6234375 0.6546875 0.05 0.028125
0 0.46171875 0.684375 0.040625 0.0203125
0 0.0671875 0.765625 0.05625 0.0203125
0 0.05625 0.7453125 0.040625 0.0140625
0 0.0671875 0.61796875 0.0421875 0.025
0 0.27109375 0.8671875 0.028125 0.025
0 0.14140625 0.85703125 0.05 0.03125
0 0.09296875 0.83828125 0.028125 0.021875
0 0.0296875 0.8421875 0.0375 0.015625
0 0.63359375 0.84375 0.0375 0.01875
0 0.93359375 0.7421875 0.0578125 0.021875