0 0.12421875 0.078125 0.053125 0.04375
0 0.1125 0.33984375 0.04375 0.0515625
0 0.0234375 0.63203125 0.028125 0.090625
0 0.11875 0.55078125 0.021875 0.0421875
0 0.15703125 0.1671875 0.0171875 0.0671875
0 0.25 0.0890625 0.0328125 0.0546875
0 0.1375 0.4453125 0.0234375 0.084375
0 0.146875 0.90546875 0.028125 0.034375
0 0.13671875 0.9453125 0.03125 0.05
0 0.14375 0.775 0.01875 0.0578125
0 0.13515625 0.83515625 0.01875 0.053125
0 0.25546875 0.86015625 0.0171875 0.05
0 0.19375 0.96875 0.0203125 0.0625
0 0.22265625 0.50859375 0.025 0.040625
0 0.18359375 0.4671875 0.0265625 0.06875
0 0.28203125 0.0296875 0.028125 0.05625
0 0.34140625 0.2296875 0.0296875 0.05
0 0.33828125 0.3125 0.021875 0.065625
0 0.346875 0.68828125 0.0203125 0.0625
0 0.32890625 0.7296875 0.0234375 0.053125
0 0.4265625 0.76484375 0.0265625 0.0421875
0 0.3859375 0.8421875 0.01875 0.0515625
0 0.37890625 0.975 0.01875 0.0375
0 0.359375 0.965625 0.0171875 0.0390625
0 0.41328125 0.96484375 0.021875 0.0296875
0 0.565625 0.909375 0.021875 0.034375
0 0.6609375 0.8984375 0.0265625 0.04375
0 0.51484375 0.27109375 0.01875 0.0390625
0 0.49375 0.278125 0.015625 0.0640625
0 0.4640625 0.059375 0.015625 0.0609375
0 0.546875 0.21953125 0.015625 0.0546875
0 0.634375 0.496875 0.025 0.065625
0 0.6796875 0.315625 0.03125 0.040625
0 0.8046875 0.24765625 0.021875 0.059375
0 0.85546875 0.33203125 0.025 0.0484375
0 0.85546875 0.4171875 0.015625 0.0453125
0 0.82421875 0.33359375 0.021875 0.053125
0 0.9125 0.3421875 0.0265625 0.05
0 0.9828125 0.4671875 0.025 0.05625
0 0.9515625 0.503125 0.025 0.08125
0 0.815625 0.74921875 0.028125 0.05625
0 0.5171875 0.846875 0.0328125 0.05
0 0.76328125 0.83046875 0.015625 0.06875
0 0.4390625 0.41953125 0.015625 0.0546875