0 0.825 0.05546875 0.03046875 0.02265625
0 0.8890625 0.0515625 0.04765625 0.02890625
0 0.5234375 0.2296875 0.0421875 0.02578125
0 0.06796875 0.13359375 0.05625 0.0296875
0 0.390625 0.34453125 0.04453125 0.0421875
0 0.71796875 0.33359375 0.06640625 0.0390625
0 0.93125 0.31328125 0.04453125 0.02421875
0 0.77734375 0.21796875 0.05234375 0.034375
0 0.76640625 0.15 0.0640625 0.0234375
0 0.0671875 0.4234375 0.04296875 0.02734375
0 0.15625 0.48828125 0.04140625 0.01953125
0 0.0359375 0.578125 0.04140625 0.02265625
0 0.16875 0.5375 0.06328125 0.02421875
0 0.72265625 0.57109375 0.0484375 0.02734375
0 0.94140625 0.71171875 0.05703125 0.02734375
0 0.35859375 0.8765625 0.04375 0.0234375
0 0.440625 0.90625 0.05546875 0.02578125
0 0.5734375 0.91171875 0.05234375 0.01796875
0 0.20859375 0.9515625 0.0328125 0.02109375
0 0.1203125 0.8265625 0.07265625 0.02265625
0 0.1671875 0.7578125 0.03671875 0.04140625
0 0.21953125 0.69609375 0.06953125 0.02421875
0 0.315625 0.7671875 0.053125 0.0171875
0 0.5046875 0.7734375 0.0671875 0.02734375
0 0.38671875 0.74140625 0.06171875 0.02890625
0 0.35859375 0.54765625 0.053125 0.03359375
0 0.271875 0.503125 0.05 0.02890625
0 0.590625 0.6078125 0.0609375 0.03671875
0 0.77265625 0.50546875 0.0640625 0.04453125
0 0.39140625 0.1125 0.0796875 0.03125
0 0.23359375 0.81875 0.05546875 0.0125
0 0.38671875 0.80078125 0.04609375 0.02421875
0 0.63359375 0.8375 0.06484375 0.01640625