0 0.11171875 0.6703125 0.01875 0.040625
0 0.05390625 0.18828125 0.03125 0.0421875
0 0.05 0.03828125 0.0265625 0.0203125
0 0.15078125 0.23125 0.021875 0.0625
0 0.22578125 0.171875 0.034375 0.034375
0 0.14140625 0.9296875 0.025 0.06875
0 0.1109375 0.89453125 0.0203125 0.053125
0 0.1203125 0.44453125 0.0375 0.059375
0 0.23359375 0.49140625 0.021875 0.08125
0 0.315625 0.31328125 0.0265625 0.084375
0 0.32890625 0.6 0.025 0.059375
0 0.34609375 0.08828125 0.0234375 0.059375
0 0.4265625 0.9484375 0.034375 0.0359375
0 0.4234375 0.875 0.0265625 0.0625
0 0.49921875 0.73984375 0.028125 0.05625
0 0.53984375 0.84609375 0.025 0.0625
0 0.5953125 0.325 0.046875 0.0625
0 0.55625 0.30625 0.025 0.1015625
0 0.49921875 0.24765625 0.028125 0.078125
0 0.6796875 0.74140625 0.040625 0.05
0 0.7765625 0.78671875 0.0359375 0.05625
0 0.83046875 0.9421875 0.0328125 0.04375
0 0.87890625 0.7171875 0.0359375 0.059375
0 0.89609375 0.6421875 0.0125 0.04375
0 0.92578125 0.56171875 0.021875 0.065625
0 0.83828125 0.39296875 0.034375 0.065625
0 0.7375 0.615625 0.015625 0.0625
0 0.53828125 0.6328125 0.03125 0.05
0 0.7765625 0.45 0.0296875 0.053125