0 0.9515625 0.02578125 0.0234375 0.05
0 0.99453125 0.48671875 0.0109375 0.08125
0 0.928125 0.39453125 0.0296875 0.078125
0 0.9890625 0.79921875 0.021875 0.059375
0 0.9703125 0.94296875 0.0203125 0.040625
0 0.97421875 0.984375 0.0359375 0.03125
0 0.93515625 0.815625 0.028125 0.040625
0 0.85 0.625 0.01875 0.06875
0 0.86953125 0.74609375 0.0140625 0.059375
0 0.87578125 0.9546875 0.028125 0.059375
0 0.86484375 0.4140625 0.028125 0.075
0 0.8234375 0.28515625 0.0234375 0.06875
0 0.846875 0.48828125 0.021875 0.059375
0 0.80390625 0.63671875 0.0296875 0.065625
0 0.75859375 0.96875 0.025 0.0484375
0 0.77265625 0.31015625 0.028125 0.0625
0 0.725 0.08203125 0.01875 0.071875
0 0.64765625 0.34453125 0.034375 0.075
0 0.61953125 0.73984375 0.01875 0.071875
0 0.4984375 0.41328125 0.021875 0.05
0 0.54140625 0.840625 0.01875 0.0625
0 0.546875 0.95546875 0.0203125 0.071875
0 0.5625 0.59765625 0.028125 0.046875
0 0.3796875 0.5359375 0.021875 0.053125
0 0.42890625 0.11640625 0.021875 0.053125
0 0.38125 0.1 0.03125 0.040625
0 0.3953125 0.0265625 0.021875 0.053125
0 0.29921875 0.53671875 0.021875 0.046875
0 0.28515625 0.29140625 0.025 0.028125
0 0.26171875 0.3625 0.01875 0.05625
0 0.246875 0.4671875 0.028125 0.040625
0 0.23515625 0.534375 0.025 0.0375
0 0.21796875 0.69296875 0.025 0.046875
0 0.090625 0.371875 0.01875 0.0640625
0 0.0984375 0.7203125 0.015625 0.05625
0 0.1546875 0.465625 0.015625 0.059375
0 0.15703125 0.53203125 0.015625 0.0609375
0 0.21875 0.815625 0.021875 0.04375
0 0.1328125 0.86171875 0.025 0.03125
0 0.12578125 0.1109375 0.01875 0.05625
0 0.1875 0.18359375 0.015625 0.05625
0 0.4125 0.58125 0.0203125 0.075
0 0.340625 0.93203125 0.021875 0.05
0 0.1921875 0.51484375 0.01875 0.04375
0 0.18984375 0.58828125 0.0140625 0.0515625