0 0.10625 0.24453125 0.025 0.0875
0 0.05625 0.20625 0.021875 0.0828125
0 0.02734375 0.27265625 0.028125 0.071875
0 0.13828125 0.25390625 0.025 0.053125
0 0.1828125 0.5734375 0.028125 0.071875
0 0.1203125 0.93515625 0.0375 0.0578125
0 0.18515625 0.34609375 0.0296875 0.078125
0 0.1125 0.4171875 0.0296875 0.05
0 0.04375 0.403125 0.0328125 0.0703125
0 0.2 0.7515625 0.025 0.071875
0 0.2484375 0.96015625 0.0265625 0.078125
0 0.29453125 0.51953125 0.0453125 0.075
0 0.36953125 0.325 0.0375 0.071875
0 0.36640625 0.634375 0.03125 0.075
0 0.5125 0.690625 0.0234375 0.0703125
0 0.5015625 0.828125 0.03125 0.0859375
0 0.44375 0.5328125 0.034375 0.071875
0 0.49375 0.578125 0.028125 0.075
0 0.5609375 0.73046875 0.028125 0.0875
0 0.8234375 0.93125 0.034375 0.0859375
0 0.5953125 0.92578125 0.01875 0.053125
0 0.78359375 0.775 0.0296875 0.06875
0 0.87734375 0.72109375 0.034375 0.0625
0 0.61484375 0.3609375 0.028125 0.065625
0 0.76640625 0.6296875 0.025 0.078125
0 0.8578125 0.59453125 0.0234375 0.08125
0 0.83515625 0.78203125 0.03125 0.0859375
0 0.8828125 0.90390625 0.03125 0.071875