0 0.7984375 0.06015625 0.0703125 0.03828125
0 0.471875 0.08046875 0.11171875 0.0265625
0 0.553125 0.12109375 0.06640625 0.0234375
0 0.32265625 0.10546875 0.06953125 0.01953125
0 0.47734375 0.16171875 0.065625 0.02890625
0 0.12109375 0.06640625 0.0796875 0.025
0 0.2640625 0.01953125 0.0734375 0.028125
0 0.05 0.1390625 0.0359375 0.028125
0 0.1109375 0.22109375 0.08828125 0.028125
0 0.028125 0.18515625 0.05625 0.040625
0 0.046875 0.25546875 0.06640625 0.03359375
0 0.759375 0.115625 0.053125 0.021875
0 0.403125 0.3234375 0.08125 0.0359375
0 0.83515625 0.33828125 0.0640625 0.03828125
0 0.41328125 0.625 0.0625 0.01953125
0 0.17265625 0.6640625 0.0515625 0.021875
0 0.0234375 0.75 0.046875 0.028125
0 0.35234375 0.78046875 0.0546875 0.03203125
0 0.4 0.878125 0.04921875 0.0375
0 0.65390625 0.8671875 0.07734375 0.02890625
0 0.15546875 0.875 0.0828125 0.02109375
0 0.2234375 0.9515625 0.06015625 0.0296875
0 0.3203125 0.140625 0.0625 0.02265625