0 0.93359375 0.7734375 0.021875 0.078125
0 0.83828125 0.8453125 0.0296875 0.0734375
0 0.8390625 0.64765625 0.034375 0.059375
0 0.840625 0.57890625 0.025 0.0671875
0 0.8515625 0.23359375 0.028125 0.046875
0 0.91953125 0.10859375 0.015625 0.0609375
0 0.8765625 0.2125 0.021875 0.08125
0 0.76953125 0.1703125 0.0171875 0.046875
0 0.80078125 0.37734375 0.0265625 0.06875
0 0.80859375 0.19609375 0.01875 0.05
0 0.8 0.09765625 0.0203125 0.046875
0 0.81015625 0.94921875 0.025 0.084375
0 0.8015625 0.76171875 0.0203125 0.0484375
0 0.76171875 0.521875 0.0234375 0.046875
0 0.740625 0.45234375 0.0234375 0.05
0 0.71328125 0.1625 0.0171875 0.071875
0 0.67578125 0.159375 0.025 0.053125
0 0.68203125 0.7046875 0.025 0.034375
0 0.52578125 0.59765625 0.01875 0.0578125
0 0.59140625 0.35703125 0.03125 0.046875
0 0.5015625 0.19453125 0.0171875 0.05625
0 0.50234375 0.14375 0.028125 0.0578125
0 0.525 0.09765625 0.0375 0.04375
0 0.446875 0.94765625 0.0171875 0.06875
0 0.44765625 0.81640625 0.021875 0.0578125
0 0.4015625 0.40703125 0.025 0.05625
0 0.36015625 0.4140625 0.028125 0.0546875
0 0.36953125 0.41484375 0.01875 0.06875
0 0.3671875 0.51953125 0.0328125 0.0859375
0 0.37421875 0.74921875 0.01875 0.06875
0 0.29609375 0.69609375 0.028125 0.05625
0 0.275 0.64765625 0.028125 0.0578125
0 0.30546875 0.81484375 0.025 0.053125
0 0.26953125 0.83671875 0.021875 0.053125
0 0.2359375 0.7671875 0.028125 0.0703125
0 0.30859375 0.18984375 0.0265625 0.046875
0 0.25546875 0.35859375 0.015625 0.0546875
0 0.19765625 0.271875 0.021875 0.0640625
0 0.19453125 0.23671875 0.025 0.053125
0 0.1625 0.59921875 0.025 0.06875
0 0.1546875 0.5109375 0.025 0.06875
0 0.16875 0.8 0.03125 0.04375
0 0.16484375 0.75390625 0.03125 0.0625
0 0.440625 0.13515625 0.03125 0.05
0 0.3296875 0.02421875 0.03125 0.0359375
0 0.278125 0.0875 0.025 0.028125
0 0.12734375 0.61015625 0.025 0.06875
0 0.09765625 0.20859375 0.021875 0.06875
0 0.0640625 0.975 0.0296875 0.05
0 0.14921875 0.93359375 0.01875 0.0484375