0 0.97578125 0.62734375 0.0375 0.0859375
0 0.93203125 0.7796875 0.0453125 0.1125
0 0.903125 0.64140625 0.046875 0.1015625
0 0.87265625 0.7015625 0.025 0.078125
0 0.88984375 0.53125 0.021875 0.0546875
0 0.94140625 0.21640625 0.0234375 0.0765625
0 0.9234375 0.17421875 0.025 0.084375
0 0.871875 0.28671875 0.03125 0.05
0 0.90234375 0.1125 0.025 0.0890625
0 0.78671875 0.403125 0.03125 0.075
0 0.7359375 0.86015625 0.0265625 0.05625
0 0.65859375 0.4875 0.034375 0.0421875
0 0.65546875 0.38515625 0.021875 0.04375
0 0.73203125 0.240625 0.040625 0.0734375
0 0.66953125 0.04609375 0.0265625 0.059375
0 0.65390625 0.015625 0.0234375 0.03125
0 0.6734375 0.29375 0.028125 0.0375
0 0.590625 0.596875 0.028125 0.053125
0 0.590625 0.05546875 0.025 0.0484375
0 0.50390625 0.66015625 0.025 0.06875
0 0.4734375 0.9171875 0.025 0.084375
0 0.4359375 0.359375 0.028125 0.059375
0 0.45234375 0.02890625 0.028125 0.053125
0 0.371875 0.340625 0.021875 0.065625
0 0.31796875 0.21796875 0.03125 0.0546875
0 0.3375 0.2921875 0.025 0.053125
0 0.33125 0.328125 0.021875 0.0625
0 0.334375 0.640625 0.0296875 0.059375
0 0.4703125 0.6234375 0.025 0.059375
0 0.33046875 0.753125 0.015625 0.0375
0 0.2265625 0.74375 0.028125 0.0734375
0 0.24296875 0.31015625 0.021875 0.071875
0 0.21171875 0.0765625 0.021875 0.05
0 0.16171875 0.23515625 0.0328125 0.05625
0 0.1625 0.1453125 0.025 0.046875
0 0.16875 0.06875 0.028125 0.06875
0 0.1046875 0.52890625 0.025 0.05625
0 0.121875 0.0703125 0.015625 0.053125
0 0.140625 0.57109375 0.0265625 0.0734375
0 0.18515625 0.48359375 0.03125 0.075
0 0.09609375 0.72734375 0.028125 0.046875
0 0.10859375 0.55546875 0.01875 0.065625
0 0.03203125 0.328125 0.025 0.090625
0 0.05703125 0.4171875 0.025 0.05625
0 0.1453125 0.3234375 0.0171875 0.05
0 0.15390625 0.3734375 0.034375 0.075