0 0.32109375 0.03125 0.0765625 0.0296875
0 0.53359375 0.0703125 0.075 0.0296875
0 0.3234375 0.0921875 0.071875 0.025
0 0.353125 0.0875 0.065625 0.021875
0 0.18359375 0.0078125 0.08125 0.015625
0 0.23671875 0.125 0.0609375 0.025
0 0.0421875 0.1484375 0.05625 0.0234375
0 0.4234375 0.1609375 0.05 0.028125
0 0.5765625 0.190625 0.0609375 0.025
0 0.8046875 0.23984375 0.0546875 0.025
0 0.6984375 0.28046875 0.04375 0.0328125
0 0.4203125 0.24765625 0.05 0.0203125
0 0.44140625 0.240625 0.065625 0.015625
0 0.4078125 0.2859375 0.0640625 0.015625
0 0.28984375 0.21640625 0.046875 0.015625
0 0.94921875 0.2328125 0.05 0.034375
0 0.621875 0.23125 0.0609375 0.01875
0 0.6828125 0.1421875 0.05 0.0203125
0 0.91796875 0.16171875 0.05 0.0203125
0 0.71484375 0.33984375 0.034375 0.0375
0 0.5609375 0.38515625 0.059375 0.025
0 0.8484375 0.38359375 0.0734375 0.025
0 0.8265625 0.4515625 0.040625 0.0375
0 0.64609375 0.46796875 0.0609375 0.0203125
0 0.31328125 0.45078125 0.0703125 0.0234375
0 0.05 0.6046875 0.065625 0.028125
0 0.1921875 0.5875 0.0625 0.021875
0 0.69375 0.56875 0.0609375 0.0203125
0 0.0234375 0.6984375 0.046875 0.040625
0 0.4296875 0.82109375 0.034375 0.0375
0 0.43984375 0.81015625 0.059375 0.021875
0 0.275 0.75625 0.05625 0.015625
0 0.346875 0.84296875 0.06875 0.01875
0 0.56015625 0.8375 0.0734375 0.0234375
0 0.55078125 0.8140625 0.0546875 0.021875
0 0.66484375 0.82421875 0.08125 0.025
0 0.76171875 0.89921875 0.065625 0.021875
0 0.1625 0.9515625 0.0625 0.0265625
0 0.6828125 0.77890625 0.0625 0.0203125
0 0.74375 0.69453125 0.059375 0.028125