0 0.90390625 0.0671875 0.0796875 0.0234375
0 0.9734375 0.1171875 0.053125 0.0359375
0 0.87890625 0.1265625 0.06171875 0.028125
0 0.83515625 0.14296875 0.06015625 0.02578125
0 0.43046875 0.04921875 0.0921875 0.0390625
0 0.21875 0.0140625 0.09140625 0.0265625
0 0.090625 0.02109375 0.0796875 0.01796875
0 0.34609375 0.11171875 0.05859375 0.0265625
0 0.24765625 0.1265625 0.07109375 0.02109375
0 0.19921875 0.08515625 0.059375 0.0296875
0 0.08828125 0.134375 0.0859375 0.0265625
0 0.04921875 0.1625 0.09765625 0.0296875
0 0.334375 0.22109375 0.06171875 0.0328125
0 0.315625 0.1421875 0.04140625 0.02890625
0 0.56015625 0.26171875 0.0671875 0.0359375
0 0.6703125 0.2875 0.0453125 0.0171875
0 0.678125 0.33359375 0.07421875 0.02265625
0 0.25859375 0.271875 0.06953125 0.04453125
0 0.36171875 0.3546875 0.06796875 0.0453125
0 0.7140625 0.4609375 0.0828125 0.0359375
0 0.2375 0.6234375 0.046875 0.03671875
0 0.14921875 0.596875 0.08046875 0.02109375
0 0.3921875 0.5828125 0.0640625 0.025
0 0.29140625 0.5734375 0.05 0.0359375
0 0.85625 0.60390625 0.0546875 0.02890625
0 0.7484375 0.67265625 0.05625 0.03671875
0 0.5765625 0.6796875 0.0765625 0.025
0 0.078125 0.68203125 0.05859375 0.01875
0 0.08984375 0.703125 0.0578125 0.02109375
0 0.52734375 0.75078125 0.078125 0.02578125
0 0.65390625 0.74453125 0.0453125 0.02265625
0 0.409375 0.7765625 0.0484375 0.0234375
0 0.79765625 0.8015625 0.0421875 0.02421875
0 0.79296875 0.83828125 0.05859375 0.025
0 0.95078125 0.89609375 0.06171875 0.0265625
0 0.85546875 0.903125 0.05078125 0.02734375
0 0.68359375 0.81015625 0.075 0.01796875
0 0.28828125 0.8484375 0.0734375 0.01953125
0 0.265625 0.86875 0.06796875 0.01796875
0 0.3015625 0.8765625 0.08828125 0.01953125
0 0.20390625 0.78359375 0.0609375 0.02734375
0 0.26953125 0.80546875 0.0375 0.02265625
0 0.14140625 0.8375 0.05546875 0.0171875
0 0.05859375 0.84921875 0.103125 0.01953125
0 0.2328125 0.95 0.07578125 0.03125
0 0.15078125 0.959375 0.07890625 0.0296875
0 0.4828125 0.9234375 0.06796875 0.0265625
0 0.62578125 0.9734375 0.0546875 0.0265625