0 0.1125 0.0234375 0.04765625 0.0328125
0 0.39296875 0.084375 0.07109375 0.02734375
0 0.46328125 0.13125 0.0625 0.021875
0 0.128125 0.13828125 0.05703125 0.0234375
0 0.0890625 0.19140625 0.05546875 0.028125
0 0.33515625 0.18125 0.0609375 0.01796875
0 0.60390625 0.16015625 0.04375 0.02265625
0 0.503125 0.22734375 0.0484375 0.028125
0 0.759375 0.1125 0.05703125 0.02890625
0 0.97421875 0.04765625 0.0515625 0.0234375
0 0.9140625 0.1859375 0.05 0.025
0 0.846875 0.125 0.0546875 0.02265625
0 0.0171875 0.225 0.034375 0.03515625
0 0.19765625 0.26875 0.0453125 0.0390625
0 0.85703125 0.359375 0.08125 0.021875
0 0.815625 0.3984375 0.0671875 0.01875
0 0.79765625 0.37734375 0.0578125 0.0203125
0 0.315625 0.44609375 0.04296875 0.02421875
0 0.37109375 0.4203125 0.03203125 0.0296875
0 0.02109375 0.42890625 0.0421875 0.0234375
0 0.18984375 0.35 0.06015625 0.02421875
0 0.2640625 0.5 0.059375 0.021875
0 0.15625 0.521875 0.0609375 0.01328125
0 0.221875 0.55546875 0.053125 0.0234375
0 0.25078125 0.528125 0.04921875 0.0203125
0 0.4984375 0.625 0.04765625 0.021875
0 0.4484375 0.64375 0.0609375 0.01796875
0 0.34296875 0.5453125 0.04453125 0.0234375
0 0.828125 0.47421875 0.03359375 0.02578125
0 0.95625 0.4203125 0.04609375 0.03203125
0 0.940625 0.565625 0.0453125 0.02109375
0 0.23359375 0.72890625 0.03984375 0.03125
0 0.0296875 0.68984375 0.05234375 0.02890625
0 0.89765625 0.65078125 0.05390625 0.03046875
0 0.57109375 0.725 0.065625 0.02421875
0 0.5203125 0.78671875 0.05859375 0.0296875
0 0.68984375 0.8125 0.046875 0.03125
0 0.26640625 0.86484375 0.0609375 0.028125
0 0.4546875 0.8296875 0.05390625 0.02578125
0 0.38671875 0.81796875 0.05390625 0.01953125
0 0.05703125 0.93984375 0.05390625 0.02421875
0 0.15546875 0.87265625 0.06484375 0.0265625
0 0.296875 0.953125 0.0609375 0.0265625
0 0.71640625 0.9453125 0.05234375 0.02578125
0 0.3671875 0.1125 0.0515625 0.01953125
0 0.734375 0.16015625 0.07734375 0.01953125