0 0.30625 0.29765625 0.05 0.128125
0 0.4265625 0.41796875 0.0234375 0.05
0 0.30703125 0.5828125 0.028125 0.0859375
0 0.2625 0.4 0.025 0.04375
0 0.2078125 0.453125 0.021875 0.0828125
0 0.2234375 0.88828125 0.025 0.065625
0 0.1921875 0.84609375 0.01875 0.05
0 0.23828125 0.71484375 0.0296875 0.046875
0 0.15234375 0.5671875 0.021875 0.046875
0 0.175 0.5953125 0.021875 0.0640625
0 0.1421875 0.71953125 0.028125 0.053125
0 0.1359375 0.87734375 0.021875 0.0625
0 0.075 0.828125 0.03125 0.04375
0 0.06171875 0.9765625 0.01875 0.0390625
0 0.04765625 0.8390625 0.0109375 0.05
0 0.03515625 0.58984375 0.01875 0.06875
0 0.1234375 0.2875 0.0171875 0.10625
0 0.06875 0.478125 0.021875 0.0625
0 0.015625 0.3125 0.0234375 0.028125
0 0.1625 0.3890625 0.0296875 0.040625
0 0.309375 0.06015625 0.025 0.11875
0 0.55078125 0.265625 0.028125 0.05
0 0.5828125 0.22890625 0.046875 0.078125
0 0.64921875 0.6375 0.040625 0.1015625
0 0.75859375 0.69296875 0.034375 0.065625
0 0.8171875 0.75625 0.025 0.05
0 0.8125 0.8734375 0.028125 0.0625
0 0.76640625 0.43125 0.0265625 0.05
0 0.7921875 0.42890625 0.03125 0.046875
0 0.7234375 0.4140625 0.0296875 0.0484375
0 0.684375 0.346875 0.0328125 0.046875
0 0.671875 0.20703125 0.021875 0.065625
0 0.70078125 0.05859375 0.0296875 0.0546875
0 0.6453125 0.0921875 0.021875 0.084375
0 0.778125 0.0921875 0.025 0.046875
0 0.79453125 0.0578125 0.025 0.0453125
0 0.8203125 0.08125 0.01875 0.075
0 0.828125 0.1671875 0.0296875 0.059375
0 0.84765625 0.278125 0.028125 0.053125
0 0.79921875 0.240625 0.028125 0.078125
0 0.9390625 0.63984375 0.040625 0.065625
0 0.9625 0.815625 0.028125 0.084375
0 0.94375 0.8515625 0.028125 0.0765625
0 0.88359375 0.96328125 0.021875 0.0734375
0 0.9015625 0.95 0.01875 0.06875
0 0.871875 0.8828125 0.015625 0.059375
0 0.9515625 0.06015625 0.04375 0.1203125
0 0.878125 0.15859375 0.025 0.0734375
0 0.89921875 0.15 0.021875 0.0609375