0 0.41484375 0.05859375 0.0875 0.0296875
0 0.225 0.09765625 0.08125 0.0265625
0 0.15390625 0.1375 0.065625 0.0328125
0 0.45 0.12421875 0.071875 0.0328125
0 0.56640625 0.24765625 0.0796875 0.040625
0 0.87265625 0.25234375 0.0890625 0.025
0 0.3296875 0.2796875 0.0671875 0.021875
0 0.34375 0.28984375 0.05 0.021875
0 0.4515625 0.47578125 0.0765625 0.028125
0 0.11328125 0.51328125 0.0828125 0.028125
0 0.06171875 0.4875 0.065625 0.028125
0 0.15859375 0.52734375 0.0515625 0.025
0 0.22578125 0.62109375 0.0546875 0.04375
0 0.6265625 0.65 0.071875 0.03125
0 0.6859375 0.65390625 0.04375 0.0328125
0 0.73046875 0.584375 0.059375 0.03125
0 0.796875 0.5109375 0.05625 0.040625
0 0.70078125 0.49296875 0.075 0.0296875
0 0.90859375 0.72265625 0.0453125 0.04375
0 0.25234375 0.6625 0.0734375 0.0234375
0 0.29609375 0.646875 0.059375 0.0234375
0 0.15546875 0.734375 0.0671875 0.028125
0 0.21328125 0.7625 0.0546875 0.03125
0 0.07265625 0.71015625 0.0515625 0.034375
0 0.140625 0.7953125 0.08125 0.03125
0 0.225 0.81484375 0.0625 0.028125
0 0.221875 0.8421875 0.0921875 0.03125
0 0.553125 0.90390625 0.10625 0.0234375
0 0.7421875 0.85859375 0.065625 0.040625
0 0.64609375 0.8328125 0.0640625 0.03125
0 0.59296875 0.78203125 0.090625 0.025
0 0.903125 0.95078125 0.084375 0.040625
0 0.47734375 0.95859375 0.08125 0.0265625
0 0.1125 0.9359375 0.0609375 0.021875
0 0.09375 0.91953125 0.0875 0.0296875