0 0.2234375 0.0140625 0.0515625 0.021875
0 0.17265625 0.06875 0.0375 0.021875
0 0.5265625 0.11953125 0.0515625 0.025
0 0.51328125 0.078125 0.078125 0.040625
0 0.7890625 0.03359375 0.084375 0.0375
0 0.4953125 0.23046875 0.071875 0.028125
0 0.31796875 0.2125 0.028125 0.025
0 0.1515625 0.26875 0.0375 0.04375
0 0.24140625 0.35 0.05 0.028125
0 0.6078125 0.35390625 0.0484375 0.0296875
0 0.89296875 0.34765625 0.015625 0.01875
0 0.93828125 0.41875 0.0625 0.021875
0 0.73515625 0.4953125 0.06875 0.0375
0 0.8234375 0.5359375 0.05625 0.01875
0 0.784375 0.5796875 0.05625 0.0359375
0 0.4421875 0.596875 0.0375 0.03125
0 0.3765625 0.60546875 0.065625 0.0359375
0 0.23984375 0.61328125 0.04375 0.0203125
0 0.109375 0.5984375 0.04375 0.03125
0 0.06796875 0.3703125 0.046875 0.03125
0 0.796875 0.8203125 0.040625 0.015625
0 0.70625 0.8375 0.059375 0.028125
0 0.546875 0.88515625 0.0546875 0.025
0 0.54765625 0.86328125 0.059375 0.025
0 0.721875 0.9578125 0.0515625 0.0296875
0 0.840625 0.92734375 0.0484375 0.025
0 0.59140625 0.7671875 0.05 0.025
0 0.725 0.796875 0.034375 0.015625
0 0.6953125 0.77265625 0.05 0.021875
0 0.19375 0.821875 0.046875 0.028125
0 0.6421875 0.54296875 0.0390625 0.021875