0 0.34375 0.16484375 0.07578125 0.03203125
0 0.33984375 0.19765625 0.04765625 0.015625
0 0.26171875 0.26953125 0.07734375 0.021875
0 0.10234375 0.190625 0.05703125 0.02109375
0 0.121875 0.11484375 0.040625 0.0375
0 0.271875 0.11171875 0.096875 0.02578125
0 0.68515625 0.13125 0.040625 0.0328125
0 0.940625 0.25 0.06015625 0.03359375
0 0.6375 0.184375 0.08671875 0.0328125
0 0.72734375 0.06484375 0.05703125 0.0203125
0 0.94296875 0.096875 0.10078125 0.0390625
0 0.4 0.0734375 0.075 0.034375
0 0.48203125 0.053125 0.040625 0.02734375
0 0.61015625 0.11484375 0.05703125 0.02265625
0 0.58828125 0.26015625 0.05546875 0.02109375
0 0.6328125 0.3296875 0.065625 0.0328125
0 0.703125 0.35234375 0.06953125 0.046875
0 0.91875 0.3765625 0.025 0.0296875
0 0.88984375 0.33359375 0.0546875 0.028125
0 0.1828125 0.2890625 0.05234375 0.03515625
0 0.19921875 0.403125 0.04765625 0.03046875
0 0.07265625 0.46953125 0.06171875 0.034375
0 0.4140625 0.49375 0.07578125 0.0375
0 0.8328125 0.4828125 0.05546875 0.02265625
0 0.7234375 0.534375 0.05546875 0.03984375
0 0.43359375 0.5984375 0.05546875 0.034375
0 0.08125 0.5203125 0.03515625 0.01640625
0 0.0609375 0.6140625 0.078125 0.03515625
0 0.403125 0.690625 0.06953125 0.02890625
0 0.6015625 0.76953125 0.07421875 0.03515625
0 0.85234375 0.74453125 0.06796875 0.03046875
0 0.76953125 0.7140625 0.03671875 0.0203125
0 0.5953125 0.86328125 0.1 0.02578125
0 0.2765625 0.878125 0.071875 0.03359375
0 0.21484375 0.8703125 0.0796875 0.0234375
0 0.2109375 0.83046875 0.04453125 0.02265625