0 0.38125 0.08046875 0.04453125 0.03046875
0 0.12265625 0.03359375 0.06484375 0.0296875
0 0.54609375 0.14296875 0.07421875 0.0234375
0 0.60078125 0.1671875 0.046875 0.021875
0 0.51171875 0.23125 0.05546875 0.025
0 0.915625 0.18984375 0.0453125 0.0265625
0 0.7828125 0.115625 0.0375 0.02734375
0 0.925 0.040625 0.03203125 0.0265625
0 0.203125 0.353125 0.0453125 0.025
0 0.203125 0.27421875 0.04140625 0.028125
0 0.3734375 0.4234375 0.06640625 0.0265625
0 0.04765625 0.44453125 0.0609375 0.028125
0 0.165625 0.51796875 0.05234375 0.0296875
0 0.2625 0.49921875 0.03359375 0.01796875
0 0.46328125 0.50625 0.0359375 0.02890625
0 0.3515625 0.540625 0.04140625 0.0234375
0 0.234375 0.56171875 0.04375 0.02265625
0 0.49453125 0.62890625 0.0703125 0.0421875
0 0.8359375 0.48046875 0.059375 0.0265625
0 0.92109375 0.56796875 0.0390625 0.02734375
0 0.7859375 0.375 0.0515625 0.03046875
0 0.840625 0.35390625 0.0578125 0.03515625
0 0.2515625 0.71484375 0.0625 0.040625
0 0.0390625 0.6859375 0.07734375 0.0296875
0 0.2921875 0.86328125 0.0703125 0.02578125
0 0.06953125 0.94375 0.06796875 0.03203125
0 0.78359375 0.896875 0.02734375 0.0234375
0 0.71796875 0.7921875 0.03671875 0.02890625
0 0.134375 0.80625 0.046875 0.02265625
0 0.38125 0.81640625 0.08515625 0.02890625
0 0.88515625 0.64609375 0.03125 0.0265625