2 0.98828125 0.14921875 0.0234375 0.0875
2 0.9625 0.08125 0.040625 0.059375
2 0.85546875 0.090625 0.034375 0.05625
2 0.8640625 0.0515625 0.0328125 0.05
2 0.921875 0.48515625 0.0375 0.121875
2 0.88125 0.6328125 0.034375 0.090625
2 0.75859375 0.55625 0.0375 0.06875
2 0.8484375 0.7890625 0.028125 0.0796875
2 0.7625 0.95703125 0.053125 0.078125
2 0.68359375 0.6484375 0.0234375 0.078125
2 0.61484375 0.5046875 0.0375 0.090625
2 0.57265625 0.3859375 0.034375 0.09375
2 0.528125 0.40859375 0.03125 0.065625
2 0.56796875 0.13046875 0.0515625 0.0875
2 0.37890625 0.21796875 0.028125 0.0859375
2 0.3828125 0.14296875 0.03125 0.078125
2 0.38203125 0.38046875 0.034375 0.071875
2 0.28515625 0.4515625 0.0484375 0.08125
2 0.34765625 0.58359375 0.034375 0.059375
2 0.37734375 0.69140625 0.034375 0.065625
2 0.36953125 0.6234375 0.0390625 0.0703125
2 0.39921875 0.7234375 0.01875 0.0546875
2 0.246875 0.70234375 0.03125 0.078125
2 0.28125 0.3375 0.03125 0.090625
2 0.1734375 0.1171875 0.0453125 0.10625
2 0.1359375 0.4265625 0.0375 0.090625
2 0.18515625 0.48671875 0.0375 0.08125