0 0.2328125 0.0265625 0.09375 0.034375
0 0.30234375 0.08203125 0.078125 0.034375
0 0.2046875 0.0890625 0.0875 0.03125
0 0.22265625 0.11484375 0.08125 0.03125
0 0.84609375 0.09453125 0.0765625 0.04375
0 0.85078125 0.0109375 0.0890625 0.021875
0 0.69921875 0.13046875 0.084375 0.0296875
0 0.7390625 0.15703125 0.0734375 0.03125
0 0.25078125 0.18671875 0.078125 0.03125
0 0.28203125 0.2328125 0.08125 0.0359375
0 0.5921875 0.2125 0.0546875 0.0359375
0 0.43984375 0.3234375 0.0625 0.034375
0 0.24921875 0.36328125 0.0734375 0.034375
0 0.0328125 0.31484375 0.065625 0.04375
0 0.209375 0.40078125 0.046875 0.028125
0 0.35078125 0.43046875 0.0546875 0.025
0 0.42890625 0.41875 0.0578125 0.0265625
0 0.77109375 0.48203125 0.0765625 0.028125
0 0.878125 0.60859375 0.075 0.034375
0 0.9671875 0.60546875 0.04375 0.0359375
0 0.315625 0.5671875 0.0765625 0.028125
0 0.153125 0.65 0.05 0.0234375
0 0.0953125 0.70390625 0.078125 0.0328125
0 0.6546875 0.825 0.065625 0.0296875
0 0.815625 0.76875 0.05 0.034375
0 0.71640625 0.74453125 0.0875 0.025
0 0.4796875 0.84453125 0.0625 0.0328125
0 0.5265625 0.88984375 0.0484375 0.0328125
0 0.3234375 0.840625 0.0765625 0.028125
0 0.25078125 0.91015625 0.05 0.0265625
0 0.22890625 0.9265625 0.05625 0.025
0 0.31484375 0.92265625 0.0625 0.028125
0 0.68203125 0.93984375 0.0734375 0.028125