2 0.03984375 0.14453125 0.034375 0.0453125
2 0.1171875 0.103125 0.025 0.0375
2 0.125 0.628125 0.01875 0.0859375
2 0.134375 0.684375 0.028125 0.06875
2 0.1421875 0.85546875 0.0125 0.0625
2 0.1953125 0.7609375 0.025 0.040625
2 0.234375 0.5953125 0.021875 0.0703125
2 0.27578125 0.79296875 0.0125 0.05625
2 0.2484375 0.95625 0.01875 0.053125
2 0.103125 0.415625 0.021875 0.0375
2 0.29375 0.2296875 0.021875 0.046875
2 0.2890625 0.340625 0.021875 0.0390625
2 0.1984375 0.3578125 0.015625 0.065625
2 0.2 0.64375 0.0203125 0.046875
2 0.09453125 0.75 0.01875 0.0703125
2 0.2109375 0.040625 0.021875 0.021875
2 0.34609375 0.0671875 0.025 0.025
2 0.43125 0.51796875 0.015625 0.0296875
2 0.35703125 0.50390625 0.025 0.0375
2 0.43984375 0.09453125 0.03125 0.028125
2 0.4859375 0.109375 0.01875 0.0546875
2 0.60546875 0.4984375 0.021875 0.040625
2 0.64765625 0.5828125 0.015625 0.05625
2 0.64609375 0.93125 0.0109375 0.05625
2 0.66484375 0.3875 0.0171875 0.0546875
2 0.678125 0.078125 0.015625 0.0421875
2 0.6765625 0.1265625 0.01875 0.034375
2 0.6578125 0.04296875 0.025 0.028125
2 0.625 0.0640625 0.0265625 0.034375
2 0.79921875 0.253125 0.01875 0.05
2 0.86015625 0.35234375 0.0140625 0.053125
2 0.86796875 0.6984375 0.021875 0.0609375
2 0.8015625 0.8921875 0.01875 0.0625
2 0.74921875 0.06875 0.025 0.0328125
2 0.81640625 0.11796875 0.034375 0.025
2 0.9125 0.471875 0.021875 0.05