0 0.8828125 0.6609375 0.021875 0.053125
0 0.91875 0.3859375 0.01875 0.046875
0 0.95546875 0.7875 0.01875 0.0671875
0 0.9640625 0.709375 0.021875 0.0609375
0 0.9671875 0.9734375 0.01875 0.053125
0 0.81015625 0.7453125 0.01875 0.0546875
0 0.8296875 0.721875 0.01875 0.0484375
0 0.78515625 0.96796875 0.025 0.0625
0 0.6890625 0.93984375 0.01875 0.040625
0 0.76875 0.6078125 0.021875 0.0515625
0 0.8125 0.52890625 0.028125 0.040625
0 0.83828125 0.15546875 0.025 0.040625
0 0.690625 0.43671875 0.025 0.0515625
0 0.79375 0.1359375 0.021875 0.05625
0 0.7484375 0.03125 0.025 0.0625
0 0.83671875 0.1203125 0.028125 0.0421875
0 0.89765625 0.259375 0.015625 0.0484375
0 0.82734375 0.634375 0.015625 0.04375
0 0.69609375 0.209375 0.0234375 0.075
0 0.36953125 0.5234375 0.0328125 0.040625
0 0.3921875 0.234375 0.034375 0.053125
0 0.3171875 0.12578125 0.0375 0.0546875
0 0.490625 0.12109375 0.0328125 0.05
0 0.4375 0.865625 0.0234375 0.05
0 0.44375 0.96640625 0.025 0.0484375
0 0.609375 0.84765625 0.028125 0.053125
0 0.2984375 0.86171875 0.025 0.046875
0 0.321875 0.78828125 0.0234375 0.053125
0 0.3984375 0.3890625 0.01875 0.0484375
0 0.30390625 0.015625 0.0375 0.03125
0 0.2546875 0.09921875 0.034375 0.040625
0 0.26328125 0.09375 0.01875 0.05625
0 0.21796875 0.3578125 0.0234375 0.05625
0 0.13671875 0.23515625 0.01875 0.0828125
0 0.1171875 0.4140625 0.021875 0.053125
0 0.15546875 0.46875 0.021875 0.053125
0 0.17265625 0.45 0.025 0.078125
0 0.11015625 0.11484375 0.03125 0.05625
0 0.0875 0.87890625 0.0265625 0.0625
0 0.0421875 0.28203125 0.0328125 0.0609375
0 0.84453125 0.05859375 0.028125 0.078125
0 0.9203125 0.2625 0.028125 0.05625
0 0.20078125 0.4453125 0.025 0.06875
0 0.11015625 0.86328125 0.03125 0.065625
0 0.303125 0.290625 0.0296875 0.0484375
0 0.0671875 0.1328125 0.021875 0.05
0 0.09140625 0.08515625 0.025 0.075
0 0.9765625 0.51875 0.01875 0.08125
0 0.9796875 0.790625 0.0265625 0.090625
0 0.846875 0.4453125 0.028125 0.0796875
0 0.16484375 0.303125 0.021875 0.075
0 0.3125 0.1765625 0.028125 0.05625
0 0.72421875 0.01953125 0.0203125 0.0390625
0 0.6234375 0.0171875 0.025 0.034375
0 0.3921875 0.10390625 0.0265625 0.071875
0 0.30390625 0.44765625 0.0328125 0.04375
0 0.23125 0.66484375 0.0375 0.040625
0 0.184375 0.05859375 0.025 0.053125
0 0.7984375 0.053125 0.025 0.0625