0 0.9296875 0.09375 0.0765625 0.021875
0 0.4609375 0.0125 0.090625 0.0203125
0 0.32578125 0.11171875 0.078125 0.0515625
0 0.94453125 0.121875 0.09375 0.028125
0 0.921875 0.15390625 0.05625 0.0265625
0 0.33671875 0.19296875 0.103125 0.0359375
0 0.69765625 0.225 0.0578125 0.046875
0 0.9078125 0.19453125 0.084375 0.0375
0 0.77734375 0.33125 0.10625 0.0625
0 0.5890625 0.13203125 0.0703125 0.025
0 0.415625 0.1203125 0.071875 0.028125
0 0.16484375 0.12578125 0.10625 0.040625
0 0.096875 0.0375 0.0953125 0.0328125
0 0.23046875 0.4015625 0.0609375 0.05625
0 0.6734375 0.34609375 0.121875 0.0375
0 0.77265625 0.4859375 0.0890625 0.01875
0 0.94921875 0.49140625 0.059375 0.0421875
0 0.47265625 0.821875 0.046875 0.046875
0 0.81875 0.7265625 0.0625 0.034375
0 0.71640625 0.72734375 0.0546875 0.025
0 0.7359375 0.759375 0.065625 0.025
0 0.82890625 0.6890625 0.0671875 0.0265625
0 0.95078125 0.66796875 0.0734375 0.034375
0 0.94140625 0.79140625 0.075 0.0375
0 0.5828125 0.88125 0.0578125 0.028125
0 0.75703125 0.8375 0.053125 0.0296875
0 0.084375 0.61171875 0.059375 0.03125
0 0.465625 0.68671875 0.0984375 0.03125
0 0.55234375 0.50234375 0.0671875 0.0328125
0 0.94921875 0.85703125 0.09375 0.034375
0 0.73984375 0.88984375 0.0671875 0.021875
0 0.71015625 0.8875 0.06875 0.025
0 0.2375 0.8546875 0.0625 0.021875
0 0.9625 0.95546875 0.075 0.0375
0 0.41484375 0.57890625 0.084375 0.0359375
0 0.0578125 0.534375 0.0875 0.034375
0 0.56796875 0.78046875 0.065625 0.0234375
0 0.8453125 0.5234375 0.06875 0.028125
0 0.04296875 0.3125 0.0859375 0.046875
0 0.30078125 0.459375 0.08125 0.0453125
0 0.7984375 0.78125 0.071875 0.025
0 0.6609375 0.64140625 0.078125 0.0390625
0 0.31171875 0.65 0.084375 0.0375
0 0.559375 0.14453125 0.059375 0.0265625
0 0.7859375 0.18359375 0.084375 0.04375
0 0.74921875 0.15859375 0.1140625 0.0203125
0 0.7859375 0.1125 0.075 0.034375
0 0.2890625 0.15234375 0.065625 0.025
0 0.5703125 0.63359375 0.1140625 0.034375
0 0.8703125 0.9640625 0.109375 0.0375
0 0.06015625 0.678125 0.0703125 0.034375