0 0.16015625 0.2984375 0.0890625 0.0453125
0 0.0375 0.25234375 0.075 0.0484375
0 0.0953125 0.22265625 0.13203125 0.0328125
0 0.321875 0.2203125 0.1265625 0.03125
0 0.125 0.17265625 0.12109375 0.03515625
0 0.33671875 0.103125 0.11875 0.0328125
0 0.57109375 0.109375 0.134375 0.0296875
0 0.14375 0.09296875 0.07265625 0.03515625
0 0.178125 0.0609375 0.09140625 0.028125
0 0.8421875 0.12109375 0.115625 0.053125
0 0.90625 0.10546875 0.1375 0.025
0 0.6375 0.07890625 0.0890625 0.03125
0 0.63203125 0.0421875 0.13203125 0.04296875
0 0.86328125 0.2609375 0.078125 0.04453125
0 0.8875 0.21953125 0.06171875 0.03828125
0 0.9203125 0.1625 0.07265625 0.0484375
0 0.6265625 0.19296875 0.07265625 0.053125
0 0.74765625 0.3109375 0.0890625 0.06796875
0 0.42109375 0.31953125 0.07265625 0.02265625
0 0.0140625 0.36484375 0.028125 0.01953125
0 0.2640625 0.628125 0.0546875 0.025
0 0.42265625 0.67109375 0.07578125 0.021875
0 0.48359375 0.725 0.040625 0.0234375
0 0.56328125 0.74921875 0.05234375 0.03046875
0 0.19375 0.76328125 0.078125 0.0234375
0 0.0828125 0.696875 0.0703125 0.021875
0 0.06015625 0.78125 0.03359375 0.02578125
0 0.078125 0.840625 0.05078125 0.03359375
0 0.16328125 0.84453125 0.06171875 0.02265625
0 0.34609375 0.8984375 0.06015625 0.02890625
0 0.178125 0.934375 0.05859375 0.0265625
0 0.73046875 0.62734375 0.06171875 0.028125
0 0.5078125 0.83125 0.08984375 0.0296875
0 0.2796875 0.7359375 0.05625 0.028125