2 0.84609375 0.81875 0.01875 0.028125
2 0.78828125 0.6421875 0.025 0.0390625
2 0.78515625 0.96640625 0.0171875 0.0234375
2 0.85390625 0.59921875 0.025 0.028125
2 0.8625 0.46875 0.01875 0.04375
2 0.83203125 0.5015625 0.0125 0.0375
2 0.8296875 0.4171875 0.0125 0.0359375
2 0.809375 0.28125 0.0140625 0.0578125
2 0.77265625 0.32890625 0.0171875 0.0515625
2 0.72890625 0.24921875 0.015625 0.04375
2 0.6859375 0.215625 0.01875 0.0703125
2 0.67890625 0.60625 0.021875 0.046875
2 0.63671875 0.40859375 0.01875 0.0421875
2 0.603125 0.18125 0.015625 0.0578125
2 0.56171875 0.27265625 0.0171875 0.028125
2 0.55390625 0.3109375 0.015625 0.0328125
2 0.4359375 0.134375 0.01875 0.0453125
2 0.3546875 0.253125 0.0203125 0.040625
2 0.34609375 0.62890625 0.0171875 0.05
2 0.28203125 0.17734375 0.0234375 0.034375
2 0.1703125 0.1 0.021875 0.0421875
2 0.146875 0.0953125 0.01875 0.025
2 0.13203125 0.175 0.0296875 0.025
2 0.17109375 0.209375 0.015625 0.0328125
2 0.15859375 0.2859375 0.01875 0.040625
2 0.17890625 0.3046875 0.0125 0.05
2 0.17734375 0.3859375 0.015625 0.034375
2 0.19765625 0.4453125 0.0125 0.05
2 0.20234375 0.35703125 0.0125 0.028125
2 0.12734375 0.24921875 0.0171875 0.04375
2 0.10078125 0.25859375 0.0203125 0.04375
2 0.10859375 0.53203125 0.015625 0.059375
2 0.1265625 0.55859375 0.025 0.046875
2 0.09609375 0.6484375 0.015625 0.04375
2 0.10234375 0.70234375 0.0125 0.040625
2 0.13828125 0.7921875 0.01875 0.053125
2 0.159375 0.74765625 0.0140625 0.0375
2 0.1703125 0.6484375 0.021875 0.05625
2 0.1578125 0.903125 0.015625 0.040625
2 0.16953125 0.95625 0.0140625 0.0546875