0 0.93125 0.04375 0.0234375 0.0796875
0 0.8671875 0.02734375 0.0375 0.0546875
0 0.86875 0.075 0.028125 0.0625
0 0.85859375 0.24296875 0.025 0.059375
0 0.95546875 0.575 0.0390625 0.0921875
0 0.9828125 0.71640625 0.0265625 0.090625
0 0.9640625 0.93125 0.01875 0.0796875
0 0.88515625 0.61875 0.0265625 0.059375
0 0.8734375 0.78671875 0.021875 0.0703125
0 0.91484375 0.80078125 0.0296875 0.059375
0 0.86484375 0.88515625 0.0265625 0.0859375
0 0.8171875 0.9296875 0.0296875 0.096875
0 0.77109375 0.6265625 0.0328125 0.0625
0 0.80078125 0.66796875 0.028125 0.040625
0 0.73671875 0.4203125 0.0359375 0.0671875
0 0.709375 0.10234375 0.0171875 0.0453125
0 0.6578125 0.29765625 0.021875 0.075
0 0.7234375 0.8109375 0.04375 0.0703125
0 0.65078125 0.63984375 0.0453125 0.06875
0 0.5125 0.3515625 0.0359375 0.0828125
0 0.36640625 0.7734375 0.0375 0.046875
0 0.40625 0.84921875 0.021875 0.08125
0 0.4234375 0.609375 0.025 0.0640625
0 0.4265625 0.7 0.0359375 0.05
0 0.421875 0.15546875 0.028125 0.0546875
0 0.32265625 0.2421875 0.0375 0.05625
0 0.325 0.4234375 0.025 0.0765625
0 0.3046875 0.97109375 0.01875 0.0578125
0 0.3125 0.84453125 0.021875 0.0578125
0 0.21796875 0.46875 0.025 0.078125
0 0.26015625 0.31328125 0.021875 0.0453125
0 0.2234375 0.590625 0.0234375 0.0484375
0 0.2625 0.25625 0.025 0.0421875
0 0.16171875 0.20703125 0.025 0.059375
0 0.109375 0.08046875 0.0265625 0.0625
0 0.0296875 0.34375 0.028125 0.05
0 0.19453125 0.3109375 0.01875 0.075
0 0.140625 0.96328125 0.01875 0.0734375
0 0.13125 0.734375 0.01875 0.06875
0 0.1234375 0.6984375 0.01875 0.0875
0 0.21640625 0.78125 0.028125 0.0609375
0 0.17890625 0.75 0.021875 0.0375
0 0.1703125 0.83125 0.0171875 0.05625
0 0.15390625 0.89453125 0.01875 0.103125
0 0.0578125 0.77109375 0.03125 0.0765625
0 0.0484375 0.88125 0.0296875 0.078125
0 0.09375 0.675 0.0265625 0.06875
0 0.034375 0.46875 0.0265625 0.0546875
0 0.3640625 0.634375 0.0265625 0.0453125
0 0.31328125 0.74609375 0.025 0.071875