0 0.0546875 0.13125 0.0765625 0.025
0 0.2296875 0.1703125 0.0765625 0.028125
0 0.3921875 0.17109375 0.08125 0.0171875
0 0.396875 0.1484375 0.0875 0.025
0 0.20390625 0.1390625 0.09375 0.021875
0 0.6265625 0.17578125 0.0765625 0.028125
0 0.821875 0.18203125 0.06875 0.025
0 0.72890625 0.121875 0.065625 0.025
0 0.79140625 0.1265625 0.0890625 0.021875
0 0.03125 0.2296875 0.053125 0.0390625
0 0.925 0.25625 0.0703125 0.028125
0 0.9671875 0.28828125 0.065625 0.025
0 0.790625 0.32734375 0.06875 0.03125
0 0.8078125 0.38359375 0.0546875 0.01875
0 0.36328125 0.46875 0.05625 0.028125
0 0.0453125 0.49453125 0.078125 0.0265625
0 0.25078125 0.496875 0.05 0.028125
0 0.56328125 0.45859375 0.0703125 0.028125
0 0.96484375 0.45078125 0.05 0.034375
0 0.940625 0.52265625 0.0390625 0.040625
0 0.4984375 0.5984375 0.0734375 0.0265625
0 0.40078125 0.5640625 0.0484375 0.03125
0 0.33515625 0.5765625 0.0515625 0.025
0 0.31015625 0.6125 0.0515625 0.0296875
0 0.453125 0.503125 0.0484375 0.028125
0 0.96796875 0.41171875 0.053125 0.0296875
0 0.13984375 0.71484375 0.05 0.028125
0 0.5296875 0.76796875 0.065625 0.0234375
0 0.23671875 0.7875 0.084375 0.028125
0 0.02109375 0.77890625 0.0421875 0.0328125
0 0.1453125 0.8515625 0.04375 0.034375
0 0.615625 0.91328125 0.08125 0.0265625
0 0.634375 0.86484375 0.084375 0.021875
0 0.765625 0.95078125 0.059375 0.01875
0 0.8578125 0.96796875 0.06875 0.025
0 0.66640625 0.84296875 0.08125 0.021875
0 0.7390625 0.85546875 0.08125 0.0234375
0 0.62890625 0.77421875 0.0625 0.025
0 0.53671875 0.72734375 0.06875 0.021875
0 0.7671875 0.8328125 0.065625 0.028125
0 0.42265625 0.78359375 0.059375 0.025
0 0.77109375 0.5171875 0.071875 0.028125
0 0.60078125 0.82265625 0.065625 0.028125
0 0.06640625 0.80859375 0.075 0.01875
0 0.7 0.575 0.08125 0.0234375
0 0.01796875 0.27890625 0.0359375 0.0296875