0 0.0734375 0.15703125 0.01875 0.0609375
0 0.06640625 0.221875 0.015625 0.0609375
0 0.2046875 0.5609375 0.01875 0.065625
0 0.240625 0.584375 0.021875 0.05625
0 0.24296875 0.73203125 0.01875 0.075
0 0.30078125 0.50625 0.028125 0.071875
0 0.21640625 0.02421875 0.03125 0.034375
0 0.2015625 0.07265625 0.03125 0.0359375
0 0.10625 0.19296875 0.0140625 0.05625
0 0.1828125 0.95078125 0.01875 0.059375
0 0.48828125 0.190625 0.03125 0.046875
0 0.47734375 0.45625 0.021875 0.06875
0 0.30390625 0.9515625 0.01875 0.059375
0 0.46875 0.83203125 0.021875 0.053125
0 0.5890625 0.15 0.021875 0.059375
0 0.6796875 0.2765625 0.0234375 0.071875
0 0.72578125 0.221875 0.028125 0.05625
0 0.71484375 0.21953125 0.03125 0.0375
0 0.70625 0.03125 0.0328125 0.034375
0 0.66171875 0.5375 0.0234375 0.059375
0 0.775 0.225 0.021875 0.0625
0 0.79375 0.02109375 0.0265625 0.0375
0 0.88359375 0.20703125 0.01875 0.05
0 0.91015625 0.49453125 0.028125 0.05
0 0.95078125 0.37890625 0.034375 0.08125
0 0.8328125 0.80625 0.0171875 0.0453125
0 0.715625 0.5578125 0.028125 0.046875
0 0.7890625 0.6515625 0.03125 0.053125
0 0.76875 0.54375 0.0234375 0.059375
0 0.809375 0.55234375 0.021875 0.0625
0 0.60703125 0.6875 0.028125 0.04375
0 0.7171875 0.8359375 0.028125 0.05