0 0.009375 0.5375 0.01875 0.05625
0 0.0078125 0.39609375 0.015625 0.0625
0 0.015625 0.2015625 0.0265625 0.0625
0 0.03359375 0.27109375 0.0359375 0.0625
0 0.11484375 0.14765625 0.028125 0.06875
0 0.16171875 0.52890625 0.021875 0.06875
0 0.146875 0.525 0.0203125 0.0546875
0 0.1359375 0.490625 0.0203125 0.065625
0 0.10390625 0.65546875 0.025 0.0734375
0 0.071875 0.69140625 0.0234375 0.05625
0 0.05703125 0.71015625 0.025 0.0671875
0 0.0625 0.7859375 0.01875 0.05625
0 0.22890625 0.76953125 0.03125 0.053125
0 0.18984375 0.61171875 0.034375 0.075
0 0.1890625 0.12890625 0.0234375 0.0765625
0 0.23828125 0.16796875 0.025 0.05
0 0.2453125 0.440625 0.034375 0.0625
0 0.35078125 0.6 0.0359375 0.071875
0 0.3578125 0.95078125 0.028125 0.071875
0 0.41328125 0.56484375 0.0328125 0.059375
0 0.4453125 0.6015625 0.025 0.075
0 0.509375 0.65859375 0.028125 0.059375
0 0.3640625 0.15546875 0.04375 0.06875
0 0.59609375 0.790625 0.034375 0.0625
0 0.68125 0.70703125 0.01875 0.0375
0 0.66484375 0.69765625 0.0265625 0.0515625
0 0.72734375 0.50546875 0.0265625 0.10625
0 0.6390625 0.24765625 0.03125 0.05625
0 0.66953125 0.31015625 0.0296875 0.053125
0 0.68125 0.2421875 0.028125 0.075
0 0.69375 0.3171875 0.028125 0.0453125
0 0.64375 0.08203125 0.034375 0.075
0 0.7609375 0.815625 0.028125 0.0796875
0 0.740625 0.72109375 0.025 0.0625
0 0.809375 0.74140625 0.01875 0.05625
0 0.84296875 0.68828125 0.0125 0.071875
0 0.834375 0.67109375 0.0203125 0.071875
0 0.83828125 0.953125 0.0171875 0.053125
0 0.83203125 0.4796875 0.021875 0.06875
0 0.8453125 0.44375 0.021875 0.075
0 0.9140625 0.65078125 0.01875 0.0796875
0 0.97421875 0.625 0.025 0.05
0 0.93203125 0.88828125 0.0171875 0.084375
0 0.8453125 0.296875 0.01875 0.0625
0 0.91875 0.4265625 0.021875 0.059375