0 0.915625 0.06171875 0.025 0.065625
0 0.85859375 0.29375 0.0265625 0.05625
0 0.8375 0.3078125 0.01875 0.040625
0 0.8328125 0.51640625 0.025 0.04375
0 0.94296875 0.91875 0.01875 0.0578125
0 0.9921875 0.76796875 0.015625 0.05
0 0.83203125 0.08828125 0.025 0.040625
0 0.846875 0.18828125 0.021875 0.05
0 0.73046875 0.6015625 0.0234375 0.053125
0 0.7421875 0.690625 0.021875 0.059375
0 0.67109375 0.47109375 0.0328125 0.053125
0 0.65234375 0.36328125 0.0328125 0.046875
0 0.9140625 0.15 0.0265625 0.065625
0 0.88828125 0.87578125 0.025 0.059375
0 0.8859375 0.42890625 0.0171875 0.059375
0 0.4265625 0.37734375 0.0234375 0.0625
0 0.490625 0.3875 0.028125 0.05
0 0.415625 0.1015625 0.0234375 0.0484375
0 0.4328125 0.15234375 0.0234375 0.0609375
0 0.39765625 0.1953125 0.0203125 0.04375
0 0.37265625 0.33515625 0.025 0.0625
0 0.36171875 0.71796875 0.0265625 0.0265625
0 0.31015625 0.42109375 0.03125 0.053125
0 0.28671875 0.51328125 0.01875 0.05
0 0.31015625 0.08125 0.028125 0.0390625
0 0.27734375 0.30234375 0.01875 0.05625
0 0.22890625 0.08671875 0.021875 0.0609375
0 0.22890625 0.25625 0.028125 0.05
0 0.21875 0.30703125 0.0234375 0.05
0 0.19921875 0.4671875 0.028125 0.046875
0 0.25625 0.3609375 0.025 0.071875
0 0.121875 0.475 0.025 0.0703125
0 0.15546875 0.28203125 0.028125 0.0609375
0 0.1234375 0.1390625 0.034375 0.040625
0 0.73828125 0.88828125 0.028125 0.04375
0 0.72890625 0.93515625 0.025 0.046875
0 0.12578125 0.80859375 0.040625 0.0421875
0 0.29765625 0.715625 0.025 0.04375
0 0.2296875 0.58984375 0.021875 0.04375
0 0.0625 0.95390625 0.0234375 0.0625