2 0.08046875 0.8859375 0.0375 0.0640625
2 0.1328125 0.79140625 0.05 0.09375
2 0.15703125 0.66484375 0.03125 0.06875
2 0.2203125 0.65078125 0.040625 0.05625
2 0.22421875 0.7375 0.046875 0.071875
2 0.1875 0.453125 0.0390625 0.0609375
2 0.15078125 0.56875 0.028125 0.05
2 0.08203125 0.36328125 0.034375 0.071875
2 0.090625 0.5671875 0.034375 0.090625
2 0.046875 0.10625 0.0265625 0.0453125
2 0.06640625 0.028125 0.025 0.046875
2 0.16015625 0.1625 0.0375 0.0515625
2 0.115625 0.13359375 0.046875 0.05625
2 0.25546875 0.0875 0.040625 0.046875
2 0.3046875 0.14296875 0.028125 0.0328125
2 0.3296875 0.1796875 0.03125 0.0546875
2 0.44140625 0.19921875 0.0453125 0.05625
2 0.54609375 0.1515625 0.040625 0.05
2 0.38125 0.5125 0.028125 0.071875
2 0.4296875 0.38359375 0.0296875 0.053125
2 0.4703125 0.4984375 0.053125 0.09375
2 0.31171875 0.64296875 0.046875 0.0671875
2 0.42734375 0.0359375 0.059375 0.071875
2 0.715625 0.14140625 0.05 0.0578125
2 0.790625 0.22578125 0.021875 0.0609375
2 0.92578125 0.09453125 0.046875 0.059375
2 0.81875 0.5828125 0.021875 0.06875
2 0.84765625 0.821875 0.04375 0.06875
2 0.66875 0.56328125 0.0328125 0.05
2 0.63515625 0.5484375 0.04375 0.09375
2 0.65390625 0.8296875 0.0375 0.103125
2 0.74140625 0.81796875 0.0375 0.071875
2 0.7671875 0.86953125 0.028125 0.0671875