0 0.8578125 0.3140625 0.01875 0.06875
0 0.90625 0.334375 0.01875 0.053125
0 0.76171875 0.8171875 0.0171875 0.0421875
0 0.67265625 0.60078125 0.025 0.0515625
0 0.72265625 0.95546875 0.025 0.0625
0 0.990625 0.26796875 0.01875 0.0421875
0 0.85 0.70546875 0.025 0.059375
0 0.834375 0.94921875 0.0234375 0.075
0 0.3703125 0.40234375 0.034375 0.053125
0 0.10234375 0.6984375 0.0328125 0.053125
0 0.14765625 0.5140625 0.0234375 0.05625
0 0.1125 0.88828125 0.01875 0.0828125
0 0.253125 0.5421875 0.021875 0.053125
0 0.0546875 0.6640625 0.025 0.053125
0 0.1984375 0.971875 0.03125 0.05625
0 0.2140625 0.25078125 0.0296875 0.0484375
0 0.8375 0.48125 0.0265625 0.090625
0 0.58515625 0.05859375 0.028125 0.0796875
0 0.14296875 0.28515625 0.021875 0.075
0 0.628125 0.9828125 0.025 0.034375
0 0.31328125 0.31875 0.0328125 0.04375
0 0.1484375 0.515625 0.025 0.053125
0 0.87265625 0.69296875 0.01875 0.0609375
0 0.32265625 0.72578125 0.03125 0.0515625
0 0.84609375 0.7890625 0.025 0.075
0 0.115625 0.3015625 0.0265625 0.059375
0 0.30625 0.21328125 0.028125 0.0453125
0 0.890625 0.05234375 0.015625 0.06875
0 0.88671875 0.27109375 0.025 0.046875
0 0.50390625 0.15859375 0.0296875 0.0375
0 0.73046875 0.26953125 0.021875 0.08125
0 0.73203125 0.134375 0.01875 0.040625
0 0.746875 0.0625 0.021875 0.05625
0 0.51875 0.7484375 0.0265625 0.053125
0 0.49140625 0.103125 0.0359375 0.05
0 0.03984375 0.6421875 0.028125 0.0546875
0 0.96640625 0.596875 0.021875 0.0671875
0 0.88984375 0.88671875 0.0234375 0.0421875
0 0.1953125 0.678125 0.025 0.0625
0 0.97890625 0.11015625 0.025 0.05625
0 0.99140625 0.86796875 0.0171875 0.084375
0 0.10703125 0.5484375 0.0171875 0.05625
0 0.98671875 0.671875 0.0203125 0.0625
0 0.60234375 0.9578125 0.025 0.046875
0 0.5671875 0.63125 0.021875 0.05