0 0.34765625 0.85390625 0.065625 0.028125
0 0.14296875 0.86015625 0.10625 0.025
0 0.1921875 0.8421875 0.0625 0.046875
0 0.26640625 0.92578125 0.0515625 0.034375
0 0.51640625 0.97578125 0.06875 0.0375
0 0.54765625 0.83203125 0.0390625 0.0203125
0 0.8515625 0.8421875 0.05 0.046875
0 0.76640625 0.85703125 0.034375 0.040625
0 0.70625 0.803125 0.0578125 0.04375
0 0.6828125 0.89375 0.05625 0.03125
0 0.6921875 0.94609375 0.040625 0.015625
0 0.9359375 0.90234375 0.053125 0.025
0 0.859375 0.91640625 0.0734375 0.021875
0 0.3953125 0.74375 0.071875 0.040625
0 0.3375 0.66171875 0.109375 0.034375
0 0.16171875 0.71796875 0.059375 0.0234375
0 0.1484375 0.775 0.06875 0.034375
0 0.47421875 0.70625 0.1453125 0.028125
0 0.48515625 0.740625 0.046875 0.015625
0 0.67734375 0.7234375 0.075 0.0328125
0 0.696875 0.69140625 0.0625 0.0265625
0 0.70390625 0.66875 0.0515625 0.0328125
0 0.84765625 0.71796875 0.06875 0.01875
0 0.871875 0.765625 0.084375 0.0328125
0 0.121875 0.6515625 0.075 0.03125
0 0.20546875 0.67734375 0.0625 0.0125
0 0.6078125 0.5828125 0.06875 0.025
0 0.5921875 0.5515625 0.05625 0.028125
0 0.66875 0.6 0.06875 0.0328125
0 0.8515625 0.559375 0.065625 0.025
0 0.90390625 0.5796875 0.0515625 0.0171875
0 0.29375 0.5359375 0.0765625 0.01875
0 0.1609375 0.5171875 0.078125 0.0171875
0 0.109375 0.48203125 0.0375 0.0265625
0 0.45625 0.5109375 0.08125 0.0359375
0 0.64453125 0.33828125 0.0640625 0.0328125
0 0.8296875 0.346875 0.075 0.034375
0 0.3890625 0.284375 0.059375 0.0265625
0 0.36640625 0.23828125 0.078125 0.025
0 0.34921875 0.30546875 0.0484375 0.03125
0 0.2265625 0.16953125 0.0796875 0.025
0 0.24609375 0.15390625 0.05 0.01875
0 0.34296875 0.1515625 0.0375 0.015625
0 0.34296875 0.21484375 0.0421875 0.0265625
0 0.71796875 0.1890625 0.040625 0.028125
0 0.78046875 0.23125 0.053125 0.0359375
0 0.7671875 0.15546875 0.05 0.025
0 0.471875 0.1265625 0.075 0.046875
0 0.33046875 0.13203125 0.1125 0.0140625