2 0.478125 0.0390625 0.0640625 0.0265625
2 0.23671875 0.08125 0.05625 0.028125
2 0.1296875 0.04453125 0.06875 0.01875
2 0.51640625 0.1234375 0.0640625 0.021875
2 0.4296875 0.10234375 0.0671875 0.015625
2 0.25078125 0.11171875 0.04375 0.025
2 0.08125 0.1390625 0.0203125 0.03125
2 0.240625 0.22265625 0.040625 0.0203125
2 0.746875 0.12578125 0.0484375 0.0125
2 0.9359375 0.0828125 0.065625 0.0203125
2 0.4421875 0.31640625 0.0625 0.025
2 0.65 0.24140625 0.028125 0.0234375
2 0.803125 0.259375 0.025 0.03125
2 0.05859375 0.17578125 0.03125 0.028125
2 0.12578125 0.37265625 0.0375 0.01875
2 0.0984375 0.340625 0.03125 0.021875
2 0.35625 0.3640625 0.046875 0.034375
2 0.07578125 0.4703125 0.0421875 0.028125
2 0.1234375 0.5765625 0.0390625 0.0171875
2 0.39296875 0.65078125 0.065625 0.0203125
2 0.5546875 0.64375 0.040625 0.0109375
2 0.4859375 0.62421875 0.046875 0.0140625
2 0.940625 0.66171875 0.05625 0.015625
2 0.12421875 0.7078125 0.0625 0.01875
2 0.084375 0.75546875 0.03125 0.025
2 0.10078125 0.7390625 0.034375 0.0171875
2 0.2734375 0.7890625 0.03125 0.028125
2 0.425 0.86484375 0.0484375 0.0125
2 0.46796875 0.8296875 0.05 0.01875
2 0.5 0.8375 0.0484375 0.0171875
2 0.6703125 0.85625 0.0390625 0.0296875
2 0.68984375 0.88046875 0.05 0.0203125
2 0.94140625 0.7984375 0.065625 0.021875