0 0.078125 0.89296875 0.021875 0.06875
0 0.06328125 0.74765625 0.025 0.084375
0 0.12890625 0.753125 0.0328125 0.09375
0 0.1015625 0.69921875 0.028125 0.0578125
0 0.15390625 0.884375 0.0265625 0.0703125
0 0.196875 0.93671875 0.040625 0.078125
0 0.22421875 0.3453125 0.0265625 0.090625
0 0.24375 0.44296875 0.01875 0.10625
0 0.3140625 0.5203125 0.0265625 0.08125
0 0.30703125 0.0796875 0.025 0.071875
0 0.31171875 0.30078125 0.0296875 0.075
0 0.4921875 0.77265625 0.028125 0.1
0 0.47890625 0.52890625 0.034375 0.0828125
0 0.521875 0.45859375 0.0265625 0.084375
0 0.4859375 0.3078125 0.0265625 0.0765625
0 0.47421875 0.159375 0.0328125 0.0875
0 0.515625 0.28203125 0.0234375 0.065625
0 0.61328125 0.32734375 0.0421875 0.05
0 0.6828125 0.10625 0.03125 0.059375
0 0.65 0.14921875 0.028125 0.0625
0 0.57734375 0.13125 0.028125 0.05625
0 0.6390625 0.55234375 0.0375 0.0640625
0 0.6625 0.7234375 0.025 0.065625
0 0.59921875 0.825 0.0328125 0.05
0 0.70546875 0.9703125 0.0265625 0.05
0 0.73046875 0.7640625 0.025 0.0359375
0 0.72890625 0.81328125 0.021875 0.0609375
0 0.75859375 0.8546875 0.01875 0.078125
0 0.8109375 0.9453125 0.03125 0.0828125
0 0.790625 0.74609375 0.025 0.09375
0 0.7234375 0.50234375 0.025 0.053125
0 0.87421875 0.7546875 0.03125 0.0734375
0 0.8546875 0.62578125 0.021875 0.0453125
0 0.8625 0.52734375 0.0234375 0.06875
0 0.8421875 0.21328125 0.034375 0.040625
0 0.8921875 0.25625 0.0234375 0.075
0 0.9140625 0.23203125 0.0171875 0.06875
0 0.93125 0.39375 0.01875 0.05625
0 0.86640625 0.4125 0.0296875 0.06875
0 0.8078125 0.21875 0.028125 0.053125