0 0.021875 0.02265625 0.04375 0.0234375
0 0.89453125 0.034375 0.0703125 0.01875
0 0.52734375 0.01171875 0.07578125 0.02265625
0 0.5390625 0.11484375 0.0609375 0.0171875
0 0.25703125 0.1265625 0.06015625 0.0203125
0 0.1671875 0.1140625 0.04609375 0.0203125
0 0.23125 0.18203125 0.04609375 0.02890625
0 0.2703125 0.175 0.04375 0.025
0 0.415625 0.140625 0.0625 0.01953125
0 0.6921875 0.190625 0.07578125 0.01875
0 0.54609375 0.16875 0.07578125 0.0171875
0 0.10546875 0.18203125 0.0546875 0.03515625
0 0.3 0.23203125 0.06171875 0.03203125
0 0.25390625 0.359375 0.03984375 0.025
0 0.33046875 0.34296875 0.05 0.0328125
0 0.76953125 0.40703125 0.06484375 0.01953125
0 0.69765625 0.45625 0.06015625 0.0203125
0 0.4203125 0.5078125 0.07421875 0.0203125
0 0.1390625 0.51484375 0.04453125 0.02265625
0 0.0421875 0.49140625 0.05703125 0.01953125
0 0.4859375 0.55546875 0.0484375 0.02734375
0 0.58125 0.57109375 0.04453125 0.0203125
0 0.30859375 0.64609375 0.0625 0.01953125
0 0.14453125 0.69140625 0.0390625 0.03359375
0 0.63828125 0.64765625 0.0671875 0.0234375
0 0.78671875 0.65 0.04453125 0.03984375
0 0.18515625 0.71953125 0.05078125 0.0234375
0 0.225 0.76953125 0.0625 0.01796875
0 0.25234375 0.746875 0.0390625 0.0140625
0 0.28203125 0.72890625 0.06015625 0.03125
0 0.1921875 0.79375 0.06640625 0.0171875
0 0.52421875 0.8328125 0.05 0.03359375
0 0.40234375 0.8765625 0.0484375 0.0359375
0 0.29296875 0.8921875 0.05234375 0.01953125
0 0.77421875 0.85703125 0.05703125 0.01328125
0 0.6625 0.78671875 0.05234375 0.01640625
0 0.10546875 0.99140625 0.07421875 0.0171875
0 0.15234375 0.96796875 0.078125 0.02265625
0 0.96796875 0.69140625 0.0421875 0.028125
0 0.6953125 0.1515625 0.06484375 0.02421875