0 0.9 0.31484375 0.021875 0.053125
0 0.92578125 0.40078125 0.01875 0.046875
0 0.91015625 0.60703125 0.01875 0.06875
0 0.984375 0.76328125 0.021875 0.0609375
0 0.90234375 0.8078125 0.01875 0.0515625
0 0.89453125 0.6890625 0.01875 0.0546875
0 0.84609375 0.8953125 0.01875 0.0484375
0 0.83203125 0.8390625 0.025 0.0625
0 0.73671875 0.79921875 0.01875 0.0421875
0 0.86796875 0.575 0.021875 0.0515625
0 0.81171875 0.3375 0.028125 0.040625
0 0.83984375 0.26171875 0.025 0.040625
0 0.696875 0.4578125 0.025 0.0515625
0 0.80625 0.1546875 0.021875 0.05625
0 0.75390625 0.03984375 0.015625 0.05625
0 0.83515625 0.09453125 0.028125 0.0421875
0 0.8828125 0.1484375 0.015625 0.0484375
0 0.878125 0.44609375 0.015625 0.04375
0 0.7296875 0.934375 0.01875 0.0625
0 0.60078125 0.32421875 0.0234375 0.075
0 0.3171875 0.39453125 0.0328125 0.040625
0 0.41484375 0.15703125 0.034375 0.053125
0 0.39296875 0.10390625 0.0375 0.0546875
0 0.41015625 0.13203125 0.0328125 0.05
0 0.54609375 0.8828125 0.0234375 0.05
0 0.4140625 0.678125 0.025 0.0484375
0 0.578125 0.6265625 0.028125 0.053125
0 0.3 0.7890625 0.025 0.0453125
0 0.32421875 0.9140625 0.0234375 0.053125
0 0.36640625 0.61015625 0.01875 0.0484375
0 0.3046875 0.01484375 0.034375 0.0296875
0 0.2234375 0.03046875 0.01875 0.0609375
0 0.146875 0.13359375 0.0234375 0.0625
0 0.18828125 0.15546875 0.01875 0.05625
0 0.2125 0.3828125 0.0234375 0.05625
0 0.13515625 0.20625 0.01875 0.0828125
0 0.17890625 0.3984375 0.021875 0.053125
0 0.165625 0.565625 0.025 0.078125
0 0.09296875 0.22578125 0.03125 0.034375
0 0.05390625 0.8984375 0.0265625 0.0625
0 0.0734375 0.159375 0.0328125 0.0609375
0 0.8859375 0.22109375 0.028125 0.078125
0 0.94765625 0.24140625 0.028125 0.05625
0 0.22109375 0.49609375 0.025 0.06875
0 0.78515625 0.73125 0.01875 0.065625
0 0.0640625 0.70234375 0.03125 0.065625