2 0.88828125 0.85390625 0.046875 0.028125
2 0.6734375 0.80546875 0.040625 0.02578125
2 0.87890625 0.75 0.03828125 0.0265625
2 0.96953125 0.75078125 0.0390625 0.02421875
2 0.97734375 0.7890625 0.03046875 0.0234375
2 0.82734375 0.6953125 0.046875 0.03203125
2 0.61015625 0.70546875 0.0546875 0.021875
2 0.496875 0.66328125 0.0734375 0.0234375
2 0.44609375 0.7140625 0.0484375 0.0109375
2 0.43671875 0.75234375 0.0390625 0.0203125
2 0.4046875 0.7953125 0.04296875 0.01640625
2 0.37109375 0.76015625 0.03515625 0.0171875
2 0.27109375 0.71171875 0.06796875 0.0203125
2 0.3828125 0.82578125 0.03046875 0.021875
2 0.4671875 0.84296875 0.0390625 0.0140625
2 0.50546875 0.85625 0.040625 0.0234375
2 0.32578125 0.8734375 0.0390625 0.01640625
2 0.09375 0.75234375 0.0296875 0.0234375
2 0.09453125 0.6734375 0.05 0.02890625
2 0.17890625 0.609375 0.03984375 0.01953125
2 0.21796875 0.6078125 0.03671875 0.0203125
2 0.2515625 0.59140625 0.0421875 0.02890625
2 0.2734375 0.559375 0.0390625 0.02265625
2 0.38984375 0.60703125 0.06328125 0.0265625
2 0.1375 0.52578125 0.03828125 0.021875
2 0.078125 0.4203125 0.0375 0.02421875
2 0.07578125 0.371875 0.03125 0.01875
2 0.21953125 0.4265625 0.0796875 0.01484375
2 0.2734375 0.3890625 0.04140625 0.01640625
2 0.24375 0.52265625 0.05703125 0.0203125
2 0.1046875 0.19296875 0.0453125 0.0203125
2 0.2390625 0.18125 0.04453125 0.0171875
2 0.4078125 0.20546875 0.03125 0.01875
2 0.175 0.1328125 0.0328125 0.02265625
2 0.13046875 0.15234375 0.05625 0.02421875
2 0.31796875 0.1109375 0.0671875 0.01640625
2 0.20703125 0.121875 0.03046875 0.00703125
2 0.22578125 0.1375 0.03125 0.0140625
2 0.40078125 0.16953125 0.05703125 0.01796875
2 0.52578125 0.11796875 0.0328125 0.0234375
2 0.5984375 0.1 0.0375 0.01875
2 0.6875 0.08984375 0.040625 0.0203125
2 0.72265625 0.128125 0.04140625 0.02265625
2 0.89140625 0.17734375 0.034375 0.025
2 0.971875 0.1578125 0.03828125 0.01796875
2 0.92890625 0.1359375 0.0328125 0.01796875
2 0.975 0.096875 0.04453125 0.01640625
2 0.93125 0.209375 0.03671875 0.02734375
2 0.86328125 0.203125 0.06875 0.01796875
2 0.43828125 0.13515625 0.03984375 0.025
2 0.4890625 0.14453125 0.04296875 0.01484375
2 0.53828125 0.165625 0.05234375 0.01796875
2 0.971875 0.646875 0.0453125 0.0171875