0 0.02421875 0.37265625 0.0375 0.0859375
0 0.06796875 0.2203125 0.0453125 0.1125
0 0.096875 0.35859375 0.046875 0.1
0 0.12734375 0.2984375 0.025 0.078125
0 0.11015625 0.46875 0.021875 0.0546875
0 0.05859375 0.78359375 0.0234375 0.0765625
0 0.0765625 0.82578125 0.025 0.084375
0 0.128125 0.71328125 0.03125 0.0515625
0 0.09765625 0.8875 0.025 0.0890625
0 0.21328125 0.596875 0.03125 0.075
0 0.2640625 0.13984375 0.0265625 0.05625
0 0.34140625 0.5125 0.034375 0.0421875
0 0.34453125 0.61484375 0.021875 0.04375
0 0.26796875 0.759375 0.040625 0.0734375
0 0.33046875 0.95390625 0.0265625 0.059375
0 0.34609375 0.984375 0.0234375 0.03125
0 0.3265625 0.70625 0.028125 0.0375
0 0.409375 0.403125 0.028125 0.053125
0 0.409375 0.94453125 0.025 0.0484375
0 0.49609375 0.33984375 0.025 0.06875
0 0.5265625 0.0828125 0.025 0.084375
0 0.5640625 0.640625 0.028125 0.059375
0 0.54765625 0.97109375 0.028125 0.053125
0 0.628125 0.659375 0.021875 0.065625
0 0.68203125 0.78203125 0.03125 0.0546875
0 0.6625 0.7078125 0.025 0.053125
0 0.66875 0.671875 0.021875 0.0625
0 0.665625 0.359375 0.0296875 0.059375
0 0.5296875 0.3765625 0.025 0.059375
0 0.66953125 0.246875 0.015625 0.0375
0 0.7734375 0.25625 0.028125 0.0734375
0 0.75703125 0.68984375 0.021875 0.071875
0 0.78828125 0.9234375 0.021875 0.05
0 0.83828125 0.76484375 0.0328125 0.05625
0 0.8375 0.8546875 0.025 0.046875
0 0.83125 0.93125 0.028125 0.06875
0 0.8953125 0.47109375 0.025 0.05625
0 0.878125 0.9296875 0.015625 0.053125
0 0.859375 0.42890625 0.0265625 0.0734375
0 0.81484375 0.51640625 0.03125 0.075
0 0.90390625 0.27265625 0.028125 0.046875
0 0.89140625 0.44453125 0.01875 0.065625
0 0.96796875 0.671875 0.025 0.090625
0 0.94296875 0.5828125 0.025 0.05625
0 0.8546875 0.6765625 0.0171875 0.05
0 0.84609375 0.6265625 0.034375 0.075