0 0.096875 0.01875 0.06484375 0.02421875
0 0.3953125 0.05703125 0.04296875 0.034375
0 0.62265625 0.125 0.08046875 0.02265625
0 0.65 0.1046875 0.06640625 0.01640625
0 0.665625 0.08671875 0.07734375 0.0234375
0 0.509375 0.17265625 0.04765625 0.0234375
0 0.07421875 0.14296875 0.05625 0.02265625
0 0.10703125 0.13046875 0.06484375 0.0328125
0 0.37578125 0.20703125 0.0703125 0.02109375
0 0.8546875 0.1921875 0.07890625 0.0328125
0 0.6421875 0.1921875 0.05 0.01953125
0 0.70625 0.18046875 0.04765625 0.0265625
0 0.91953125 0.10703125 0.06484375 0.02421875
0 0.7890625 0.21640625 0.04921875 0.02734375
0 0.84765625 0.23828125 0.0671875 0.02109375
0 0.71640625 0.26640625 0.0734375 0.034375
0 0.40859375 0.3734375 0.05 0.0328125
0 0.14921875 0.33984375 0.06015625 0.02578125
0 0.0671875 0.30390625 0.04609375 0.040625
0 0.73125 0.41171875 0.04765625 0.02890625
0 0.78046875 0.48359375 0.06640625 0.021875
0 0.04765625 0.41171875 0.071875 0.025
0 0.0609375 0.48046875 0.06484375 0.03125
0 0.1765625 0.4921875 0.0546875 0.025
0 0.22890625 0.54453125 0.0765625 0.0203125
0 0.6484375 0.6265625 0.04296875 0.03046875
0 0.90859375 0.5640625 0.04921875 0.03046875
0 0.2625 0.6765625 0.05 0.028125
0 0.13125 0.76328125 0.03828125 0.0296875
0 0.24140625 0.76171875 0.04375 0.021875
0 0.2859375 0.8078125 0.04453125 0.0203125
0 0.284375 0.84375 0.03671875 0.01953125
0 0.1828125 0.80234375 0.04609375 0.01640625
0 0.61953125 0.7140625 0.04921875 0.021875
0 0.3640625 0.8953125 0.05703125 0.01796875
0 0.60546875 0.9546875 0.06484375 0.02265625
0 0.01015625 0.86171875 0.01953125 0.0265625
0 0.22890625 0.11796875 0.05546875 0.021875
0 0.56328125 0.11015625 0.0703125 0.02109375
0 0.5796875 0.8828125 0.0375 0.0265625