0 0.421875 0.03671875 0.08125 0.0171875
0 0.11875 0.046875 0.0359375 0.025
0 0.11953125 0.0921875 0.046875 0.0203125
0 0.096875 0.11484375 0.046875 0.021875
0 0.2015625 0.09296875 0.040625 0.025
0 0.453125 0.009375 0.046875 0.01875
0 0.28125 0.01171875 0.040625 0.0234375
0 0.784375 0.14375 0.0625 0.03125
0 0.45234375 0.14140625 0.06875 0.0203125
0 0.66015625 0.13984375 0.05625 0.021875
0 0.69453125 0.2203125 0.053125 0.028125
0 0.83515625 0.21484375 0.0734375 0.03125
0 0.928125 0.11484375 0.0515625 0.034375
0 0.58203125 0.0671875 0.0625 0.034375
0 0.90625 0.015625 0.05 0.03125
0 0.71328125 0.0890625 0.046875 0.034375
0 0.22734375 0.378125 0.075 0.0375
0 0.41484375 0.33125 0.053125 0.0265625
0 0.671875 0.35390625 0.0625 0.025
0 0.5046875 0.47265625 0.05625 0.025
0 0.42421875 0.578125 0.05625 0.0296875
0 0.3703125 0.596875 0.046875 0.0203125
0 0.39375 0.48671875 0.0546875 0.025
0 0.1328125 0.4609375 0.04375 0.0265625
0 0.384375 0.41015625 0.04375 0.021875
0 0.87890625 0.77109375 0.0421875 0.028125
0 0.92421875 0.84140625 0.05625 0.028125
0 0.56484375 0.8140625 0.046875 0.0234375
0 0.52890625 0.81015625 0.053125 0.01875
0 0.2140625 0.89296875 0.05 0.025
0 0.11171875 0.728125 0.0625 0.0328125
0 0.1390625 0.69453125 0.0703125 0.034375
0 0.3359375 0.76640625 0.065625 0.03125
0 0.534375 0.921875 0.08125 0.0234375
0 0.3515625 0.86484375 0.0765625 0.0296875
0 0.51171875 0.74375 0.0609375 0.028125
0 0.68984375 0.634375 0.053125 0.03125
0 0.7359375 0.68203125 0.040625 0.025
0 0.62265625 0.69140625 0.046875 0.0234375
0 0.365625 0.67265625 0.0484375 0.021875
0 0.41328125 0.85390625 0.0484375 0.021875
0 0.63828125 0.88203125 0.06875 0.034375
0 0.840625 0.625 0.065625 0.028125
0 0.90625 0.62265625 0.0453125 0.0296875
0 0.0859375 0.18125 0.0734375 0.0234375
0 0.20859375 0.4296875 0.075 0.025
0 0.19921875 0.53828125 0.078125 0.0375
0 0.1265625 0.50546875 0.0578125 0.021875
0 0.334375 0.828125 0.0609375 0.021875
0 0.26796875 0.284375 0.071875 0.028125