0 0.0484375 0.87421875 0.084375 0.03125
0 0.33515625 0.87734375 0.090625 0.01875
0 0.43515625 0.96171875 0.0625 0.025
0 0.559375 0.9703125 0.0671875 0.021875
0 0.471875 0.946875 0.071875 0.0328125
0 0.6375 0.9078125 0.1078125 0.01875
0 0.7171875 0.91953125 0.0625 0.03125
0 0.746875 0.9125 0.0671875 0.028125
0 0.934375 0.9671875 0.0859375 0.0234375
0 0.63203125 0.89140625 0.0296875 0.0375
0 0.75078125 0.88203125 0.10625 0.0265625
0 0.790625 0.85546875 0.084375 0.0203125
0 0.6 0.85234375 0.065625 0.021875
0 0.2984375 0.82109375 0.08125 0.034375
0 0.41953125 0.79765625 0.0359375 0.03125
0 0.5078125 0.78125 0.03125 0.0171875
0 0.60390625 0.76328125 0.071875 0.01875
0 0.58515625 0.74765625 0.040625 0.028125
0 0.64140625 0.73515625 0.0390625 0.015625
0 0.76328125 0.7875 0.0671875 0.01875
0 0.63984375 0.80625 0.04375 0.03125
0 0.2078125 0.72421875 0.08125 0.028125
0 0.1140625 0.72578125 0.0359375 0.03125
0 0.02578125 0.72734375 0.0515625 0.015625
0 0.41015625 0.6734375 0.0375 0.028125
0 0.45390625 0.6796875 0.040625 0.03125
0 0.36640625 0.696875 0.03125 0.0171875
0 0.4828125 0.72421875 0.0390625 0.0265625
0 0.87109375 0.66171875 0.0625 0.0203125
0 0.765625 0.62734375 0.065625 0.025
0 0.5375 0.6265625 0.109375 0.009375
0 0.50234375 0.6578125 0.0484375 0.0234375
0 0.55 0.58671875 0.09375 0.015625
0 0.390625 0.575 0.065625 0.0171875
0 0.22890625 0.53828125 0.05625 0.03125
0 0.1484375 0.5421875 0.090625 0.0296875
0 0.55859375 0.5 0.06875 0.05
0 0.48203125 0.44765625 0.0765625 0.04375
0 0.59765625 0.425 0.053125 0.034375
0 0.58125 0.396875 0.0625 0.028125
0 0.83984375 0.49453125 0.040625 0.028125
0 0.35625 0.34375 0.071875 0.021875
0 0.6359375 0.31015625 0.065625 0.021875
0 0.27734375 0.23359375 0.1265625 0.0375
0 0.2765625 0.2015625 0.0484375 0.0140625
0 0.16796875 0.16953125 0.05 0.03125
0 0.34140625 0.1828125 0.090625 0.0359375
0 0.76484375 0.2515625 0.071875 0.01875
0 0.8546875 0.18515625 0.0328125 0.01875
0 0.7890625 0.20078125 0.040625 0.015625
0 0.9296875 0.31328125 0.0484375 0.01875
0 0.8515625 0.15625 0.0640625 0.015625
0 0.71171875 0.1421875 0.078125 0.015625
0 0.15234375 0.11015625 0.0484375 0.0203125
0 0.41796875 0.02734375 0.0546875 0.0125
0 0.46171875 0.02265625 0.059375 0.0203125
0 0.66796875 0.05390625 0.065625 0.025
0 0.98125 0.06875 0.0375 0.01875