0 0.1296875 0.0375 0.0171875 0.075
0 0.171875 0.0671875 0.040625 0.0609375
0 0.0671875 0.90234375 0.028125 0.08125
0 0.1921875 0.41796875 0.0296875 0.05625
0 0.17265625 0.4375 0.01875 0.075
0 0.2 0.46171875 0.01875 0.0375
0 0.14296875 0.690625 0.0234375 0.0640625
0 0.128125 0.7546875 0.025 0.05625
0 0.17578125 0.7796875 0.021875 0.0515625
0 0.234375 0.775 0.025 0.05
0 0.2265625 0.7921875 0.0234375 0.0453125
0 0.2390625 0.690625 0.0203125 0.059375
0 0.22421875 0.9125 0.025 0.0375
0 0.2265625 0.9625 0.0234375 0.046875
0 0.296875 0.9703125 0.021875 0.059375
0 0.3703125 0.56875 0.021875 0.065625
0 0.4125 0.871875 0.01875 0.04375
0 0.3546875 0.14453125 0.028125 0.05
0 0.4734375 0.4359375 0.03125 0.0375
0 0.50625 0.05859375 0.021875 0.0625
0 0.50546875 0.25078125 0.0171875 0.065625
0 0.54765625 0.15 0.028125 0.034375
0 0.540625 0.1734375 0.021875 0.053125
0 0.6125 0.4109375 0.015625 0.0484375
0 0.58984375 0.40703125 0.0265625 0.05
0 0.5546875 0.69921875 0.028125 0.053125
0 0.52265625 0.79140625 0.01875 0.071875
0 0.68203125 0.34765625 0.01875 0.065625
0 0.7 0.21171875 0.021875 0.053125
0 0.778125 0.578125 0.0203125 0.053125
0 0.78828125 0.49765625 0.0265625 0.06875
0 0.78828125 0.084375 0.015625 0.053125
0 0.76796875 0.109375 0.021875 0.0546875
0 0.75546875 0.11875 0.015625 0.05625
0 0.7734375 0.03828125 0.0203125 0.0625
0 0.83359375 0.5203125 0.021875 0.046875
0 0.84453125 0.58828125 0.015625 0.05
0 0.84296875 0.40390625 0.0265625 0.053125
0 0.83515625 0.428125 0.021875 0.0625
0 0.840625 0.23125 0.021875 0.0546875
0 0.89453125 0.0125 0.03125 0.025
0 0.80703125 0.240625 0.021875 0.05625
0 0.81953125 0.721875 0.0234375 0.0625
0 0.80625 0.6078125 0.021875 0.065625
0 0.9703125 0.359375 0.0234375 0.059375
0 0.92109375 0.87890625 0.0296875 0.0609375
0 0.934375 0.89609375 0.03125 0.05