0 0.74921875 0.02265625 0.071875 0.03125
0 0.490625 0.06640625 0.09375 0.0359375
0 0.6796875 0.09140625 0.0625 0.025
0 0.54921875 0.16328125 0.071875 0.0296875
0 0.46796875 0.14609375 0.0734375 0.0265625
0 0.740625 0.13046875 0.09375 0.034375
0 0.7078125 0.21640625 0.0921875 0.028125
0 0.58515625 0.2375 0.06875 0.025
0 0.428125 0.196875 0.059375 0.0375
0 0.24140625 0.240625 0.096875 0.0375
0 0.303125 0.2765625 0.071875 0.0375
0 0.06953125 0.2328125 0.05625 0.040625
0 0.3015625 0.14453125 0.065625 0.028125
0 0.16484375 0.3890625 0.128125 0.0453125
0 0.03828125 0.47109375 0.053125 0.028125
0 0.17109375 0.45625 0.059375 0.03125
0 0.21796875 0.44296875 0.0625 0.03125
0 0.35390625 0.46796875 0.078125 0.028125
0 0.4328125 0.37578125 0.08125 0.03125
0 0.59140625 0.2921875 0.059375 0.034375
0 0.6796875 0.45234375 0.08125 0.04375
0 0.96953125 0.4296875 0.0609375 0.021875
0 0.81171875 0.58515625 0.078125 0.03125
0 0.95703125 0.60625 0.065625 0.0375
0 0.3046875 0.5671875 0.075 0.0359375
0 0.26640625 0.7 0.0703125 0.034375
0 0.9734375 0.709375 0.053125 0.0375
0 0.7171875 0.7609375 0.0625 0.025
0 0.56328125 0.828125 0.0921875 0.03125
0 0.44375 0.840625 0.075 0.03125
0 0.640625 0.8484375 0.0671875 0.034375
0 0.32109375 0.7828125 0.08125 0.03125
0 0.234375 0.89921875 0.071875 0.034375
0 0.04765625 0.78671875 0.053125 0.034375
0 0.09765625 0.77109375 0.071875 0.0234375
0 0.6703125 0.88046875 0.0765625 0.03125
0 0.7515625 0.94140625 0.08125 0.034375
0 0.81484375 0.9546875 0.090625 0.034375