0 0.1046875 0.82421875 0.021875 0.05625
0 0.07109375 0.76953125 0.01875 0.065625
0 0.03671875 0.32265625 0.0203125 0.0625
0 0.06640625 0.48203125 0.0171875 0.0703125
0 0.109375 0.32734375 0.025 0.071875
0 0.1421875 0.52421875 0.021875 0.0671875
0 0.109375 0.74296875 0.021875 0.05
0 0.140625 0.6921875 0.028125 0.0671875
0 0.12265625 0.60546875 0.0171875 0.0515625
0 0.15078125 0.25 0.015625 0.0859375
0 0.225 0.20859375 0.021875 0.065625
0 0.275 0.234375 0.028125 0.0578125
0 0.2625 0.42265625 0.021875 0.065625
0 0.275 0.57265625 0.025 0.0453125
0 0.26875 0.65859375 0.021875 0.05
0 0.14609375 0.9484375 0.015625 0.053125
0 0.34921875 0.621875 0.03125 0.075
0 0.3796875 0.11953125 0.0359375 0.0484375
0 0.53828125 0.6640625 0.0296875 0.0515625
0 0.49765625 0.06484375 0.028125 0.0453125
0 0.5765625 0.8625 0.028125 0.0546875
0 0.57890625 0.59375 0.021875 0.046875
0 0.5171875 0.51875 0.025 0.0625
0 0.6453125 0.58125 0.025 0.0625
0 0.71796875 0.58828125 0.028125 0.0421875
0 0.71484375 0.83671875 0.025 0.046875
0 0.72109375 0.7703125 0.01875 0.0390625
0 0.66796875 0.946875 0.03125 0.046875
0 0.74765625 0.6828125 0.028125 0.0515625
0 0.74375 0.33515625 0.0203125 0.053125
0 0.70234375 0.31875 0.025 0.0609375
0 0.9078125 0.78125 0.034375 0.0421875
0 0.8734375 0.73984375 0.025 0.065625
0 0.8921875 0.84296875 0.03125 0.04375
0 0.96171875 0.815625 0.028125 0.0546875
0 0.91015625 0.2515625 0.021875 0.0921875
0 0.8453125 0.30390625 0.025 0.071875
0 0.7984375 0.1796875 0.01875 0.05625
0 0.96171875 0.95234375 0.028125 0.0546875