2 0.8171875 0.76015625 0.0421875 0.015625
2 0.85859375 0.81015625 0.02890625 0.021875
2 0.6578125 0.8046875 0.0578125 0.01484375
2 0.7296875 0.82578125 0.0609375 0.01796875
2 0.52421875 0.721875 0.0515625 0.01953125
2 0.35234375 0.7453125 0.04609375 0.01640625
2 0.20703125 0.853125 0.046875 0.01484375
2 0.34453125 0.8328125 0.0546875 0.028125
2 0.7625 0.63828125 0.04921875 0.01953125
2 0.8484375 0.58671875 0.03515625 0.025
2 0.6 0.571875 0.06171875 0.0171875
2 0.5796875 0.59296875 0.0375 0.03046875
2 0.4640625 0.61171875 0.06640625 0.01796875
2 0.30625 0.646875 0.040625 0.01640625
2 0.41796875 0.565625 0.03203125 0.015625
2 0.16015625 0.565625 0.05390625 0.01953125
2 0.53359375 0.50078125 0.04140625 0.0203125
2 0.3921875 0.44609375 0.0515625 0.01875
2 0.1953125 0.45859375 0.06953125 0.0328125
2 0.61171875 0.3640625 0.03984375 0.0234375
2 0.76171875 0.36875 0.0890625 0.01796875
2 0.60234375 0.3140625 0.04765625 0.0265625
2 0.56953125 0.2546875 0.05078125 0.0203125
2 0.35625 0.240625 0.07578125 0.01875
2 0.521875 0.196875 0.05390625 0.01796875
2 0.50546875 0.1546875 0.05390625 0.01640625
2 0.6140625 0.1296875 0.0671875 0.015625
2 0.84296875 0.146875 0.05703125 0.02109375
2 0.92265625 0.1765625 0.0828125 0.0296875
2 0.9375 0.234375 0.0390625 0.025
2 0.68359375 0.1703125 0.06171875 0.0234375
2 0.66171875 0.190625 0.028125 0.01171875
2 0.653125 0.21953125 0.0359375 0.0203125
2 0.51875 0.0890625 0.07578125 0.01484375
2 0.225 0.1875 0.05859375 0.02734375
2 0.22109375 0.0953125 0.06875 0.015625
2 0.25390625 0.10078125 0.040625 0.01640625
2 0.315625 0.0984375 0.04609375 0.01328125
2 0.1109375 0.11171875 0.03203125 0.01875
2 0.06875 0.21484375 0.034375 0.03515625
2 0.1046875 0.23828125 0.0359375 0.028125
2 0.20546875 0.29375 0.03671875 0.03125
2 0.228125 0.37421875 0.04140625 0.0296875
2 0.1796875 0.36796875 0.0390625 0.0265625