0 0.9 0.87734375 0.028125 0.03125
0 0.9296875 0.33359375 0.021875 0.075
0 0.84296875 0.434375 0.025 0.0515625
0 0.82265625 0.35703125 0.034375 0.05625
0 0.95234375 0.01953125 0.0234375 0.0390625
0 0.91328125 0.196875 0.021875 0.053125
0 0.7453125 0.278125 0.0265625 0.0390625
0 0.73984375 0.23515625 0.025 0.0765625
0 0.65625 0.60078125 0.025 0.0453125
0 0.6078125 0.528125 0.028125 0.0390625
0 0.58984375 0.80546875 0.021875 0.05
0 0.690625 0.92578125 0.0390625 0.0625
0 0.6046875 0.98125 0.01875 0.0375
0 0.6296875 0.9765625 0.0265625 0.046875
0 0.4 0.39296875 0.025 0.0578125
0 0.321875 0.7 0.0359375 0.05
0 0.30234375 0.22265625 0.025 0.0515625
0 0.32265625 0.2296875 0.025 0.05625
0 0.396875 0.190625 0.0265625 0.06875
0 0.284375 0.45078125 0.046875 0.028125
0 0.296875 0.5984375 0.0203125 0.028125
0 0.234375 0.62109375 0.03125 0.08125
0 0.1984375 0.61796875 0.0171875 0.1109375
0 0.12890625 0.8421875 0.028125 0.05625
0 0.1578125 0.26875 0.021875 0.078125
0 0.20546875 0.0828125 0.025 0.0734375
0 0.09765625 0.66484375 0.0296875 0.0796875
0 0.03046875 0.65859375 0.03125 0.059375
0 0.04375 0.7796875 0.028125 0.0640625
0 0.03984375 0.7140625 0.0265625 0.053125
0 0.92109375 0.1203125 0.0171875 0.078125
0 0.85390625 0.65859375 0.015625 0.04375
0 0.8453125 0.8328125 0.0328125 0.059375
0 0.69453125 0.759375 0.040625 0.046875
0 0.88671875 0.3984375 0.025 0.059375
0 0.98515625 0.7015625 0.025 0.06875