0 0.33046875 0.0125 0.05625 0.0140625
0 0.3546875 0.0359375 0.053125 0.028125
0 0.36015625 0.009375 0.05625 0.01875
0 0.24453125 0.09375 0.06875 0.015625
0 0.39609375 0.07421875 0.04375 0.025
0 0.56640625 0.09921875 0.05625 0.0203125
0 0.63828125 0.09921875 0.075 0.03125
0 0.88359375 0.10078125 0.0875 0.025
0 0.85859375 0.1703125 0.0625 0.025
0 0.05859375 0.10703125 0.05 0.021875
0 0.34921875 0.2921875 0.040625 0.0375
0 0.58046875 0.22421875 0.0578125 0.0203125
0 0.6140625 0.2328125 0.0640625 0.025
0 0.92578125 0.27421875 0.05 0.03125
0 0.93125 0.19140625 0.0625 0.0265625
0 0.7953125 0.35546875 0.059375 0.028125
0 0.88515625 0.3859375 0.05 0.021875
0 0.8515625 0.45390625 0.03125 0.025
0 0.64765625 0.4078125 0.04375 0.028125
0 0.596875 0.3921875 0.040625 0.034375
0 0.1828125 0.51796875 0.046875 0.0390625
0 0.69453125 0.57265625 0.05 0.009375
0 0.575 0.4671875 0.071875 0.01875
0 0.38515625 0.590625 0.071875 0.021875
0 0.328125 0.6359375 0.0328125 0.0375
0 0.096875 0.6359375 0.0546875 0.0296875
0 0.03125 0.5953125 0.0625 0.0203125
0 0.296875 0.684375 0.053125 0.025
0 0.7265625 0.69765625 0.0921875 0.03125
0 0.284375 0.81484375 0.04375 0.025
0 0.1984375 0.7703125 0.05625 0.0171875
0 0.27265625 0.79296875 0.0625 0.01875
0 0.21328125 0.8265625 0.0375 0.028125
0 0.0671875 0.83984375 0.059375 0.0265625
0 0.1078125 0.95 0.084375 0.028125
0 0.41328125 0.9140625 0.078125 0.0203125
0 0.04140625 0.9375 0.05625 0.025
0 0.325 0.8625 0.06875 0.028125
0 0.72265625 0.7953125 0.059375 0.0296875