0 0.92265625 0.1 0.01875 0.0609375
0 0.97890625 0.321875 0.03125 0.090625
0 0.97890625 0.7109375 0.01875 0.0625
0 0.9796875 0.93828125 0.025 0.1171875
0 0.88125 0.77421875 0.0171875 0.0609375
0 0.8734375 0.5734375 0.021875 0.0546875
0 0.77734375 0.65390625 0.015625 0.0375
0 0.76484375 0.68515625 0.025 0.0296875
0 0.796875 0.69296875 0.021875 0.0359375
0 0.815625 0.9 0.015625 0.059375
0 0.84140625 0.965625 0.015625 0.06875
0 0.76640625 0.98046875 0.028125 0.034375
0 0.73203125 0.665625 0.0171875 0.05625
0 0.85234375 0.4328125 0.0171875 0.10625
0 0.79140625 0.3265625 0.03125 0.046875
0 0.8515625 0.02421875 0.034375 0.0484375
0 0.87265625 0.3453125 0.028125 0.03125
0 0.88984375 0.3359375 0.025 0.034375
0 0.7125 0.05625 0.0265625 0.05
0 0.72890625 0.1203125 0.021875 0.0328125
0 0.64765625 0.634375 0.025 0.046875
0 0.6125 0.365625 0.03125 0.065625
0 0.6203125 0.128125 0.015625 0.04375
0 0.6078125 0.06171875 0.015625 0.034375
0 0.53046875 0.21796875 0.025 0.0328125
0 0.5453125 0.253125 0.015625 0.025
0 0.56328125 0.24921875 0.028125 0.0546875
0 0.4234375 0.41171875 0.025 0.05
0 0.3 0.6046875 0.028125 0.0625
0 0.38984375 0.2515625 0.021875 0.034375
0 0.31484375 0.30859375 0.021875 0.04375
0 0.303125 0.25234375 0.0234375 0.05
0 0.35078125 0.228125 0.01875 0.065625
0 0.35390625 0.05546875 0.01875 0.034375
0 0.25859375 0.296875 0.01875 0.059375
0 0.178125 0.2203125 0.01875 0.046875
0 0.15859375 0.23671875 0.015625 0.046875
0 0.18046875 0.58515625 0.01875 0.06875
0 0.228125 0.81328125 0.015625 0.040625
0 0.221875 0.871875 0.0171875 0.05625
0 0.20859375 0.8640625 0.015625 0.03125
0 0.16875 0.92421875 0.021875 0.065625
0 0.1734375 0.7453125 0.0140625 0.034375
0 0.14453125 0.90703125 0.01875 0.075
0 0.11875 0.88671875 0.028125 0.053125
0 0.07734375 0.846875 0.03125 0.0515625
0 0.06796875 0.9734375 0.0203125 0.03125
0 0.03359375 0.721875 0.025 0.0421875
0 0.0515625 0.25703125 0.0328125 0.053125