0 0.03046875 0.2078125 0.015625 0.0734375
0 0.0796875 0.4625 0.0171875 0.059375
0 0.0890625 0.70546875 0.034375 0.046875
0 0.10625 0.67109375 0.0296875 0.0375
0 0.11953125 0.3984375 0.025 0.0703125
0 0.16171875 0.17421875 0.021875 0.053125
0 0.0921875 0.0640625 0.01875 0.0640625
0 0.1671875 0.834375 0.015625 0.0546875
0 0.2015625 0.58515625 0.01875 0.0671875
0 0.23046875 0.52265625 0.0203125 0.04375
0 0.25 0.3796875 0.0171875 0.0546875
0 0.27109375 0.3125 0.028125 0.034375
0 0.25234375 0.2875 0.0203125 0.059375
0 0.20859375 0.15859375 0.025 0.0578125
0 0.240625 0.77265625 0.025 0.0375
0 0.346875 0.65 0.025 0.0375
0 0.42421875 0.21875 0.01875 0.0546875
0 0.44609375 0.259375 0.01875 0.0375
0 0.29609375 0.16875 0.015625 0.059375
0 0.5703125 0.4078125 0.0125 0.06875
0 0.69609375 0.5671875 0.03125 0.046875
0 0.7046875 0.95546875 0.028125 0.0296875
0 0.7609375 0.934375 0.0265625 0.021875
0 0.8265625 0.81171875 0.021875 0.0734375
0 0.8375 0.58046875 0.0203125 0.065625
0 0.81796875 0.45625 0.015625 0.053125
0 0.96328125 0.9734375 0.015625 0.053125
0 0.9296875 0.8828125 0.01875 0.04375
0 0.91953125 0.86484375 0.015625 0.0453125
0 0.9203125 0.83203125 0.025 0.0546875
0 0.853125 0.85703125 0.021875 0.0625
0 0.94921875 0.21171875 0.01875 0.0546875
0 0.98359375 0.26953125 0.01875 0.0625
0 0.946875 0.5859375 0.025 0.0625
0 0.93203125 0.58203125 0.015625 0.084375
0 0.71796875 0.24375 0.0328125 0.0578125
0 0.77265625 0.40234375 0.01875 0.05
0 0.234375 0.684375 0.0203125 0.0375
0 0.15078125 0.4828125 0.0203125 0.071875
0 0.27265625 0.0953125 0.0234375 0.04375
0 0.8484375 0.346875 0.025 0.065625
0 0.79375 0.55390625 0.01875 0.05625