2 0.815625 0.38828125 0.021875 0.078125
2 0.86171875 0.2453125 0.025 0.071875
2 0.8359375 0.68125 0.028125 0.065625
2 0.83828125 0.80546875 0.01875 0.0765625
2 0.7578125 0.63203125 0.028125 0.065625
2 0.66875 0.5515625 0.03125 0.059375
2 0.76171875 0.69375 0.040625 0.0546875
2 0.6171875 0.8671875 0.04375 0.059375
2 0.76328125 0.90859375 0.0328125 0.0421875
2 0.821875 0.17734375 0.025 0.059375
2 0.40859375 0.9328125 0.04375 0.040625
2 0.346875 0.89375 0.0375 0.0609375
2 0.4296875 0.80078125 0.040625 0.0359375
2 0.49296875 0.74296875 0.0375 0.0515625
2 0.43515625 0.60859375 0.0375 0.05625
2 0.41640625 0.75 0.034375 0.0515625
2 0.1234375 0.78125 0.03125 0.075
2 0.02265625 0.85234375 0.03125 0.1109375
2 0.103125 0.425 0.021875 0.078125
2 0.09375 0.1609375 0.01875 0.08125
2 0.07421875 0.14453125 0.0265625 0.1
2 0.15 0.415625 0.03125 0.053125
2 0.14921875 0.240625 0.0234375 0.0703125
2 0.20078125 0.2984375 0.028125 0.0546875
2 0.2421875 0.95 0.0375 0.046875
2 0.2484375 0.82421875 0.0375 0.053125
2 0.0984375 0.82890625 0.028125 0.0515625
2 0.428125 0.28828125 0.034375 0.0625
2 0.59140625 0.609375 0.028125 0.04375
2 0.68203125 0.97265625 0.034375 0.040625