0 0.8984375 0.15 0.06875 0.01875
0 0.6609375 0.11328125 0.053125 0.01875
0 0.03125 0.29375 0.0625 0.025
0 0.83203125 0.1140625 0.0421875 0.01875
0 0.39765625 0.2140625 0.059375 0.025
0 0.07890625 0.671875 0.053125 0.034375
0 0.37421875 0.88828125 0.053125 0.0328125
0 0.359375 0.61796875 0.053125 0.021875
0 0.47890625 0.975 0.053125 0.025
0 0.74453125 0.625 0.05625 0.03125
0 0.60078125 0.81796875 0.0484375 0.0296875
0 0.37109375 0.259375 0.0703125 0.0265625
0 0.0171875 0.3484375 0.034375 0.025
0 0.021875 0.69140625 0.04375 0.0328125
0 0.45625 0.865625 0.053125 0.025
0 0.40859375 0.18359375 0.0609375 0.01875
0 0.20859375 0.66171875 0.0515625 0.03125
0 0.228125 0.16796875 0.0515625 0.025
0 0.71328125 0.896875 0.059375 0.0265625
0 0.68203125 0.7625 0.0453125 0.028125
0 0.8 0.0875 0.06875 0.015625
0 0.8015625 0.1234375 0.046875 0.025
0 0.64453125 0.496875 0.0375 0.0296875
0 0.72734375 0.2828125 0.08125 0.021875
0 0.91171875 0.26953125 0.05625 0.021875
0 0.1984375 0.05 0.065625 0.021875
0 0.05078125 0.06796875 0.0421875 0.0234375
0 0.2359375 0.771875 0.0625 0.025
0 0.81953125 0.02890625 0.05625 0.025
0 0.62265625 0.90078125 0.05625 0.0171875
0 0.41953125 0.01328125 0.0625 0.0203125
0 0.8046875 0.3375 0.046875 0.025
0 0.61875 0.38671875 0.05 0.021875
0 0.3765625 0.35234375 0.053125 0.021875