0 0.934375 0.86953125 0.0296875 0.103125
0 0.96015625 0.5203125 0.034375 0.0703125
0 0.98671875 0.48203125 0.025 0.0796875
0 0.940625 0.7078125 0.028125 0.065625
0 0.91875 0.21875 0.01875 0.0796875
0 0.990625 0.07890625 0.01875 0.0796875
0 0.8921875 0.79609375 0.021875 0.0609375
0 0.8953125 0.9734375 0.028125 0.053125
0 0.884375 0.89375 0.021875 0.071875
0 0.83046875 0.9640625 0.025 0.071875
0 0.84609375 0.6796875 0.021875 0.0875
0 0.859375 0.59765625 0.025 0.06875
0 0.85546875 0.38359375 0.021875 0.084375
0 0.8375 0.465625 0.021875 0.065625
0 0.84453125 0.2125 0.03125 0.071875
0 0.815625 0.30703125 0.0328125 0.075
0 0.79765625 0.37109375 0.03125 0.0875
0 0.79375 0.54609375 0.025 0.078125
0 0.759375 0.72734375 0.0375 0.0375
0 0.78359375 0.778125 0.0421875 0.0625
0 0.70546875 0.015625 0.0265625 0.03125
0 0.6921875 0.6328125 0.03125 0.0625
0 0.6296875 0.7 0.0390625 0.046875
0 0.62109375 0.91171875 0.0390625 0.0453125
0 0.60546875 0.4125 0.0453125 0.0609375
0 0.4046875 0.64375 0.021875 0.071875
0 0.38984375 0.9625 0.034375 0.05625
0 0.265625 0.66796875 0.040625 0.053125
0 0.18203125 0.46640625 0.01875 0.065625
0 0.2140625 0.440625 0.03125 0.05
0 0.2109375 0.7515625 0.025 0.078125
0 0.1375 0.8453125 0.025 0.0875
0 0.07578125 0.10078125 0.028125 0.084375
0 0.06796875 0.02578125 0.03125 0.0515625
0 0.12421875 0.08125 0.034375 0.0375
0 0.21640625 0.11015625 0.040625 0.046875
0 0.175 0.8828125 0.034375 0.071875
0 0.19375 0.3875 0.04375 0.046875