0 0.08671875 0.02421875 0.05625 0.0203125
0 0.19609375 0.02109375 0.07265625 0.02890625
0 0.20390625 0.1578125 0.09375 0.034375
0 0.17109375 0.11953125 0.0546875 0.025
0 0.4390625 0.0703125 0.06015625 0.0203125
0 0.69453125 0.05625 0.08671875 0.02734375
0 0.85 0.14375 0.04921875 0.02890625
0 0.6640625 0.14609375 0.05546875 0.025
0 0.69140625 0.12421875 0.0359375 0.02265625
0 0.79140625 0.1234375 0.0546875 0.03125
0 0.49921875 0.2296875 0.084375 0.04296875
0 0.59921875 0.20390625 0.090625 0.03203125
0 0.075 0.3359375 0.08046875 0.02421875
0 0.3453125 0.3828125 0.08125 0.03046875
0 0.215625 0.4421875 0.0734375 0.0203125
0 0.228125 0.52734375 0.04296875 0.03515625
0 0.13984375 0.56484375 0.04765625 0.03046875
0 0.0390625 0.50078125 0.0609375 0.03671875
0 0.26171875 0.49921875 0.04453125 0.034375
0 0.50625 0.62265625 0.0734375 0.0359375
0 0.85546875 0.69609375 0.04921875 0.0234375
0 0.9328125 0.765625 0.0546875 0.02890625
0 0.109375 0.81328125 0.07421875 0.01640625
0 0.2484375 0.78515625 0.084375 0.03359375
0 0.27734375 0.8421875 0.05 0.01796875
0 0.159375 0.78125 0.05859375 0.02421875
0 0.065625 0.71484375 0.05546875 0.0359375
0 0.5265625 0.84921875 0.05234375 0.0234375
0 0.59765625 0.8828125 0.0484375 0.028125
0 0.33359375 0.8171875 0.06640625 0.02421875
0 0.79140625 0.41171875 0.06484375 0.0375