0 0.3640625 0.090625 0.059375 0.0265625
0 0.49609375 0.13828125 0.05 0.03359375
0 0.0953125 0.08046875 0.0546875 0.02109375
0 0.21484375 0.315625 0.05625 0.0296875
0 0.48515625 0.22578125 0.05 0.040625
0 0.565625 0.18046875 0.06328125 0.02109375
0 0.82578125 0.1359375 0.06171875 0.03359375
0 0.9546875 0.21015625 0.0875 0.03125
0 0.91796875 0.26171875 0.05390625 0.02421875
0 0.77734375 0.33046875 0.04375 0.03984375
0 0.26484375 0.35 0.04375 0.0265625
0 0.13359375 0.45078125 0.0453125 0.0375
0 0.278125 0.5328125 0.0875 0.0390625
0 0.2484375 0.5 0.0375 0.02578125
0 0.49921875 0.621875 0.05234375 0.04375
0 0.42890625 0.671875 0.07890625 0.053125
0 0.278125 0.69765625 0.05 0.04765625
0 0.0328125 0.6765625 0.065625 0.046875
0 0.84921875 0.5015625 0.040625 0.0453125
0 0.7953125 0.78203125 0.06171875 0.0421875
0 0.59296875 0.73125 0.04921875 0.040625
0 0.290625 0.859375 0.040625 0.03359375
0 0.3046875 0.9046875 0.08515625 0.01796875
0 0.0296875 0.27265625 0.05859375 0.01875
0 0.5546875 0.11875 0.06953125 0.0265625
0 0.47578125 0.1046875 0.03828125 0.02265625