0 0.94921875 0.034375 0.0671875 0.028125
0 0.5625 0.1046875 0.0859375 0.025
0 0.6421875 0.12734375 0.0828125 0.025
0 0.96953125 0.14296875 0.0609375 0.01875
0 0.90234375 0.13671875 0.0609375 0.0375
0 0.1484375 0.18359375 0.0625 0.0296875
0 0.55625 0.0703125 0.0859375 0.025
0 0.390625 0.06953125 0.0546875 0.0296875
0 0.16484375 0.07265625 0.0640625 0.021875
0 0.05625 0.05234375 0.08125 0.021875
0 0.221875 0.01171875 0.0875 0.0234375
0 0.78359375 0.09296875 0.075 0.025
0 0.09375 0.1375 0.0625 0.01875
0 0.603125 0.2078125 0.05 0.021875
0 0.32421875 0.2125 0.0734375 0.015625
0 0.31328125 0.17421875 0.0515625 0.01875
0 0.28125 0.296875 0.053125 0.034375
0 0.10703125 0.25703125 0.04375 0.025
0 0.08515625 0.25546875 0.04375 0.03125
0 0.97421875 0.37265625 0.0515625 0.0234375
0 0.94609375 0.43046875 0.0390625 0.025
0 0.9265625 0.40703125 0.046875 0.028125
0 0.9515625 0.4703125 0.0453125 0.021875
0 0.3171875 0.52734375 0.078125 0.028125
0 0.94375 0.459375 0.0578125 0.021875
0 0.08984375 0.37890625 0.053125 0.025
0 0.41015625 0.58046875 0.05 0.025
0 0.403125 0.65546875 0.053125 0.025
0 0.36953125 0.6265625 0.0546875 0.0171875
0 0.43984375 0.6578125 0.053125 0.0171875
0 0.353125 0.71171875 0.046875 0.0390625
0 0.209375 0.66640625 0.05625 0.021875
0 0.9671875 0.73359375 0.0484375 0.021875
0 0.9109375 0.82109375 0.0578125 0.025
0 0.79140625 0.8125 0.05 0.021875
0 0.403125 0.79140625 0.0578125 0.01875
0 0.30859375 0.86015625 0.06875 0.021875
0 0.18125 0.81015625 0.04375 0.0375
0 0.0984375 0.9609375 0.06875 0.025
0 0.42421875 0.92734375 0.071875 0.0296875
0 0.5890625 0.90703125 0.075 0.025
0 0.6 0.88984375 0.065625 0.0328125
0 0.92265625 0.94453125 0.06875 0.028125
0 0.98515625 0.85234375 0.0296875 0.0265625