2 0.8171875 0.90703125 0.01875 0.040625
2 0.71328125 0.71484375 0.021875 0.0390625
2 0.7875 0.63359375 0.01875 0.0375
2 0.73515625 0.51015625 0.0171875 0.04375
2 0.82421875 0.471875 0.0140625 0.0390625
2 0.8125 0.3453125 0.01875 0.053125
2 0.8453125 0.43671875 0.01875 0.0484375
2 0.85703125 0.59140625 0.0203125 0.046875
2 0.74921875 0.73359375 0.0171875 0.028125
2 0.6734375 0.59453125 0.021875 0.028125
2 0.69296875 0.5953125 0.0171875 0.0484375
2 0.65859375 0.20546875 0.01875 0.059375
2 0.79453125 0.134375 0.0296875 0.034375
2 0.8171875 0.10703125 0.0234375 0.053125
2 0.690625 0.48046875 0.028125 0.059375
2 0.51171875 0.43203125 0.028125 0.04375
2 0.5625 0.30703125 0.028125 0.0421875
2 0.525 0.1578125 0.0296875 0.053125
2 0.51015625 0.12734375 0.0296875 0.075
2 0.43203125 0.5046875 0.021875 0.0625
2 0.40625 0.48046875 0.025 0.040625
2 0.32109375 0.3984375 0.0328125 0.071875
2 0.2765625 0.53671875 0.0265625 0.0953125
2 0.2953125 0.5921875 0.040625 0.078125
2 0.4015625 0.08359375 0.021875 0.0375
2 0.33359375 0.05859375 0.0203125 0.071875
2 0.25546875 0.034375 0.021875 0.03125
2 0.178125 0.06796875 0.025 0.040625
2 0.146875 0.3453125 0.015625 0.0625
2 0.16796875 0.3984375 0.0265625 0.028125
2 0.1265625 0.53828125 0.0171875 0.08125
2 0.125 0.6421875 0.028125 0.0234375
2 0.19453125 0.7765625 0.01875 0.03125
2 0.10703125 0.75625 0.025 0.05625
2 0.1859375 0.84296875 0.01875 0.03125
2 0.11171875 0.43515625 0.01875 0.078125