0 0.8296875 0.16875 0.059375 0.028125
0 0.78671875 0.2734375 0.06875 0.021875
0 0.265625 0.24765625 0.0703125 0.025
0 0.40859375 0.3234375 0.071875 0.034375
0 0.5484375 0.225 0.08125 0.03125
0 0.07734375 0.190625 0.08125 0.021875
0 0.03671875 0.26015625 0.046875 0.0234375
0 0.02421875 0.23125 0.046875 0.01875
0 0.11796875 0.2546875 0.0625 0.03125
0 0.140625 0.1140625 0.065625 0.021875
0 0.453125 0.09609375 0.065625 0.0296875
0 0.57578125 0.10625 0.05625 0.025
0 0.5671875 0.065625 0.06875 0.034375
0 0.8171875 0.05 0.0765625 0.034375
0 0.02890625 0.3734375 0.0578125 0.0421875
0 0.0203125 0.409375 0.040625 0.028125
0 0.28125 0.6046875 0.078125 0.021875
0 0.75078125 0.55390625 0.05625 0.0265625
0 0.79765625 0.51015625 0.090625 0.05
0 0.0875 0.675 0.0734375 0.040625
0 0.04296875 0.71796875 0.04375 0.0375
0 0.20625 0.74296875 0.06875 0.01875
0 0.22890625 0.784375 0.065625 0.03125
0 0.38515625 0.85234375 0.053125 0.028125
0 0.2234375 0.94921875 0.05 0.025
0 0.08984375 0.88515625 0.09375 0.028125
0 0.515625 0.7703125 0.04375 0.0375
0 0.74140625 0.72265625 0.0734375 0.034375