0 0.04140625 0.23828125 0.01875 0.053125
0 0.09375 0.15703125 0.0171875 0.040625
0 0.09375 0.25625 0.015625 0.0640625
0 0.16328125 0.1703125 0.021875 0.0375
0 0.2859375 0.5171875 0.0265625 0.0578125
0 0.2859375 0.87734375 0.0140625 0.0515625
0 0.1671875 0.903125 0.0421875 0.06875
0 0.1390625 0.9078125 0.0203125 0.05625
0 0.04375 0.77734375 0.01875 0.0328125
0 0.015625 0.8046875 0.015625 0.053125
0 0.1359375 0.57265625 0.025 0.05
0 0.10703125 0.96953125 0.034375 0.05
0 0.19609375 0.58828125 0.034375 0.06875
0 0.30625 0.14375 0.0234375 0.071875
0 0.34765625 0.16328125 0.025 0.04375
0 0.328125 0.134375 0.021875 0.040625
0 0.5109375 0.7109375 0.03125 0.0671875
0 0.49296875 0.73125 0.015625 0.040625
0 0.46796875 0.675 0.021875 0.053125
0 0.4703125 0.88671875 0.0375 0.0421875
0 0.35625 0.9703125 0.03125 0.0453125
0 0.29609375 0.98203125 0.015625 0.034375
0 0.39765625 0.18203125 0.021875 0.03125
0 0.47109375 0.2515625 0.021875 0.0421875
0 0.57109375 0.66015625 0.0375 0.04375
0 0.5703125 0.76953125 0.025 0.059375
0 0.64609375 0.65546875 0.021875 0.05625
0 0.6671875 0.8578125 0.028125 0.0421875
0 0.57109375 0.2265625 0.0234375 0.071875
0 0.77265625 0.309375 0.028125 0.046875
0 0.75390625 0.51640625 0.021875 0.0625
0 0.80625 0.48203125 0.01875 0.05625
0 0.85546875 0.33828125 0.0140625 0.053125
0 0.8796875 0.209375 0.01875 0.046875
0 0.8671875 0.56328125 0.025 0.05
0 0.846875 0.93203125 0.0125 0.06875
0 0.95 0.765625 0.05625 0.10625
0 0.9078125 0.45546875 0.025 0.046875
0 0.83828125 0.7703125 0.025 0.04375
0 0.86484375 0.87265625 0.01875 0.05625
0 0.80703125 0.93359375 0.028125 0.065625
0 0.61328125 0.634375 0.01875 0.040625
0 0.51484375 0.5328125 0.0234375 0.05625
0 0.078125 0.53046875 0.0265625 0.04375