0 0.8640625 0.05859375 0.0890625 0.02890625
0 0.43046875 0.16953125 0.05390625 0.01796875
0 0.49609375 0.1859375 0.06796875 0.02734375
0 0.675 0.14296875 0.08203125 0.01875
0 0.7640625 0.13203125 0.05390625 0.0296875
0 0.81171875 0.13515625 0.0546875 0.02890625
0 0.75234375 0.1765625 0.06015625 0.0234375
0 0.65078125 0.2296875 0.06015625 0.028125
0 0.74140625 0.22109375 0.05 0.025
0 0.9109375 0.22421875 0.06875 0.025
0 0.95546875 0.21796875 0.04609375 0.02421875
0 0.965625 0.29609375 0.05234375 0.028125
0 0.165625 0.365625 0.03984375 0.02890625
0 0.4296875 0.475 0.034375 0.03046875
0 0.05 0.5015625 0.0640625 0.021875
0 0.58359375 0.36953125 0.06484375 0.01328125
0 0.8671875 0.4125 0.0625 0.021875
0 0.16171875 0.55390625 0.0359375 0.02578125
0 0.18828125 0.55078125 0.0390625 0.01640625
0 0.40234375 0.58828125 0.04453125 0.02578125
0 0.6890625 0.5703125 0.0453125 0.015625
0 0.68671875 0.5453125 0.03515625 0.0171875
0 0.403125 0.6109375 0.04296875 0.01875
0 0.78203125 0.521875 0.06640625 0.02421875
0 0.5890625 0.7765625 0.04296875 0.0203125
0 0.5265625 0.82890625 0.06875 0.02109375
0 0.61484375 0.8359375 0.05546875 0.01953125
0 0.4484375 0.83984375 0.04765625 0.0203125
0 0.3828125 0.83671875 0.06015625 0.0140625
0 0.36328125 0.68203125 0.08046875 0.01875
0 0.23046875 0.71015625 0.05078125 0.0234375
0 0.14296875 0.76640625 0.06484375 0.0171875
0 0.13984375 0.75234375 0.04453125 0.01953125
0 0.01640625 0.88671875 0.0328125 0.03359375
0 0.2265625 0.83828125 0.0546875 0.01953125
0 0.2765625 0.8015625 0.06875 0.02265625
0 0.97734375 0.67578125 0.0453125 0.02734375
0 0.92890625 0.43828125 0.0421875 0.02578125
0 0.06328125 0.1734375 0.0453125 0.03046875
0 0.765625 0.21328125 0.046875 0.021875
0 0.396875 0.9734375 0.0625 0.02421875
0 0.8546875 0.96328125 0.06484375 0.01640625