0 0.9671875 0.79921875 0.0203125 0.0546875
0 0.92734375 0.4625 0.01875 0.071875
0 0.90390625 0.7515625 0.0203125 0.053125
0 0.878125 0.49765625 0.015625 0.05625
0 0.8625 0.61328125 0.0171875 0.05625
0 0.8484375 0.55859375 0.01875 0.053125
0 0.8484375 0.7828125 0.021875 0.04375
0 0.871875 0.78828125 0.021875 0.053125
0 0.81640625 0.35703125 0.0203125 0.0578125
0 0.74921875 0.40390625 0.01875 0.1
0 0.72578125 0.67890625 0.021875 0.06875
0 0.709375 0.7609375 0.0234375 0.0578125
0 0.71328125 0.06953125 0.03125 0.053125
0 0.69609375 0.12265625 0.021875 0.0640625
0 0.63828125 0.2078125 0.025 0.06875
0 0.52890625 0.9125 0.015625 0.053125
0 0.51484375 0.525 0.01875 0.0625
0 0.5078125 0.25234375 0.021875 0.06875
0 0.47578125 0.1734375 0.03125 0.03125
0 0.4546875 0.64453125 0.03125 0.05
0 0.3734375 0.79140625 0.0265625 0.046875
0 0.3453125 0.721875 0.021875 0.05625
0 0.34765625 0.3921875 0.0265625 0.053125
0 0.39296875 0.34453125 0.0125 0.04375
0 0.37265625 0.109375 0.028125 0.040625
0 0.33359375 0.09375 0.025 0.05625
0 0.2890625 0.1109375 0.03125 0.028125
0 0.29765625 0.58671875 0.01875 0.0375
0 0.30703125 0.565625 0.025 0.0453125
0 0.26328125 0.8328125 0.03125 0.034375
0 0.284375 0.91171875 0.028125 0.0359375
0 0.23125 0.7984375 0.0265625 0.0296875
0 0.2125 0.84921875 0.021875 0.05
0 0.1890625 0.903125 0.021875 0.071875
0 0.17734375 0.8640625 0.03125 0.059375
0 0.1703125 0.69609375 0.015625 0.059375
0 0.18359375 0.7046875 0.0203125 0.065625
0 0.15703125 0.4890625 0.025 0.040625
0 0.1609375 0.4578125 0.0234375 0.0453125
0 0.15 0.2390625 0.0265625 0.025
0 0.09140625 0.48359375 0.03125 0.034375
0 0.1109375 0.37734375 0.01875 0.0546875
0 0.0421875 0.09296875 0.025 0.053125
0 0.04375 0.4390625 0.0234375 0.065625
0 0.1046875 0.73359375 0.01875 0.0375
0 0.12265625 0.80546875 0.0296875 0.04375