0 0.028125 0.69609375 0.01875 0.05625
0 0.02734375 0.49453125 0.025 0.05625
0 0.0296875 0.5828125 0.03125 0.046875
0 0.09296875 0.53515625 0.015625 0.0625
0 0.07578125 0.48046875 0.028125 0.0421875
0 0.07890625 0.25859375 0.021875 0.059375
0 0.05234375 0.13828125 0.021875 0.065625
0 0.128125 0.8703125 0.025 0.046875
0 0.11953125 0.13671875 0.01875 0.0640625
0 0.2328125 0.38203125 0.025 0.071875
0 0.25546875 0.29921875 0.021875 0.04375
0 0.334375 0.66953125 0.034375 0.04375
0 0.35703125 0.14375 0.025 0.06875
0 0.41328125 0.37109375 0.03125 0.040625
0 0.45234375 0.32890625 0.028125 0.040625
0 0.4625 0.4046875 0.0203125 0.0546875
0 0.540625 0.65859375 0.0375 0.0625
0 0.53671875 0.7859375 0.0265625 0.0421875
0 0.55625 0.85078125 0.03125 0.0375
0 0.60234375 0.975 0.021875 0.05
0 0.6515625 0.9546875 0.034375 0.046875
0 0.65 0.81015625 0.0203125 0.0640625
0 0.69140625 0.78046875 0.021875 0.0578125
0 0.55859375 0.3203125 0.028125 0.0546875
0 0.509375 0.0984375 0.0265625 0.05
0 0.74765625 0.91640625 0.025 0.0578125
0 0.8109375 0.8953125 0.03125 0.05
0 0.83515625 0.6859375 0.021875 0.0640625
0 0.78671875 0.7125 0.0171875 0.065625
0 0.846875 0.39140625 0.0234375 0.08125
0 0.86953125 0.446875 0.0234375 0.05625
0 0.9484375 0.5578125 0.025 0.084375
0 0.88828125 0.50546875 0.025 0.065625
0 0.678125 0.078125 0.025 0.059375