0 0.7296875 0.02109375 0.07265625 0.03046875
0 0.91328125 0.01640625 0.053125 0.025
0 0.8734375 0.0703125 0.06640625 0.0234375
0 0.51953125 0.07578125 0.09921875 0.0265625
0 0.2953125 0.115625 0.0578125 0.02734375
0 0.2140625 0.096875 0.0640625 0.02578125
0 0.37734375 0.16796875 0.0453125 0.0125
0 0.36796875 0.1421875 0.046875 0.0234375
0 0.66171875 0.11953125 0.071875 0.028125
0 0.79140625 0.11796875 0.06484375 0.021875
0 0.7984375 0.15234375 0.06484375 0.021875
0 0.965625 0.1421875 0.06875 0.0265625
0 0.97890625 0.1984375 0.03828125 0.02734375
0 0.965625 0.22890625 0.05703125 0.03125
0 0.73046875 0.1859375 0.06640625 0.034375
0 0.7671875 0.22578125 0.05234375 0.02578125
0 0.28828125 0.18203125 0.03359375 0.02734375
0 0.109375 0.13359375 0.04375 0.0203125
0 0.121875 0.15546875 0.03984375 0.0140625
0 0.0953125 0.1796875 0.034375 0.02578125
0 0.73984375 0.32890625 0.04765625 0.03046875
0 0.2109375 0.425 0.06640625 0.03203125
0 0.52578125 0.49609375 0.075 0.0390625
0 0.46796875 0.56953125 0.0671875 0.03515625
0 0.16796875 0.5609375 0.05703125 0.02109375
0 0.64140625 0.68828125 0.06015625 0.03359375
0 0.67578125 0.61796875 0.06171875 0.025
0 0.13046875 0.6546875 0.05625 0.02890625
0 0.14296875 0.75 0.06171875 0.02890625
0 0.07890625 0.740625 0.06171875 0.0265625
0 0.28203125 0.7703125 0.0796875 0.02421875
0 0.3890625 0.7921875 0.04921875 0.0234375
0 0.39140625 0.81328125 0.075 0.02421875
0 0.175 0.7890625 0.04296875 0.01953125
0 0.77421875 0.74453125 0.053125 0.0234375
0 0.79296875 0.803125 0.05625 0.028125
0 0.61171875 0.8953125 0.0578125 0.03203125
0 0.44921875 0.8921875 0.04296875 0.025
0 0.33828125 0.89296875 0.0609375 0.02265625
0 0.0765625 0.93984375 0.065625 0.0234375
0 0.0546875 0.8328125 0.04296875 0.01875
0 0.059375 0.8609375 0.0703125 0.01953125
0 0.96953125 0.95703125 0.05234375 0.0296875
0 0.771875 0.86875 0.04609375 0.02734375