0 0.98046875 0.3328125 0.03125 0.0515625
0 0.965625 0.4296875 0.028125 0.06875
0 0.95859375 0.71875 0.021875 0.0765625
0 0.946875 0.465625 0.0234375 0.065625
0 0.94765625 0.26015625 0.028125 0.040625
0 0.92578125 0.18203125 0.01875 0.071875
0 0.8875 0.1953125 0.03125 0.065625
0 0.90546875 0.43125 0.03125 0.08125
0 0.721875 0.25390625 0.03125 0.059375
0 0.7546875 0.39765625 0.021875 0.071875
0 0.6515625 0.67578125 0.0390625 0.0796875
0 0.53203125 0.40234375 0.028125 0.0625
0 0.52890625 0.49375 0.025 0.075
0 0.43984375 0.71796875 0.0375 0.06875
0 0.4296875 0.87421875 0.0125 0.0765625
0 0.4890625 0.84140625 0.025 0.0578125
0 0.49140625 0.61015625 0.0171875 0.040625
0 0.4375 0.32890625 0.028125 0.0875
0 0.36484375 0.44296875 0.028125 0.059375
0 0.35625 0.84453125 0.025 0.065625
0 0.3875 0.9734375 0.021875 0.053125
0 0.334375 0.94765625 0.025 0.075
0 0.31484375 0.77421875 0.028125 0.078125
0 0.35234375 0.1609375 0.0296875 0.071875
0 0.32265625 0.0890625 0.0375 0.06875
0 0.2953125 0.175 0.03125 0.059375
0 0.22421875 0.18359375 0.040625 0.0671875
0 0.23359375 0.709375 0.03125 0.065625
0 0.26796875 0.965625 0.0234375 0.04375
0 0.20546875 0.9046875 0.034375 0.075
0 0.18046875 0.77265625 0.025 0.0625
0 0.20859375 0.69375 0.025 0.078125
0 0.1578125 0.66171875 0.025 0.065625
0 0.07421875 0.77890625 0.0234375 0.0375
0 0.14375 0.87421875 0.025 0.0453125
0 0.2015625 0.025 0.028125 0.05
0 0.05078125 0.78984375 0.025 0.0984375
0 0.0546875 0.55 0.0359375 0.0796875
0 0.0609375 0.41171875 0.028125 0.0625
0 0.12578125 0.5890625 0.03125 0.059375
0 0.13203125 0.43359375 0.0234375 0.059375
0 0.14765625 0.37890625 0.028125 0.08125
0 0.5234375 0.31640625 0.028125 0.071875
0 0.85859375 0.81015625 0.0359375 0.0765625
0 0.875 0.9171875 0.028125 0.0625
0 0.63203125 0.1328125 0.0359375 0.059375
0 0.57109375 0.190625 0.028125 0.0625
0 0.46875 0.0859375 0.03125 0.046875