2 0.96328125 0.16015625 0.0375 0.0875
2 0.9640625 0.10546875 0.03125 0.09375
2 0.95546875 0.05078125 0.03125 0.065625
2 0.92109375 0.09453125 0.021875 0.05625
2 0.90859375 0.40625 0.021875 0.0546875
2 0.88671875 0.67890625 0.034375 0.05
2 0.8359375 0.69453125 0.021875 0.08125
2 0.85234375 0.0703125 0.025 0.05625
2 0.62578125 0.496875 0.0390625 0.0625
2 0.7140625 0.92109375 0.03125 0.059375
2 0.67890625 0.865625 0.0453125 0.05625
2 0.51015625 0.1421875 0.028125 0.03125
2 0.5078125 0.16015625 0.0375 0.046875
2 0.42578125 0.1296875 0.0296875 0.0375
2 0.365625 0.07109375 0.034375 0.0515625
2 0.39375 0.47734375 0.0375 0.059375
2 0.3625 0.48046875 0.03125 0.05
2 0.3484375 0.39765625 0.028125 0.059375
2 0.41171875 0.29140625 0.034375 0.0578125
2 0.30078125 0.40625 0.0375 0.05625
2 0.2640625 0.81640625 0.0296875 0.0609375
2 0.16484375 0.6203125 0.0359375 0.059375
2 0.178125 0.87890625 0.028125 0.0671875
2 0.153125 0.93125 0.025 0.0640625
2 0.084375 0.2609375 0.03125 0.06875
2 0.08046875 0.0921875 0.0296875 0.059375
2 0.5796875 0.45703125 0.028125 0.059375