2 0.30546875 0.1453125 0.0203125 0.0234375
2 0.19140625 0.165625 0.03671875 0.02265625
2 0.2078125 0.1046875 0.02109375 0.01875
2 0.09453125 0.15234375 0.0296875 0.03046875
2 0.140625 0.1421875 0.03671875 0.01875
2 0.696875 0.0890625 0.059375 0.02578125
2 0.6203125 0.15234375 0.10234375 0.0390625
2 0.6546875 0.140625 0.06015625 0.02734375
2 0.5046875 0.10390625 0.05 0.0296875
2 0.8234375 0.19375 0.053125 0.03203125
2 0.86171875 0.16875 0.04296875 0.03203125
2 0.403125 0.325 0.0625 0.0375
2 0.48046875 0.35234375 0.04375 0.0296875
2 0.41015625 0.534375 0.06484375 0.03203125
2 0.39296875 0.5828125 0.040625 0.02890625
2 0.50625 0.59140625 0.05234375 0.028125
2 0.55703125 0.6359375 0.059375 0.0265625
2 0.60078125 0.5765625 0.046875 0.0234375
2 0.87578125 0.5 0.04921875 0.025
2 0.403125 0.61953125 0.0546875 0.0390625
2 0.15703125 0.65859375 0.04921875 0.01953125
2 0.0515625 0.72109375 0.03984375 0.0359375
2 0.128125 0.796875 0.03125 0.0265625
2 0.03125 0.76953125 0.03046875 0.02109375
2 0.4078125 0.828125 0.07109375 0.02265625
2 0.365625 0.790625 0.05390625 0.02265625
2 0.65390625 0.796875 0.03828125 0.0203125
2 0.6609375 0.7578125 0.03203125 0.025
2 0.15546875 0.51015625 0.04765625 0.03046875
2 0.14375 0.26015625 0.05234375 0.028125
2 0.73671875 0.35078125 0.03984375 0.03046875