0 0.97734375 0.953125 0.0234375 0.053125
0 0.978125 0.7765625 0.021875 0.0671875
0 0.93046875 0.54765625 0.03125 0.034375
0 0.8859375 0.89765625 0.025 0.0625
0 0.85859375 0.81796875 0.0296875 0.03125
0 0.85390625 0.87578125 0.0125 0.05
0 0.82265625 0.54375 0.0203125 0.05625
0 0.840625 0.35234375 0.015625 0.078125
0 0.8640625 0.29921875 0.0171875 0.0140625
0 0.85078125 0.22109375 0.015625 0.0546875
0 0.8828125 0.346875 0.021875 0.053125
0 0.875 0.16484375 0.034375 0.0375
0 0.94609375 0.2796875 0.034375 0.0375
0 0.76875 0.4984375 0.028125 0.046875
0 0.6265625 0.6640625 0.028125 0.0515625
0 0.67265625 0.9765625 0.0234375 0.046875
0 0.57734375 0.96640625 0.0265625 0.0671875
0 0.4546875 0.77890625 0.0359375 0.046875
0 0.4796875 0.9578125 0.0359375 0.04375
0 0.43671875 0.884375 0.01875 0.0484375
0 0.49609375 0.73828125 0.025 0.05
0 0.4578125 0.64140625 0.03125 0.065625
0 0.3765625 0.484375 0.0234375 0.071875
0 0.38515625 0.49765625 0.025 0.0421875
0 0.28125 0.9125 0.01875 0.0671875
0 0.22890625 0.94609375 0.01875 0.040625
0 0.1984375 0.875 0.0296875 0.05625
0 0.2421875 0.7765625 0.021875 0.0625
0 0.21875 0.7765625 0.0171875 0.05
0 0.24375 0.57109375 0.025 0.0578125
0 0.5984375 0.20546875 0.028125 0.0546875
0 0.4953125 0.22109375 0.025 0.0625
0 0.78828125 0.3609375 0.01875 0.0625
0 0.325 0.07421875 0.0265625 0.034375
0 0.321875 0.1515625 0.0375 0.065625
0 0.13828125 0.18828125 0.01875 0.0515625
0 0.12421875 0.46015625 0.025 0.084375
0 0.075 0.6234375 0.0140625 0.08125
0 0.03984375 0.5359375 0.021875 0.065625
0 0.05234375 0.96015625 0.028125 0.0796875
0 0.171875 0.778125 0.01875 0.0515625
0 0.18515625 0.56796875 0.0203125 0.0640625
0 0.184375 0.275 0.025 0.059375
0 0.18125 0.471875 0.0125 0.0625
0 0.159375 0.453125 0.0234375 0.0609375