0 0.9734375 0.92265625 0.025 0.071875
0 0.91640625 0.73203125 0.03125 0.0671875
0 0.95859375 0.62578125 0.028125 0.090625
0 0.9703125 0.60625 0.021875 0.1046875
0 0.98671875 0.0515625 0.0265625 0.103125
0 0.871875 0.6484375 0.028125 0.084375
0 0.79609375 0.35390625 0.0203125 0.071875
0 0.809375 0.13984375 0.034375 0.05625
0 0.7609375 0.03125 0.015625 0.0625
0 0.83203125 0.02578125 0.0296875 0.05
0 0.79921875 0.4703125 0.03125 0.040625
0 0.80546875 0.528125 0.034375 0.0375
0 0.75546875 0.48203125 0.021875 0.05625
0 0.71015625 0.49765625 0.0171875 0.075
0 0.70859375 0.5515625 0.021875 0.04375
0 0.7328125 0.82109375 0.015625 0.0640625
0 0.89453125 0.52421875 0.0265625 0.0703125
0 0.93203125 0.3 0.021875 0.084375
0 0.64765625 0.8640625 0.01875 0.028125
0 0.6828125 0.78125 0.0203125 0.0390625
0 0.6421875 0.08828125 0.03125 0.04375
0 0.60859375 0.1359375 0.0328125 0.03125
0 0.51015625 0.62109375 0.021875 0.08125
0 0.66640625 0.38984375 0.03125 0.05625
0 0.5953125 0.45703125 0.040625 0.03125
0 0.34765625 0.421875 0.03125 0.0453125
0 0.3734375 0.08203125 0.0375 0.05625
0 0.49609375 0.090625 0.028125 0.05625
0 0.4109375 0.58828125 0.034375 0.065625
0 0.4453125 0.69765625 0.0265625 0.0640625
0 0.39765625 0.81796875 0.01875 0.08125
0 0.40234375 0.77890625 0.01875 0.08125
0 0.3390625 0.50390625 0.025 0.053125
0 0.27265625 0.77421875 0.03125 0.059375
0 0.2453125 0.8265625 0.01875 0.078125
0 0.25390625 0.09609375 0.025 0.0640625
0 0.196875 0.36875 0.025 0.0625
0 0.146875 0.59765625 0.03125 0.053125
0 0.13671875 0.053125 0.021875 0.10625
0 0.15078125 0.0375 0.0140625 0.075
0 0.01171875 0.45859375 0.0234375 0.0578125
0 0.19375 0.80546875 0.025 0.0875
0 0.09609375 0.5546875 0.01875 0.0625
0 0.078125 0.03203125 0.028125 0.0640625
0 0.08359375 0.08515625 0.015625 0.0796875