0 0.909375 0.3640625 0.0265625 0.059375
0 0.86171875 0.49609375 0.034375 0.05
0 0.91953125 0.0953125 0.021875 0.0546875
0 0.684375 0.21484375 0.0296875 0.05625
0 0.77421875 0.48515625 0.040625 0.05
0 0.81953125 0.565625 0.021875 0.0625
0 0.8640625 0.82578125 0.034375 0.0625
0 0.78984375 0.9546875 0.03125 0.0875
0 0.73828125 0.91796875 0.025 0.053125
0 0.66953125 0.77734375 0.040625 0.04375
0 0.65 0.26484375 0.0265625 0.04375
0 0.54921875 0.13359375 0.0375 0.0453125
0 0.4671875 0.278125 0.0390625 0.0875
0 0.5 0.2484375 0.025 0.0375
0 0.378125 0.49921875 0.04375 0.053125
0 0.328125 0.42890625 0.053125 0.078125
0 0.30234375 0.278125 0.046875 0.05
0 0.3234375 0.0328125 0.046875 0.065625
0 0.4984375 0.84921875 0.0453125 0.040625
0 0.21796875 0.7953125 0.0421875 0.0609375
0 0.26875 0.59296875 0.040625 0.05
0 0.140625 0.290625 0.034375 0.040625
0 0.0953125 0.3046875 0.01875 0.084375
0 0.72734375 0.0296875 0.01875 0.059375
0 0.88125 0.5546875 0.0265625 0.06875
0 0.8953125 0.47578125 0.021875 0.0375