0 0.66953125 0.00703125 0.06171875 0.0140625
0 0.81640625 0.00625 0.0453125 0.0125
0 0.940625 0.053125 0.05625 0.02578125
0 0.80078125 0.11484375 0.04375 0.021875
0 0.51015625 0.03046875 0.071875 0.02109375
0 0.415625 0.12421875 0.065625 0.01796875
0 0.35703125 0.16171875 0.06953125 0.02421875
0 0.72265625 0.01328125 0.05 0.0265625
0 0.16484375 0.0171875 0.06640625 0.0171875
0 0.28203125 0.18828125 0.0546875 0.0265625
0 0.29453125 0.23203125 0.0890625 0.02578125
0 0.109375 0.2609375 0.0453125 0.01484375
0 0.8234375 0.2296875 0.0625 0.02578125
0 0.96640625 0.22890625 0.0671875 0.0265625
0 0.75 0.3765625 0.0796875 0.04140625
0 0.38671875 0.359375 0.059375 0.0296875
0 0.32578125 0.3421875 0.07109375 0.03125
0 0.80859375 0.48046875 0.09296875 0.02265625
0 0.60390625 0.4609375 0.0359375 0.02265625
0 0.55 0.6203125 0.07890625 0.03203125
0 0.3359375 0.5359375 0.0546875 0.0296875
0 0.2078125 0.6046875 0.05078125 0.015625
0 0.23671875 0.64609375 0.06640625 0.02734375
0 0.0546875 0.6375 0.04453125 0.03046875
0 0.31953125 0.74921875 0.05625 0.0296875
0 0.48359375 0.68125 0.06171875 0.0203125
0 0.32265625 0.865625 0.06484375 0.03046875
0 0.2203125 0.86875 0.05625 0.02734375
0 0.403125 0.95234375 0.071875 0.02421875
0 0.5328125 0.9171875 0.08125 0.02734375
0 0.22421875 0.4875 0.04609375 0.0125
0 0.29765625 0.615625 0.0515625 0.015625
0 0.36015625 0.83203125 0.0703125 0.01796875
0 0.103125 0.91640625 0.04921875 0.0234375
0 0.596875 0.7375 0.034375 0.03046875
0 0.46015625 0.7390625 0.07421875 0.0171875
0 0.42890625 0.890625 0.04765625 0.025
0 0.32109375 0.03515625 0.04453125 0.0171875
0 0.68828125 0.28359375 0.05078125 0.034375
0 0.06953125 0.1375 0.08203125 0.01328125
0 0.0234375 0.25859375 0.0390625 0.02890625