0 0.66640625 0.04140625 0.0484375 0.01875
0 0.51796875 0.07265625 0.0625 0.01875
0 0.4875 0.09453125 0.040625 0.021875
0 0.4953125 0.05546875 0.0609375 0.03125
0 0.5828125 0.2515625 0.05625 0.0234375
0 0.51328125 0.21953125 0.06875 0.028125
0 0.86796875 0.15859375 0.084375 0.034375
0 0.88125 0.321875 0.0640625 0.021875
0 0.80390625 0.425 0.0546875 0.021875
0 0.84453125 0.1203125 0.075 0.0171875
0 0.23671875 0.50703125 0.071875 0.0328125
0 0.3203125 0.5859375 0.078125 0.034375
0 0.63203125 0.55234375 0.078125 0.0328125
0 0.9640625 0.5125 0.071875 0.03125
0 0.62890625 0.77109375 0.05625 0.028125
0 0.80390625 0.8078125 0.0796875 0.025
0 0.82578125 0.78671875 0.053125 0.021875
0 0.66796875 0.81875 0.04375 0.021875
0 0.440625 0.32890625 0.0625 0.0234375
0 0.453125 0.30078125 0.0578125 0.01875
0 0.35859375 0.3109375 0.065625 0.021875
0 0.09140625 0.103125 0.046875 0.021875
0 0.06796875 0.3265625 0.0546875 0.028125
0 0.378125 0.9 0.0625 0.03125
0 0.35703125 0.8 0.0375 0.03125