0 0.1703125 0.06171875 0.0859375 0.0296875
0 0.2359375 0.109375 0.065625 0.0296875
0 0.26484375 0.0640625 0.07578125 0.02734375
0 0.5078125 0.0109375 0.084375 0.021875
0 0.53828125 0.0421875 0.0703125 0.0265625
0 0.803125 0.09375 0.05546875 0.03515625
0 0.9296875 0.0125 0.0796875 0.025
0 0.02109375 0.1171875 0.0421875 0.021875
0 0.04453125 0.17578125 0.0828125 0.021875
0 0.1890625 0.1953125 0.04453125 0.02890625
0 0.28359375 0.1515625 0.0609375 0.01953125
0 0.3703125 0.15 0.0609375 0.021875
0 0.27421875 0.23828125 0.059375 0.02265625
0 0.378125 0.31640625 0.0625 0.02109375
0 0.8078125 0.1578125 0.0625 0.02578125
0 0.646875 0.14765625 0.06875 0.0234375
0 0.6359375 0.19921875 0.06875 0.02890625
0 0.6734375 0.18359375 0.0625 0.02421875
0 0.55546875 0.41015625 0.05546875 0.03359375
0 0.30078125 0.365625 0.05390625 0.0375
0 0.1046875 0.36796875 0.03984375 0.02890625
0 0.0234375 0.47890625 0.046875 0.02734375
0 0.94921875 0.43828125 0.04453125 0.03046875
0 0.34609375 0.59765625 0.06484375 0.02421875
0 0.0328125 0.61015625 0.065625 0.0203125
0 0.2625 0.78515625 0.06328125 0.0203125
0 0.5078125 0.821875 0.059375 0.021875
0 0.54765625 0.78984375 0.05234375 0.025
0 0.8265625 0.83828125 0.075 0.0296875
0 0.1359375 0.85546875 0.06796875 0.03046875
0 0.10703125 0.82265625 0.0453125 0.0203125
0 0.30625 0.840625 0.0625 0.028125
0 0.45234375 0.85234375 0.084375 0.01875
0 0.89921875 0.925 0.05703125 0.025
0 0.7390625 0.71640625 0.07578125 0.02109375
0 0.69375 0.57421875 0.071875 0.025
0 0.8921875 0.790625 0.0453125 0.03046875
0 0.44921875 0.20390625 0.046875 0.0234375
0 0.33203125 0.7640625 0.05390625 0.034375