0 0.10703125 0.078125 0.06953125 0.021875
0 0.25234375 0.06328125 0.08359375 0.02578125
0 0.246875 0.12890625 0.09296875 0.0328125
0 0.30078125 0.1015625 0.0578125 0.02734375
0 0.115625 0.15390625 0.0703125 0.0265625
0 0.06328125 0.196875 0.078125 0.03984375
0 0.6546875 0.22421875 0.090625 0.0265625
0 0.55703125 0.24375 0.10625 0.01796875
0 0.4796875 0.3140625 0.08125 0.0265625
0 0.9203125 0.30703125 0.07265625 0.02578125
0 0.69921875 0.31171875 0.075 0.0296875
0 0.22734375 0.4921875 0.1 0.02890625
0 0.47109375 0.47890625 0.0828125 0.03515625
0 0.54140625 0.521875 0.084375 0.0265625
0 0.6921875 0.4859375 0.0765625 0.0265625
0 0.840625 0.47421875 0.0875 0.0328125
0 0.71796875 0.515625 0.06640625 0.0234375
0 0.67265625 0.61328125 0.05078125 0.0421875
0 0.89375 0.6828125 0.059375 0.03125
0 0.85078125 0.65 0.06171875 0.028125
0 0.86875 0.57734375 0.05625 0.02890625
0 0.44765625 0.6390625 0.0640625 0.0375
0 0.2765625 0.6625 0.065625 0.025
0 0.175 0.59921875 0.05 0.0328125
0 0.0296875 0.70546875 0.04921875 0.0265625
0 0.2359375 0.73046875 0.0359375 0.02421875
0 0.18671875 0.72890625 0.06171875 0.02109375
0 0.1453125 0.75859375 0.07734375 0.01796875
0 0.0546875 0.8109375 0.0828125 0.03046875
0 0.25390625 0.790625 0.09375 0.02421875
0 0.49765625 0.7234375 0.053125 0.025
0 0.2453125 0.87421875 0.0734375 0.03046875
0 0.37421875 0.8546875 0.04453125 0.021875
0 0.47265625 0.8625 0.06875 0.0234375
0 0.78671875 0.8421875 0.04140625 0.03515625
0 0.74375 0.8921875 0.07421875 0.0234375
0 0.76796875 0.9140625 0.06875 0.0171875
0 0.60625 0.93125 0.05546875 0.01875
0 0.5875 0.86640625 0.06953125 0.0296875
0 0.78125 0.8078125 0.05390625 0.028125