0 0.684375 0.09296875 0.05625 0.03203125
0 0.43515625 0.14375 0.0515625 0.0375
0 0.49609375 0.128125 0.04375 0.01953125
0 0.54453125 0.1015625 0.0875 0.028125
0 0.5703125 0.06796875 0.0515625 0.02265625
0 0.52578125 0.16328125 0.059375 0.0390625
0 0.60859375 0.16328125 0.046875 0.01953125
0 0.14296875 0.15 0.078125 0.03671875
0 0.27890625 0.23515625 0.0453125 0.04609375
0 0.36796875 0.24296875 0.0828125 0.0203125
0 0.59375 0.303125 0.0515625 0.02578125
0 0.83125 0.18515625 0.0671875 0.0265625
0 0.74375 0.13515625 0.06875 0.025
0 0.53203125 0.2546875 0.071875 0.03125
0 0.49375 0.45078125 0.0640625 0.02890625
0 0.365625 0.4828125 0.0625 0.0375
0 0.7375 0.540625 0.0625 0.05859375
0 0.35 0.63203125 0.090625 0.03671875
0 0.2453125 0.621875 0.0609375 0.0359375
0 0.3 0.71484375 0.078125 0.03515625
0 0.5140625 0.68984375 0.0609375 0.03828125
0 0.53515625 0.8109375 0.05625 0.0484375
0 0.6578125 0.75859375 0.075 0.053125
0 0.36796875 0.84375 0.10078125 0.03046875
0 0.1265625 0.85 0.0765625 0.02734375
0 0.6484375 0.8546875 0.084375 0.03828125
0 0.82109375 0.59609375 0.053125 0.0359375
0 0.7 0.67890625 0.09609375 0.040625
0 0.81875 0.46953125 0.0890625 0.040625
0 0.7828125 0.38828125 0.0875 0.040625
0 0.81484375 0.43359375 0.08125 0.0296875
0 0.71953125 0.440625 0.0703125 0.03515625