0 0.1 0.12265625 0.028125 0.03125
0 0.0703125 0.66640625 0.021875 0.075
0 0.15703125 0.565625 0.025 0.0515625
0 0.17734375 0.64296875 0.034375 0.05625
0 0.04765625 0.98046875 0.0234375 0.0390625
0 0.08671875 0.803125 0.021875 0.053125
0 0.2546875 0.721875 0.0265625 0.0390625
0 0.26015625 0.76484375 0.025 0.0765625
0 0.34375 0.39921875 0.025 0.0453125
0 0.3921875 0.471875 0.028125 0.0390625
0 0.41015625 0.19453125 0.021875 0.05
0 0.309375 0.07421875 0.0390625 0.0625
0 0.3953125 0.01875 0.01875 0.0375
0 0.3703125 0.0234375 0.0265625 0.046875
0 0.6 0.60703125 0.025 0.0578125
0 0.678125 0.3 0.0359375 0.05
0 0.69765625 0.77734375 0.025 0.0515625
0 0.67734375 0.7703125 0.025 0.05625
0 0.603125 0.809375 0.0265625 0.06875
0 0.715625 0.54921875 0.046875 0.028125
0 0.703125 0.4015625 0.0203125 0.028125
0 0.765625 0.37890625 0.03125 0.08125
0 0.8015625 0.38203125 0.0171875 0.1109375
0 0.87109375 0.1578125 0.028125 0.05625
0 0.8421875 0.73125 0.021875 0.078125
0 0.79453125 0.9171875 0.025 0.0734375
0 0.90234375 0.33515625 0.0296875 0.0796875
0 0.96953125 0.34140625 0.03125 0.059375
0 0.95625 0.2203125 0.028125 0.0640625
0 0.96015625 0.2859375 0.0265625 0.053125
0 0.07890625 0.8796875 0.0171875 0.078125
0 0.14609375 0.34140625 0.015625 0.04375
0 0.1546875 0.1671875 0.0328125 0.059375
0 0.30546875 0.240625 0.040625 0.046875
0 0.11328125 0.6015625 0.025 0.059375
0 0.01484375 0.2984375 0.025 0.06875