2 0.05234375 0.171875 0.034375 0.0671875
2 0.140625 0.284375 0.0265625 0.040625
2 0.1359375 0.3171875 0.025 0.046875
2 0.08515625 0.7921875 0.0203125 0.0625
2 0.0890625 0.8640625 0.0328125 0.071875
2 0.215625 0.809375 0.028125 0.05
2 0.13046875 0.1109375 0.03125 0.05
2 0.1921875 0.07109375 0.0375 0.04375
2 0.3390625 0.13828125 0.0296875 0.0421875
2 0.38828125 0.08046875 0.021875 0.0328125
2 0.4140625 0.5546875 0.0328125 0.0375
2 0.44609375 0.396875 0.01875 0.0578125
2 0.56640625 0.59140625 0.034375 0.040625
2 0.5640625 0.64453125 0.025 0.0453125
2 0.59453125 0.52734375 0.025 0.034375
2 0.63203125 0.49765625 0.028125 0.053125
2 0.690625 0.375 0.028125 0.0734375
2 0.74296875 0.390625 0.0203125 0.04375
2 0.76640625 0.453125 0.025 0.05625
2 0.81328125 0.53125 0.028125 0.0515625
2 0.83515625 0.54296875 0.01875 0.0453125
2 0.81015625 0.22109375 0.021875 0.053125
2 0.740625 0.7359375 0.03125 0.0625
2 0.7265625 0.8703125 0.0328125 0.040625
2 0.85625 0.8203125 0.025 0.040625
2 0.88671875 0.85703125 0.021875 0.059375
2 0.57890625 0.15 0.053125 0.05
2 0.60546875 0.1140625 0.028125 0.0375
2 0.67734375 0.18515625 0.0375 0.046875