0 0.89453125 0.2390625 0.01875 0.075
0 0.9921875 0.25234375 0.015625 0.06875
0 0.81171875 0.62109375 0.0234375 0.0578125
0 0.79375 0.703125 0.025 0.0453125
0 0.81875 0.30625 0.028125 0.05
0 0.79453125 0.165625 0.0296875 0.0515625
0 0.86796875 0.0796875 0.0171875 0.065625
0 0.85078125 0.03203125 0.0203125 0.059375
0 0.8609375 0.53828125 0.01875 0.05625
0 0.86484375 0.66484375 0.015625 0.08125
0 0.725 0.59609375 0.0203125 0.04375
0 0.7328125 0.6328125 0.01875 0.034375
0 0.6515625 0.36484375 0.0234375 0.0390625
0 0.5625 0.51484375 0.025 0.05
0 0.534375 0.63203125 0.021875 0.046875
0 0.528125 0.4265625 0.021875 0.028125
0 0.4796875 0.503125 0.028125 0.05
0 0.453125 0.40390625 0.021875 0.0453125
0 0.41875 0.40234375 0.021875 0.046875
0 0.41640625 0.09375 0.021875 0.04375
0 0.40390625 0.16875 0.015625 0.0453125
0 0.4453125 0.87265625 0.015625 0.0328125
0 0.540625 0.878125 0.0203125 0.059375
0 0.31328125 0.2109375 0.025 0.059375
0 0.30078125 0.54453125 0.021875 0.0390625
0 0.3078125 0.71875 0.025 0.05
0 0.31953125 0.92890625 0.021875 0.05
0 0.4109375 0.2515625 0.021875 0.059375
0 0.2625 0.2359375 0.0140625 0.04375
0 0.24140625 0.0421875 0.015625 0.0515625
0 0.1375 0.24921875 0.03125 0.034375
0 0.10546875 0.18515625 0.01875 0.034375
0 0.1140625 0.13671875 0.0234375 0.0375
0 0.1546875 0.43359375 0.021875 0.0671875
0 0.20390625 0.55390625 0.01875 0.0515625
0 0.16640625 0.5984375 0.021875 0.046875
0 0.225 0.496875 0.01875 0.0359375
0 0.24609375 0.46640625 0.0171875 0.0625
0 0.04140625 0.42109375 0.021875 0.05
0 0.13046875 0.68984375 0.0140625 0.05