0 0.6015625 0.01328125 0.09453125 0.0265625
0 0.8015625 0.0546875 0.0859375 0.03671875
0 0.8984375 0.0546875 0.08125 0.03359375
0 0.5359375 0.0953125 0.0625 0.02265625
0 0.36640625 0.06796875 0.07734375 0.0328125
0 0.246875 0.0515625 0.090625 0.03125
0 0.4046875 0.13203125 0.1109375 0.03828125
0 0.34296875 0.18828125 0.0875 0.03984375
0 0.6984375 0.16484375 0.0734375 0.0375
0 0.084375 0.05859375 0.0765625 0.034375
0 0.88671875 0.22734375 0.05625 0.03359375
0 0.57265625 0.24375 0.0890625 0.04140625
0 0.91171875 0.321875 0.065625 0.034375
0 0.2625 0.41328125 0.07109375 0.04296875
0 0.47109375 0.4828125 0.07890625 0.0390625
0 0.3875 0.70859375 0.07265625 0.0328125
0 0.528125 0.6109375 0.07109375 0.0375
0 0.65390625 0.5703125 0.0828125 0.03359375
0 0.10703125 0.62578125 0.0515625 0.028125
0 0.0296875 0.609375 0.05859375 0.0296875
0 0.06015625 0.596875 0.06328125 0.01796875
0 0.2546875 0.63125 0.0859375 0.0265625
0 0.26171875 0.67265625 0.103125 0.03046875
0 0.8375 0.69765625 0.07421875 0.04765625
0 0.6890625 0.7875 0.05546875 0.03046875
0 0.63046875 0.81015625 0.07734375 0.034375
0 0.50625 0.86796875 0.07578125 0.03671875
0 0.7140625 0.87421875 0.07265625 0.025
0 0.77734375 0.85859375 0.05390625 0.03125
0 0.43046875 0.87265625 0.08515625 0.034375
0 0.38359375 0.890625 0.05390625 0.03046875
0 0.29296875 0.815625 0.04765625 0.040625
0 0.04296875 0.75078125 0.06875 0.02890625
0 0.07109375 0.8359375 0.06875 0.03515625