0 0.459375 0.12109375 0.06875 0.01875
0 0.178125 0.20546875 0.053125 0.01875
0 0.90234375 0.321875 0.040625 0.0171875
0 0.60546875 0.3421875 0.0515625 0.025
0 0.4234375 0.35703125 0.0625 0.025
0 0.18515625 0.115625 0.0421875 0.01875
0 0.66015625 0.13984375 0.059375 0.025
0 0.9625 0.14609375 0.075 0.0234375
0 0.3828125 0.57578125 0.053125 0.034375
0 0.740625 0.965625 0.053125 0.0328125
0 0.30546875 0.83828125 0.05625 0.0234375
0 0.87265625 0.8578125 0.0828125 0.01875
0 0.51875 0.765625 0.053125 0.021875
0 0.78515625 0.93984375 0.053125 0.025
0 0.79921875 0.85 0.05625 0.03125
0 0.24375 0.171875 0.090625 0.0265625
0 0.1375 0.3734375 0.0796875 0.028125
0 0.25234375 0.85625 0.075 0.021875
0 0.9828125 0.371875 0.034375 0.025
0 0.3875 0.66640625 0.04375 0.0328125
0 0.4359375 0.8765625 0.053125 0.025
0 0.68359375 0.090625 0.0609375 0.01875
0 0.7125 0.67265625 0.0515625 0.03125
0 0.9453125 0.2 0.075 0.025
0 0.346875 0.87890625 0.059375 0.0265625
0 0.565625 0.66875 0.0453125 0.028125
0 0.05234375 0.109375 0.06875 0.015625
0 0.27109375 0.11328125 0.046875 0.025
0 0.32578125 0.56953125 0.0375 0.0296875
0 0.14375 0.31796875 0.08125 0.021875
0 0.24453125 0.24609375 0.040625 0.01875
0 0.7015625 0.46015625 0.053125 0.0265625
0 0.025 0.59609375 0.05 0.0359375
0 0.02734375 0.81953125 0.0546875 0.028125
0 0.5515625 0.06875 0.065625 0.021875
0 0.865625 0.06953125 0.0390625 0.03125
0 0.840625 0.03828125 0.0421875 0.0234375
0 0.678125 0.8046875 0.0625 0.025
0 0.23515625 0.1015625 0.05625 0.025
0 0.9015625 0.01640625 0.084375 0.0171875
0 0.471875 0.0265625 0.0625 0.0203125
0 0.9578125 0.39765625 0.046875 0.025
0 0.78671875 0.4140625 0.05 0.021875
0 0.64140625 0.6875 0.0375 0.028125
0 0.96796875 0.6703125 0.0578125 0.021875
0 0.94453125 0.771875 0.05 0.021875