2 0.7890625 0.1046875 0.05 0.025
2 0.79375 0.12109375 0.0625 0.01875
2 0.7875 0.1484375 0.0453125 0.021875
2 0.64921875 0.10859375 0.04375 0.025
2 0.7046875 0.07265625 0.08125 0.034375
2 0.42421875 0.12421875 0.046875 0.025
2 0.29375 0.1515625 0.0578125 0.025
2 0.21171875 0.03984375 0.0796875 0.028125
2 0.1796875 0.1 0.06875 0.03125
2 0.09921875 0.1796875 0.009375 0.075
2 0.20390625 0.16640625 0.078125 0.025
2 0.4453125 0.2078125 0.1171875 0.03125
2 0.52578125 0.32890625 0.090625 0.034375
2 0.82109375 0.3515625 0.0578125 0.040625
2 0.93125 0.38125 0.05625 0.034375
2 0.46484375 0.37265625 0.075 0.0265625
2 0.43125 0.4984375 0.08125 0.0390625
2 0.44921875 0.45625 0.06875 0.01875
2 0.64921875 0.528125 0.0796875 0.025
2 0.796875 0.52734375 0.0703125 0.034375
2 0.57265625 0.57421875 0.0625 0.040625
2 0.2609375 0.53046875 0.053125 0.0234375
2 0.27421875 0.5640625 0.0625 0.028125
2 0.13671875 0.44453125 0.0453125 0.015625
2 0.196875 0.5015625 0.03125 0.025
2 0.353125 0.56953125 0.090625 0.0296875
2 0.61484375 0.60390625 0.05625 0.0296875
2 0.79609375 0.64375 0.065625 0.028125
2 0.6296875 0.75234375 0.05625 0.015625
2 0.609375 0.815625 0.053125 0.021875
2 0.67578125 0.76875 0.0546875 0.015625
2 0.3125 0.66640625 0.0796875 0.034375
2 0.25703125 0.86484375 0.0609375 0.01875
2 0.2171875 0.81796875 0.0609375 0.028125
2 0.57265625 0.834375 0.0484375 0.01875
2 0.89765625 0.68828125 0.05625 0.015625
2 0.93046875 0.7109375 0.0765625 0.03125
2 0.16875 0.77734375 0.0546875 0.025
2 0.10625 0.70546875 0.0390625 0.0203125
2 0.73828125 0.19609375 0.0796875 0.0296875