0 0.0640625 0.16953125 0.034375 0.0390625
0 0.05078125 0.140625 0.03125 0.05
0 0.140625 0.2375 0.025 0.034375
0 0.1453125 0.18125 0.0296875 0.028125
0 0.2171875 0.2453125 0.0234375 0.0515625
0 0.23359375 0.465625 0.0390625 0.046875
0 0.3390625 0.2625 0.05 0.06875
0 0.3546875 0.59921875 0.04375 0.059375
0 0.1296875 0.93125 0.0203125 0.0375
0 0.4234375 0.934375 0.028125 0.065625
0 0.51953125 0.8609375 0.040625 0.071875
0 0.50078125 0.74140625 0.025 0.0375
0 0.57421875 0.953125 0.0421875 0.071875
0 0.75546875 0.83515625 0.0234375 0.0484375
0 0.828125 0.8609375 0.03125 0.0828125
0 0.80703125 0.60234375 0.028125 0.0609375
0 0.82265625 0.7453125 0.021875 0.0296875
0 0.79453125 0.71484375 0.021875 0.0625
0 0.77578125 0.671875 0.034375 0.05625
0 0.87265625 0.615625 0.025 0.034375
0 0.9015625 0.54140625 0.0265625 0.05625
0 0.92421875 0.4765625 0.025 0.04375
0 0.82421875 0.1953125 0.021875 0.03125
0 0.7078125 0.06640625 0.0328125 0.071875
0 0.58984375 0.26484375 0.034375 0.040625
0 0.50078125 0.2390625 0.025 0.03125
0 0.29140625 0.08984375 0.021875 0.071875
0 0.10546875 0.46015625 0.021875 0.046875
0 0.76875 0.5421875 0.015625 0.0546875
0 0.59921875 0.428125 0.0140625 0.025
0 0.6859375 0.8171875 0.0375 0.08125