0 0.02109375 0.2703125 0.03125 0.071875
0 0.01640625 0.08671875 0.025 0.053125
0 0.0703125 0.1265625 0.0234375 0.065625
0 0.07578125 0.48046875 0.0265625 0.1
0 0.115625 0.7046875 0.028125 0.0578125
0 0.096875 0.7859375 0.025 0.0640625
0 0.16796875 0.62265625 0.0125 0.0453125
0 0.1421875 0.63203125 0.0234375 0.046875
0 0.11953125 0.33828125 0.028125 0.071875
0 0.11796875 0.20859375 0.021875 0.065625
0 0.15234375 0.2015625 0.021875 0.065625
0 0.1421875 0.034375 0.0265625 0.06875
0 0.1984375 0.02109375 0.028125 0.0375
0 0.22890625 0.034375 0.03125 0.05625
0 0.1859375 0.26953125 0.034375 0.065625
0 0.22578125 0.2328125 0.025 0.053125
0 0.18203125 0.71171875 0.028125 0.034375
0 0.13359375 0.890625 0.0203125 0.04375
0 0.15546875 0.878125 0.0140625 0.040625
0 0.1796875 0.9046875 0.025 0.034375
0 0.32890625 0.26015625 0.03125 0.046875
0 0.425 0.7890625 0.03125 0.065625
0 0.49609375 0.47421875 0.0390625 0.075
0 0.56953125 0.53203125 0.034375 0.0671875
0 0.5609375 0.83203125 0.021875 0.05625
0 0.68828125 0.35859375 0.034375 0.059375
0 0.61796875 0.32421875 0.025 0.0625
0 0.6546875 0.86953125 0.028125 0.05625
0 0.75 0.85703125 0.028125 0.0625
0 0.740625 0.92109375 0.0265625 0.0625
0 0.7703125 0.71796875 0.025 0.0796875
0 0.7921875 0.6109375 0.0234375 0.05
0 0.81328125 0.60859375 0.025 0.075
0 0.7890625 0.825 0.01875 0.04375
0 0.74453125 0.22578125 0.0234375 0.053125
0 0.803125 0.20703125 0.028125 0.05625
0 0.8953125 0.38828125 0.03125 0.0578125
0 0.8921875 0.55078125 0.025 0.04375
0 0.89296875 0.66171875 0.021875 0.0609375
0 0.93984375 0.9234375 0.0234375 0.065625
0 0.8328125 0.9453125 0.01875 0.04375
0 0.8609375 0.940625 0.01875 0.0703125
0 0.95703125 0.03046875 0.0296875 0.053125
0 0.86875 0.228125 0.028125 0.046875