2 0.3953125 0.07890625 0.05 0.025
2 0.1046875 0.04140625 0.05546875 0.03359375
2 0.05 0.07265625 0.0484375 0.040625
2 0.19921875 0.12578125 0.0703125 0.03984375
2 0.14609375 0.25546875 0.0390625 0.0484375
2 0.11015625 0.3109375 0.03515625 0.0328125
2 0.04921875 0.24140625 0.04609375 0.04609375
2 0.90390625 0.33125 0.08828125 0.0484375
2 0.65390625 0.31953125 0.084375 0.03828125
2 0.66875 0.3 0.0671875 0.03125
2 0.50546875 0.375 0.078125 0.0359375
2 0.33203125 0.409375 0.05546875 0.04140625
2 0.74296875 0.1515625 0.0515625 0.02578125
2 0.8328125 0.1203125 0.05078125 0.02109375
2 0.90859375 0.128125 0.0375 0.02578125
2 0.5546875 0.1359375 0.07578125 0.0328125
2 0.63125 0.1515625 0.0296875 0.0171875
2 0.67265625 0.203125 0.07421875 0.0390625
2 0.80546875 0.18359375 0.059375 0.0234375
2 0.76796875 0.41171875 0.078125 0.03671875
2 0.77421875 0.44921875 0.0640625 0.03046875
2 0.58515625 0.46171875 0.07421875 0.04140625
2 0.10234375 0.4359375 0.04140625 0.03046875
2 0.36328125 0.6171875 0.06875 0.03359375
2 0.5453125 0.72421875 0.06953125 0.03125
2 0.88828125 0.86328125 0.0671875 0.03125
2 0.70703125 0.81015625 0.046875 0.0234375
2 0.81171875 0.81640625 0.05859375 0.02109375
2 0.69765625 0.86640625 0.05078125 0.02734375
2 0.75078125 0.84765625 0.03359375 0.0171875
2 0.6875 0.8453125 0.04921875 0.02109375
2 0.346875 0.8328125 0.06953125 0.0296875
2 0.153125 0.796875 0.04453125 0.0203125
2 0.08203125 0.89453125 0.05703125 0.0359375
2 0.11640625 0.95078125 0.07578125 0.0328125
2 0.82265625 0.4859375 0.05859375 0.02890625
2 0.7625 0.21171875 0.06328125 0.03359375