2 0.81875 0.84609375 0.02890625 0.01875
2 0.6421875 0.78828125 0.0390625 0.02421875
2 0.96640625 0.78515625 0.0234375 0.0171875
2 0.59921875 0.85390625 0.028125 0.02421875
2 0.46875 0.8625 0.04453125 0.01796875
2 0.5015625 0.83203125 0.0375 0.0125
2 0.4171875 0.8296875 0.0359375 0.01328125
2 0.28125 0.809375 0.0578125 0.0140625
2 0.32890625 0.77265625 0.0515625 0.0171875
2 0.24921875 0.72890625 0.04375 0.015625
2 0.215625 0.6859375 0.0703125 0.01796875
2 0.60625 0.67890625 0.04609375 0.02109375
2 0.40859375 0.63671875 0.0421875 0.01953125
2 0.18125 0.603125 0.0578125 0.01484375
2 0.27265625 0.56171875 0.02890625 0.0171875
2 0.3109375 0.55390625 0.0328125 0.01484375
2 0.134375 0.4359375 0.0453125 0.01875
2 0.253125 0.3546875 0.04140625 0.0203125
2 0.62890625 0.34609375 0.04921875 0.0171875
2 0.17734375 0.28203125 0.03359375 0.0234375
2 0.1 0.1703125 0.0421875 0.021875
2 0.0953125 0.146875 0.025 0.01875
2 0.175 0.13203125 0.025 0.0296875
2 0.209375 0.17109375 0.0328125 0.015625
2 0.2859375 0.15859375 0.03984375 0.01953125
2 0.3046875 0.17890625 0.04921875 0.0125
2 0.3859375 0.17734375 0.034375 0.015625
2 0.4453125 0.19765625 0.04921875 0.01328125
2 0.35703125 0.20234375 0.02890625 0.01328125
2 0.24921875 0.12734375 0.04375 0.0171875
2 0.25859375 0.10078125 0.04375 0.0203125
2 0.53203125 0.10859375 0.06015625 0.015625
2 0.55859375 0.1265625 0.04765625 0.02578125
2 0.6484375 0.09609375 0.04296875 0.015625
2 0.70234375 0.10234375 0.03984375 0.0125
2 0.7921875 0.13828125 0.05234375 0.01796875
2 0.74765625 0.159375 0.0375 0.0140625
2 0.6484375 0.1703125 0.05703125 0.02265625
2 0.903125 0.1578125 0.04140625 0.01484375
2 0.95625 0.16953125 0.0546875 0.0140625