0 0.975 0.115625 0.034375 0.0578125
0 0.85859375 0.134375 0.021875 0.0625
0 0.91796875 0.403125 0.0328125 0.06875
0 0.8953125 0.3484375 0.025 0.0671875
0 0.8953125 0.7515625 0.040625 0.05625
0 0.8671875 0.4859375 0.021875 0.0703125
0 0.81640625 0.359375 0.01875 0.0875
0 0.76640625 0.50078125 0.0375 0.0625
0 0.7453125 0.2046875 0.040625 0.04375
0 0.65 0.1765625 0.021875 0.065625
0 0.8203125 0.89375 0.025 0.0703125
0 0.84921875 0.95625 0.021875 0.0625
0 0.80859375 0.10078125 0.0296875 0.075
0 0.6390625 0.87109375 0.015625 0.0703125
0 0.62265625 0.80546875 0.021875 0.065625
0 0.60625 0.97890625 0.021875 0.034375
0 0.5296875 0.828125 0.028125 0.034375
0 0.58515625 0.35703125 0.025 0.0390625
0 0.55546875 0.3 0.025 0.065625
0 0.5015625 0.26171875 0.0203125 0.0625
0 0.44140625 0.21796875 0.01875 0.0671875
0 0.47734375 0.14765625 0.01875 0.0875
0 0.4546875 0.35703125 0.021875 0.0578125
0 0.4703125 0.24453125 0.021875 0.0609375
0 0.41640625 0.96796875 0.03125 0.05
0 0.26875 0.2390625 0.03125 0.06875
0 0.30234375 0.0390625 0.034375 0.046875
0 0.134375 0.153125 0.015625 0.071875
0 0.128125 0.25546875 0.03125 0.05625
0 0.17421875 0.6609375 0.025 0.0640625
0 0.18125 0.390625 0.021875 0.075
0 0.059375 0.059375 0.021875 0.065625
0 0.03515625 0.27265625 0.025 0.0703125
0 0.0515625 0.2765625 0.025 0.08125
0 0.03125 0.64375 0.03125 0.0828125
0 0.346875 0.88828125 0.0265625 0.0296875
0 0.8734375 0.63515625 0.0171875 0.06875
0 0.23984375 0.040625 0.0265625 0.08125