0 0.93359375 0.46328125 0.025 0.046875
0 0.934375 0.62734375 0.0265625 0.0609375
0 0.89375 0.76171875 0.021875 0.065625
0 0.88359375 0.87109375 0.0265625 0.0828125
0 0.84921875 0.871875 0.0375 0.0796875
0 0.80078125 0.66875 0.03125 0.0578125
0 0.76328125 0.85234375 0.03125 0.065625
0 0.85078125 0.396875 0.0234375 0.0578125
0 0.82265625 0.365625 0.028125 0.04375
0 0.834375 0.23828125 0.025 0.05625
0 0.8234375 0.16640625 0.025 0.0703125
0 0.86640625 0.065625 0.0265625 0.046875
0 0.934375 0.1234375 0.0234375 0.0484375
0 0.8625 0.31015625 0.0234375 0.046875
0 0.86015625 0.21875 0.021875 0.04375
0 0.70625 0.46796875 0.034375 0.05625
0 0.75703125 0.025 0.01875 0.05
0 0.6171875 0.4734375 0.0140625 0.06875
0 0.565625 0.38984375 0.021875 0.071875
0 0.4375 0.309375 0.0359375 0.071875
0 0.42265625 0.16953125 0.040625 0.034375
0 0.40703125 0.76640625 0.01875 0.05
0 0.3828125 0.88828125 0.0203125 0.0515625
0 0.31484375 0.7359375 0.0265625 0.040625
0 0.2375 0.215625 0.0234375 0.0546875
0 0.16640625 0.271875 0.021875 0.046875
0 0.1375 0.21015625 0.0125 0.046875
0 0.084375 0.26484375 0.028125 0.059375
0 0.15625 0.45703125 0.021875 0.071875
0 0.184375 0.46484375 0.01875 0.05625