0 0.0390625 0.2484375 0.0390625 0.071875
0 0.05859375 0.1671875 0.01875 0.0734375
0 0.078125 0.06484375 0.025 0.0796875
0 0.0875 0.22109375 0.025 0.0625
0 0.10703125 0.346875 0.021875 0.0953125
0 0.13671875 0.37578125 0.0171875 0.059375
0 0.14140625 0.053125 0.015625 0.053125
0 0.12890625 0.04765625 0.0171875 0.0640625
0 0.17734375 0.0796875 0.021875 0.040625
0 0.1296875 0.2703125 0.015625 0.0515625
0 0.17109375 0.9296875 0.025 0.071875
0 0.203125 0.70078125 0.0375 0.0953125
0 0.2453125 0.53046875 0.028125 0.0609375
0 0.24140625 0.57578125 0.0296875 0.078125
0 0.3078125 0.428125 0.034375 0.0953125
0 0.3171875 0.71875 0.028125 0.06875
0 0.309375 0.90859375 0.021875 0.08125
0 0.48515625 0.8375 0.0265625 0.059375
0 0.4765625 0.46171875 0.025 0.08125
0 0.48984375 0.7046875 0.03125 0.078125
0 0.52265625 0.415625 0.0296875 0.0703125
0 0.5 0.2578125 0.04375 0.078125
0 0.615625 0.18828125 0.034375 0.078125
0 0.60625 0.32578125 0.04375 0.065625
0 0.6203125 0.64140625 0.040625 0.075
0 0.6515625 0.77109375 0.025 0.0546875
0 0.684375 0.90078125 0.025 0.0515625
0 0.55 0.8 0.028125 0.059375
0 0.65703125 0.25234375 0.0140625 0.05625
0 0.65 0.096875 0.03125 0.05
0 0.7125 0.03515625 0.03125 0.05625
0 0.7265625 0.16484375 0.0328125 0.0625
0 0.746875 0.2265625 0.0375 0.0390625
0 0.74765625 0.0671875 0.025 0.04375
0 0.7859375 0.125 0.0265625 0.0625
0 0.784375 0.059375 0.0171875 0.04375
0 0.696875 0.4328125 0.0375 0.103125
0 0.7296875 0.6375 0.025 0.075
0 0.74765625 0.5078125 0.0265625 0.0515625
0 0.79609375 0.76484375 0.0296875 0.071875
0 0.79375 0.67109375 0.0328125 0.075
0 0.821875 0.68671875 0.0171875 0.075
0 0.89453125 0.696875 0.0265625 0.0578125
0 0.84296875 0.4140625 0.025 0.046875
0 0.85703125 0.3140625 0.03125 0.0703125
0 0.95625 0.21796875 0.01875 0.075
0 0.95703125 0.38984375 0.028125 0.0796875
0 0.93671875 0.4875 0.025 0.0640625
0 0.91875 0.875 0.034375 0.0890625
0 0.81328125 0.49453125 0.03125 0.046875