0 0.88984375 0.75078125 0.021875 0.053125
0 0.91015625 0.54375 0.01875 0.046875
0 0.9328125 0.6796875 0.01875 0.06875
0 0.9140625 0.89140625 0.021875 0.0609375
0 0.953125 0.91171875 0.01875 0.053125
0 0.7671875 0.84609375 0.01875 0.0546875
0 0.66640625 0.97890625 0.01875 0.040625
0 0.71015625 0.73203125 0.021875 0.0515625
0 0.8015625 0.51015625 0.028125 0.040625
0 0.83515625 0.14453125 0.025 0.040625
0 0.6796875 0.4203125 0.025 0.0515625
0 0.784375 0.0890625 0.021875 0.05625
0 0.7484375 0.03125 0.025 0.0625
0 0.88046875 0.2046875 0.028125 0.0421875
0 0.91796875 0.0859375 0.015625 0.0484375
0 0.7078125 0.16328125 0.0234375 0.075
0 0.39921875 0.58203125 0.0328125 0.040625
0 0.378125 0.2515625 0.034375 0.053125
0 0.38984375 0.02734375 0.025 0.0546875
0 0.40390625 0.89375 0.0234375 0.05
0 0.4515625 0.97578125 0.025 0.0484375
0 0.31015625 0.9453125 0.025 0.046875
0 0.31015625 0.74765625 0.0234375 0.053125
0 0.43671875 0.184375 0.01875 0.0484375
0 0.24453125 0.0171875 0.0375 0.03125
0 0.24765625 0.17890625 0.034375 0.040625
0 0.19609375 0.39765625 0.0234375 0.05625
0 0.15234375 0.36640625 0.01875 0.0828125
0 0.1015625 0.36796875 0.021875 0.053125
0 0.25390625 0.559375 0.021875 0.053125
0 0.17421875 0.50546875 0.025 0.078125
0 0.121875 0.103125 0.03125 0.05625
0 0.04921875 0.05390625 0.0328125 0.0609375
0 0.98671875 0.06796875 0.0265625 0.0796875
0 0.896875 0.5265625 0.028125 0.05625
0 0.26875 0.51953125 0.025 0.06875
0 0.23984375 0.41015625 0.0296875 0.0484375
0 0.0671875 0.1609375 0.021875 0.05
0 0.10234375 0.15234375 0.025 0.075
0 0.96484375 0.26484375 0.01875 0.08125
0 0.96328125 0.66796875 0.0265625 0.090625
0 0.82421875 0.5734375 0.028125 0.0796875
0 0.16875 0.234375 0.021875 0.075
0 0.26171875 0.3421875 0.028125 0.05625
0 0.6234375 0.0171875 0.025 0.034375
0 0.37109375 0.0359375 0.0265625 0.071875
0 0.35078125 0.31328125 0.0328125 0.04375
0 0.1609375 0.046875 0.025 0.053125
0 0.78203125 0.24453125 0.01875 0.0609375
0 0.31015625 0.08125 0.03125 0.0515625
0 0.78515625 0.878125 0.01875 0.04375
0 0.83359375 0.93359375 0.03125 0.040625
0 0.7828125 0.7625 0.025 0.05
0 0.84140625 0.54375 0.025 0.075