0 0.96640625 0.0390625 0.0671875 0.021875
0 0.9671875 0.0109375 0.065625 0.021875
0 0.58359375 0.10390625 0.0703125 0.021875
0 0.89921875 0.140625 0.05 0.034375
0 0.8015625 0.09921875 0.075 0.021875
0 0.6859375 0.1359375 0.084375 0.028125
0 0.51328125 0.07421875 0.1 0.0234375
0 0.38671875 0.071875 0.05 0.028125
0 0.07734375 0.05390625 0.065625 0.021875
0 0.19921875 0.0140625 0.084375 0.0203125
0 0.1625 0.18046875 0.0578125 0.028125
0 0.11953125 0.13203125 0.09375 0.021875
0 0.3921875 0.10625 0.078125 0.01875
0 0.9765625 0.1453125 0.046875 0.025
0 0.6140625 0.20703125 0.0625 0.021875
0 0.375 0.20703125 0.0609375 0.015625
0 0.11015625 0.24765625 0.0578125 0.028125
0 0.29609375 0.178125 0.0625 0.0265625
0 0.24921875 0.16640625 0.04375 0.028125
0 0.284375 0.2953125 0.053125 0.03125
0 0.95703125 0.37890625 0.06875 0.01875
0 0.80625 0.41015625 0.0640625 0.01875
0 0.94453125 0.47265625 0.06875 0.01875
0 0.94296875 0.4625 0.05625 0.0171875
0 0.36484375 0.709375 0.040625 0.034375
0 0.34140625 0.52421875 0.065625 0.0140625
0 0.26875 0.48984375 0.06875 0.028125
0 0.228125 0.69140625 0.06875 0.025
0 0.89375 0.81953125 0.0375 0.025
0 0.784375 0.77578125 0.05 0.021875
0 0.43359375 0.7875 0.071875 0.0203125
0 0.93203125 0.73984375 0.071875 0.021875
0 0.975 0.8546875 0.05 0.021875
0 0.93203125 0.94609375 0.0765625 0.021875
0 0.60078125 0.9125 0.0625 0.0171875
0 0.7609375 0.81328125 0.0734375 0.025
0 0.896875 0.703125 0.046875 0.0296875
0 0.5953125 0.89609375 0.04375 0.01875
0 0.296875 0.8578125 0.06875 0.021875
0 0.42890625 0.92421875 0.0546875 0.028125
0 0.1125 0.96171875 0.078125 0.021875
0 0.1828125 0.071875 0.06875 0.025