0 0.015625 0.3890625 0.03125 0.0515625
0 0.03828125 0.4546875 0.028125 0.06875
0 0.04140625 0.71875 0.021875 0.0765625
0 0.0625 0.4671875 0.0234375 0.065625
0 0.046875 0.21640625 0.028125 0.040625
0 0.07421875 0.203125 0.01875 0.071875
0 0.1125 0.16484375 0.03125 0.065625
0 0.0953125 0.459375 0.03125 0.08125
0 0.27265625 0.26875 0.03125 0.059375
0 0.2453125 0.39765625 0.021875 0.071875
0 0.3484375 0.67578125 0.0390625 0.0796875
0 0.46796875 0.40234375 0.028125 0.0625
0 0.47109375 0.49375 0.025 0.075
0 0.55 0.68671875 0.0375 0.06875
0 0.56640625 0.8578125 0.0125 0.0765625
0 0.51796875 0.8203125 0.025 0.0578125
0 0.5125 0.57421875 0.0171875 0.040625
0 0.5625 0.32890625 0.028125 0.0875
0 0.6359375 0.42734375 0.028125 0.059375
0 0.64765625 0.83515625 0.025 0.065625
0 0.6125 0.9734375 0.021875 0.053125
0 0.665625 0.94765625 0.025 0.075
0 0.68828125 0.7578125 0.028125 0.078125
0 0.64765625 0.1609375 0.0296875 0.071875
0 0.67734375 0.0890625 0.0375 0.06875
0 0.7046875 0.175 0.03125 0.059375
0 0.77578125 0.18359375 0.040625 0.0671875
0 0.75703125 0.71015625 0.03125 0.065625
0 0.73203125 0.965625 0.0234375 0.04375
0 0.79453125 0.9046875 0.034375 0.075
0 0.81953125 0.77265625 0.025 0.0625
0 0.79453125 0.671875 0.025 0.078125
0 0.8421875 0.66171875 0.025 0.065625
0 0.85 0.7265625 0.0234375 0.0375
0 0.8515625 0.8890625 0.025 0.0453125
0 0.8578125 0.971875 0.028125 0.05
0 0.94921875 0.78984375 0.025 0.0984375
0 0.9453125 0.55 0.0359375 0.0796875
0 0.9390625 0.41171875 0.028125 0.0625
0 0.87421875 0.5890625 0.03125 0.059375
0 0.86796875 0.43359375 0.0234375 0.059375
0 0.85234375 0.37890625 0.028125 0.08125
0 0.46484375 0.31640625 0.028125 0.071875