0 0.86328125 0.44609375 0.01875 0.06875
0 0.85625 0.103125 0.01875 0.053125
0 0.7515625 0.725 0.0171875 0.040625
0 0.66015625 0.615625 0.025 0.0515625
0 0.58125 0.86796875 0.025 0.0625
0 0.9671875 0.3640625 0.01875 0.0421875
0 0.884375 0.58203125 0.025 0.059375
0 0.82890625 0.903125 0.0234375 0.075
0 0.490625 0.328125 0.034375 0.053125
0 0.08125 0.60078125 0.0328125 0.0515625
0 0.15390625 0.5453125 0.0234375 0.05625
0 0.1609375 0.9140625 0.01875 0.0828125
0 0.253125 0.5421875 0.021875 0.053125
0 0.0234375 0.5703125 0.025 0.053125
0 0.2359375 0.8484375 0.03125 0.05625
0 0.29296875 0.49453125 0.0296875 0.0484375
0 0.85 0.5734375 0.0265625 0.090625
0 0.4109375 0.83203125 0.028125 0.0796875
0 0.153125 0.609375 0.021875 0.075
0 0.64765625 0.9828125 0.025 0.034375
0 0.31328125 0.33984375 0.0328125 0.04375
0 0.17265625 0.55390625 0.025 0.053125
0 0.91953125 0.61796875 0.01875 0.0609375
0 0.32265625 0.72578125 0.03125 0.0515625
0 0.80078125 0.609375 0.025 0.075
0 0.17578125 0.62578125 0.0265625 0.059375
0 0.3265625 0.24453125 0.028125 0.0453125
0 0.76015625 0.18828125 0.015625 0.06875
0 0.85703125 0.734375 0.025 0.046875
0 0.36953125 0.54140625 0.0296875 0.0375
0 0.625 0.115625 0.021875 0.08125
0 0.6078125 0.54140625 0.01875 0.040625
0 0.7703125 0.1296875 0.021875 0.05625
0 0.53125 0.71328125 0.0265625 0.053125
0 0.41015625 0.1921875 0.0359375 0.05
0 0.93515625 0.80546875 0.0234375 0.0421875
0 0.21875 0.325 0.025 0.0625
0 0.98828125 0.053125 0.0234375 0.05625
0 0.93515625 0.621875 0.0171875 0.084375
0 0.10234375 0.29609375 0.0171875 0.05625
0 0.9765625 0.675 0.0203125 0.0625
0 0.646875 0.9515625 0.025 0.046875
0 0.596875 0.65625 0.021875 0.05