0 0.06328125 0.0953125 0.05625 0.025
0 0.24609375 0.02578125 0.065625 0.034375
0 0.61953125 0.0484375 0.0765625 0.025
0 0.95 0.0796875 0.059375 0.028125
0 0.703125 0.09765625 0.071875 0.021875
0 0.4296875 0.109375 0.06875 0.021875
0 0.8 0.1640625 0.05625 0.0203125
0 0.7609375 0.1546875 0.05 0.0234375
0 0.68046875 0.178125 0.05625 0.01875
0 0.6234375 0.19921875 0.034375 0.0125
0 0.57890625 0.20859375 0.04375 0.015625
0 0.68671875 0.228125 0.05 0.015625
0 0.7765625 0.275 0.0390625 0.0203125
0 0.33828125 0.23828125 0.0625 0.034375
0 0.3625 0.1671875 0.06875 0.0203125
0 0.3703125 0.14765625 0.06875 0.028125
0 0.428125 0.24140625 0.0640625 0.021875
0 0.2421875 0.2 0.04375 0.0328125
0 0.31171875 0.19375 0.05625 0.01875
0 0.15859375 0.25 0.0421875 0.025
0 0.13203125 0.30390625 0.06875 0.025
0 0.05234375 0.32421875 0.046875 0.028125
0 0.0171875 0.36640625 0.034375 0.015625
0 0.2390625 0.4234375 0.0640625 0.0234375
0 0.278125 0.44921875 0.05625 0.021875
0 0.653125 0.34921875 0.08125 0.025
0 0.97421875 0.4125 0.05 0.021875
0 0.9796875 0.4875 0.040625 0.021875
0 0.41875 0.565625 0.084375 0.025
0 0.56953125 0.7 0.0625 0.03125
0 0.734375 0.64609375 0.075 0.021875
0 0.97421875 0.7015625 0.0375 0.034375
0 0.93359375 0.7640625 0.0625 0.028125
0 0.05 0.6390625 0.0703125 0.034375
0 0.2625 0.71875 0.0484375 0.03125
0 0.20078125 0.73046875 0.040625 0.03125
0 0.175 0.71953125 0.03125 0.025
0 0.42890625 0.77421875 0.0484375 0.0203125
0 0.36875 0.80234375 0.04375 0.0234375
0 0.47890625 0.828125 0.06875 0.034375
0 0.4234375 0.83671875 0.0296875 0.025
0 0.26484375 0.8625 0.046875 0.021875
0 0.35546875 0.87734375 0.0703125 0.021875
0 0.52890625 0.934375 0.053125 0.028125
0 0.628125 0.965625 0.04375 0.0125
0 0.15234375 0.8546875 0.046875 0.015625
0 0.928125 0.88359375 0.059375 0.01875
0 0.9671875 0.8515625 0.0546875 0.01875
0 0.97734375 0.83828125 0.0421875 0.03125
0 0.92421875 0.7953125 0.0375 0.01875
0 0.6828125 0.83203125 0.046875 0.028125
0 0.89453125 0.9375 0.06875 0.028125