2 0.065625 0.0453125 0.10625 0.046875
2 0.475 0.1328125 0.1328125 0.034375
2 0.1171875 0.19296875 0.075 0.04375
2 0.61875 0.325 0.1015625 0.034375
2 0.05625 0.303125 0.0875 0.0375
2 0.06171875 0.384375 0.06875 0.040625
2 0.08828125 0.3484375 0.071875 0.028125
2 0.29453125 0.384375 0.04375 0.028125
2 0.6953125 0.475 0.053125 0.046875
2 0.453125 0.53671875 0.040625 0.040625
2 0.38828125 0.6125 0.05625 0.0375
2 0.69296875 0.56484375 0.090625 0.046875
2 0.209375 0.6453125 0.096875 0.04375
2 0.1328125 0.61328125 0.08125 0.03125
2 0.1390625 0.69375 0.059375 0.05
2 0.54921875 0.7171875 0.0625 0.0375
2 0.6328125 0.71875 0.0515625 0.046875
2 0.5859375 0.83046875 0.0625 0.0375
2 0.54609375 0.95078125 0.096875 0.034375
2 0.025 0.92109375 0.05 0.034375
2 0.86328125 0.8625 0.1046875 0.04375
2 0.93046875 0.74140625 0.05625 0.04375
2 0.71328125 0.775 0.109375 0.034375
2 0.615625 0.7859375 0.0484375 0.034375
2 0.14296875 0.76015625 0.103125 0.03125
2 0.48125 0.3734375 0.08125 0.025
2 0.49921875 0.3421875 0.1125 0.046875
2 0.95703125 0.2515625 0.0859375 0.0375