0 0.0328125 0.47734375 0.0234375 0.0859375
0 0.05390625 0.365625 0.025 0.0875
0 0.13203125 0.07421875 0.0234375 0.065625
0 0.09765625 0.8390625 0.01875 0.053125
0 0.121875 0.76875 0.021875 0.05625
0 0.2015625 0.28203125 0.0203125 0.053125
0 0.22421875 0.1109375 0.0265625 0.04375
0 0.23828125 0.0296875 0.0234375 0.059375
0 0.215625 0.41953125 0.03125 0.03125
0 0.22890625 0.55234375 0.025 0.0421875
0 0.290625 0.51484375 0.0234375 0.084375
0 0.28046875 0.51171875 0.028125 0.046875
0 0.3046875 0.728125 0.0140625 0.04375
0 0.34375 0.021875 0.0203125 0.04375
0 0.41328125 0.15 0.0265625 0.040625
0 0.3765625 0.459375 0.034375 0.05
0 0.4171875 0.409375 0.03125 0.05625
0 0.2828125 0.96875 0.021875 0.0625
0 0.44921875 0.07421875 0.028125 0.0421875
0 0.44921875 0.4890625 0.028125 0.0375
0 0.5015625 0.621875 0.03125 0.04375
0 0.6171875 0.065625 0.034375 0.040625
0 0.49765625 0.08515625 0.021875 0.0578125
0 0.5734375 0.55234375 0.0234375 0.0640625
0 0.596875 0.7390625 0.0203125 0.05
0 0.6 0.29375 0.025 0.0796875
0 0.6046875 0.509375 0.0328125 0.0375
0 0.62890625 0.6328125 0.03125 0.046875
0 0.6609375 0.6453125 0.025 0.0375
0 0.68671875 0.45703125 0.021875 0.059375
0 0.740625 0.03125 0.0234375 0.046875
0 0.740625 0.91328125 0.01875 0.0578125
0 0.8390625 0.63203125 0.03125 0.0546875
0 0.78828125 0.4328125 0.0296875 0.06875
0 0.83203125 0.09296875 0.0203125 0.0703125
0 0.85 0.1328125 0.015625 0.0890625
0 0.878125 0.25703125 0.034375 0.046875
0 0.86171875 0.26796875 0.0375 0.0328125
0 0.8625 0.02265625 0.015625 0.0453125
0 0.84609375 0.03203125 0.0171875 0.059375
0 0.8171875 0.703125 0.01875 0.065625
0 0.98984375 0.4375 0.0203125 0.053125
0 0.96640625 0.734375 0.028125 0.0609375