2 0.14453125 0.03984375 0.0453125 0.03515625
2 0.103125 0.1171875 0.03671875 0.02421875
2 0.628125 0.125 0.08515625 0.01875
2 0.684375 0.134375 0.06875 0.02734375
2 0.85546875 0.1421875 0.0625 0.01328125
2 0.7609375 0.1953125 0.040625 0.02578125
2 0.5953125 0.234375 0.0703125 0.021875
2 0.79296875 0.27578125 0.05546875 0.0125
2 0.95625 0.2484375 0.05390625 0.01875
2 0.415625 0.103125 0.03671875 0.021875
2 0.2296875 0.29375 0.046875 0.021875
2 0.340625 0.2890625 0.0390625 0.02265625
2 0.3578125 0.1984375 0.06640625 0.015625
2 0.64375 0.2 0.046875 0.0203125
2 0.75 0.09453125 0.0703125 0.01796875
2 0.040625 0.2109375 0.021875 0.02265625
2 0.0671875 0.34609375 0.025 0.025
2 0.51796875 0.43125 0.0296875 0.015625
2 0.50390625 0.35703125 0.0375 0.02421875
2 0.09453125 0.43984375 0.028125 0.03203125
2 0.109375 0.4859375 0.0546875 0.01953125
2 0.4984375 0.60546875 0.03984375 0.021875
2 0.5828125 0.64765625 0.05703125 0.01484375
2 0.93125 0.64609375 0.05546875 0.0109375
2 0.3875 0.66484375 0.0546875 0.0171875
2 0.078125 0.678125 0.0421875 0.01640625
2 0.1265625 0.6765625 0.03515625 0.01875
2 0.04296875 0.6578125 0.028125 0.025
2 0.0640625 0.625 0.03515625 0.0265625
2 0.253125 0.79921875 0.05 0.01875
2 0.35234375 0.86015625 0.05234375 0.0140625
2 0.6984375 0.86796875 0.06015625 0.02109375
2 0.8921875 0.8015625 0.0625 0.01953125
2 0.06875 0.74921875 0.0328125 0.02421875
2 0.11796875 0.81640625 0.02421875 0.034375
2 0.471875 0.9125 0.05078125 0.02109375