0 0.90078125 0.72109375 0.021875 0.053125
0 0.92578125 0.59921875 0.01875 0.046875
0 0.9171875 0.38828125 0.01875 0.06875
0 0.984375 0.23671875 0.021875 0.0609375
0 0.96953125 0.07890625 0.01875 0.053125
0 0.846875 0.225 0.01875 0.0546875
0 0.84375 0.05078125 0.01875 0.0484375
0 0.83203125 0.1609375 0.025 0.0625
0 0.671875 0.08828125 0.01875 0.040625
0 0.8515625 0.4421875 0.021875 0.0515625
0 0.82109375 0.40390625 0.028125 0.040625
0 0.83828125 0.78359375 0.025 0.040625
0 0.690625 0.56328125 0.025 0.0515625
0 0.8078125 0.79609375 0.021875 0.05625
0 0.75390625 0.96015625 0.015625 0.05625
0 0.85234375 0.921875 0.028125 0.0421875
0 0.8875 0.9484375 0.015625 0.0484375
0 0.87421875 0.5140625 0.015625 0.04375
0 0.70546875 0.0328125 0.0203125 0.065625
0 0.6609375 0.74453125 0.0234375 0.075
0 0.33046875 0.3546875 0.0328125 0.040625
0 0.41484375 0.80390625 0.034375 0.053125
0 0.34375 0.88359375 0.0375 0.0546875
0 0.45390625 0.640625 0.0328125 0.05
0 0.5125 0.23203125 0.0234375 0.05
0 0.42421875 0.02421875 0.025 0.0484375
0 0.6046875 0.246875 0.028125 0.053125
0 0.27734375 0.29140625 0.025 0.046875
0 0.3375 0.13203125 0.0234375 0.053125
0 0.35703125 0.34453125 0.01875 0.0484375
0 0.30390625 0.984375 0.0375 0.03125
0 0.22421875 0.9796875 0.034375 0.040625
0 0.146875 0.86640625 0.0234375 0.0625
0 0.1859375 0.6859375 0.01875 0.05625
0 0.22734375 0.71796875 0.0234375 0.05625
0 0.13515625 0.79375 0.01875 0.0828125
0 0.15703125 0.6078125 0.021875 0.053125
0 0.1546875 0.57109375 0.021875 0.053125
0 0.178125 0.56328125 0.025 0.078125
0 0.10859375 0.83984375 0.03125 0.034375
0 0.0625 0.08046875 0.0265625 0.0625
0 0.06875 0.88984375 0.0328125 0.0609375
0 0.91484375 0.82265625 0.028125 0.078125
0 0.9484375 0.84453125 0.028125 0.05625
0 0.22109375 0.50390625 0.025 0.06875
0 0.7453125 0.15859375 0.01875 0.065625
0 0.10625 0.20078125 0.03125 0.065625
0 0.33359375 0.80234375 0.0296875 0.0484375
0 0.12421875 0.9296875 0.025 0.0625
0 0.06171875 0.975 0.021875 0.05
0 0.08359375 0.94453125 0.025 0.075
0 0.93828125 0.96171875 0.0234375 0.0765625