0 0.07890625 0.07578125 0.08046875 0.0265625
0 0.059375 0.04453125 0.06875 0.028125
0 0.45234375 0.08359375 0.071875 0.0296875
0 0.49453125 0.08671875 0.0625 0.03125
0 0.1609375 0.11953125 0.0734375 0.01484375
0 0.05390625 0.11484375 0.0578125 0.02578125
0 0.215625 0.134375 0.09140625 0.025
0 0.290625 0.13515625 0.065625 0.02734375
0 0.5265625 0.15234375 0.0765625 0.03046875
0 0.40234375 0.165625 0.0625 0.03515625
0 0.44609375 0.25078125 0.065625 0.02265625
0 0.19375 0.23984375 0.0390625 0.03203125
0 0.825 0.29296875 0.0546875 0.028125
0 0.6375 0.12578125 0.0546875 0.02109375
0 0.7203125 0.14375 0.06328125 0.0296875
0 0.70703125 0.171875 0.06171875 0.01796875
0 0.98125 0.2671875 0.03125 0.02578125
0 0.95078125 0.31796875 0.04609375 0.01640625
0 0.63046875 0.5734375 0.0515625 0.0265625
0 0.365625 0.48359375 0.04375 0.0171875
0 0.39921875 0.48125 0.0375 0.021875
0 0.2234375 0.496875 0.04609375 0.02109375
0 0.06015625 0.47578125 0.0515625 0.0234375
0 0.178125 0.525 0.04921875 0.0203125
0 0.0453125 0.540625 0.03984375 0.01640625
0 0.359375 0.628125 0.04375 0.03046875
0 0.78046875 0.50234375 0.05078125 0.0234375
0 0.825 0.678125 0.06015625 0.01796875
0 0.7578125 0.5921875 0.06640625 0.03203125
0 0.25859375 0.7640625 0.0609375 0.0296875
0 0.6125 0.7765625 0.0515625 0.021875
0 0.4671875 0.7296875 0.04921875 0.0234375
0 0.09921875 0.7578125 0.05390625 0.01875
0 0.0703125 0.6875 0.0359375 0.0296875
0 0.13515625 0.8171875 0.04921875 0.0203125
0 0.528125 0.8296875 0.06796875 0.0140625
0 0.671875 0.840625 0.05859375 0.0296875
0 0.77578125 0.8859375 0.06796875 0.03125
0 0.50078125 0.95859375 0.06171875 0.0296875
0 0.2578125 0.94140625 0.03671875 0.0390625
0 0.215625 0.95859375 0.0578125 0.03046875