0 0.5046875 0.1328125 0.06796875 0.01953125
0 0.728125 0.08828125 0.05234375 0.01796875
0 0.73828125 0.3421875 0.04140625 0.0171875
0 0.39921875 0.33984375 0.0515625 0.02578125
0 0.05 0.34453125 0.06328125 0.025
0 0.88359375 0.0421875 0.0421875 0.01796875
0 0.3875 0.140625 0.05859375 0.02421875
0 0.0609375 0.1890625 0.075 0.0234375
0 0.4453125 0.59453125 0.05390625 0.03359375
0 0.24296875 0.89453125 0.05234375 0.0328125
0 0.29453125 0.8703125 0.05625 0.0234375
0 0.44609375 0.8796875 0.0828125 0.01875
0 0.4578125 0.746875 0.05234375 0.02109375
0 0.32421875 0.96328125 0.05390625 0.02421875
0 0.08203125 0.77734375 0.05625 0.03125
0 0.7578125 0.715625 0.0484375 0.0296875
0 0.60390625 0.1609375 0.06640625 0.01953125
0 0.91796875 0.4046875 0.05859375 0.0203125
0 0.71484375 0.85703125 0.075 0.02109375
0 0.0171875 0.371875 0.03359375 0.02578125
0 0.31640625 0.62421875 0.04375 0.0328125
0 0.4625 0.81484375 0.05390625 0.02421875
0 0.1640625 0.15859375 0.0609375 0.01796875
0 0.2671875 0.66796875 0.0515625 0.03125
0 0.39765625 0.17890625 0.07421875 0.025
0 0.6984375 0.884375 0.06015625 0.0265625
0 0.78359375 0.65546875 0.0453125 0.028125
0 0.92109375 0.11171875 0.06875 0.01640625
0 0.70390625 0.1109375 0.04609375 0.025
0 0.65546875 0.5375 0.03671875 0.0296875
0 0.8109375 0.25703125 0.08125 0.021875
0 0.978125 0.15859375 0.04296875 0.0203125
0 0.9375 0.1796875 0.05625 0.02109375
0 0.409375 0.4546875 0.053125 0.0265625
0 0.52578125 0.5046875 0.04921875 0.0359375
0 0.17890625 0.93828125 0.0546875 0.028125
0 0.1203125 0.078125 0.06640625 0.021875
0 0.1984375 0.0546875 0.0421875 0.0234375
0 0.26171875 0.840625 0.0625 0.025
0 0.9484375 0.0265625 0.05703125 0.02421875
0 0.16875 0.04765625 0.08359375 0.0171875
0 0.2671875 0.9140625 0.05546875 0.0171875
0 0.38046875 0.01484375 0.0625 0.0203125
0 0.05390625 0.36171875 0.04609375 0.02421875
0 0.178125 0.43046875 0.05 0.021875
0 0.3078125 0.678125 0.0375 0.03046875
0 0.1296875 0.7109375 0.04140625 0.02578125
0 0.06328125 0.74296875 0.05546875 0.02734375