0 0.48359375 0.08671875 0.0671875 0.02265625
0 0.60625 0.0890625 0.06015625 0.02109375
0 0.628125 0.0609375 0.07421875 0.02265625
0 0.54375 0.1171875 0.09375 0.0171875
0 0.44140625 0.1359375 0.04765625 0.01484375
0 0.540625 0.16796875 0.05 0.01875
0 0.57890625 0.153125 0.06640625 0.0234375
0 0.4671875 0.1578125 0.06171875 0.01953125
0 0.13984375 0.1609375 0.06953125 0.0171875
0 0.15 0.13515625 0.0671875 0.0171875
0 0.27578125 0.234375 0.06171875 0.02109375
0 0.359375 0.2578125 0.06015625 0.02578125
0 0.56484375 0.28359375 0.06953125 0.02109375
0 0.546875 0.25703125 0.05703125 0.025
0 0.83515625 0.26484375 0.03671875 0.034375
0 0.8046875 0.13125 0.05234375 0.01796875
0 0.8984375 0.16875 0.0640625 0.028125
0 0.2 0.2125 0.0640625 0.02734375
0 0.3828125 0.48046875 0.0625 0.01484375
0 0.53515625 0.44453125 0.0484375 0.0234375
0 0.828125 0.428125 0.05234375 0.021875
0 0.81796875 0.40234375 0.0546875 0.02578125
0 0.025 0.46953125 0.05 0.01875
0 0.24765625 0.62109375 0.05546875 0.02265625
0 0.38671875 0.625 0.08046875 0.01953125
0 0.6953125 0.5578125 0.0484375 0.02265625
0 0.5140625 0.6828125 0.04140625 0.03984375
0 0.53984375 0.67578125 0.04609375 0.028125
0 0.4125 0.70390625 0.053125 0.0234375
0 0.2765625 0.6859375 0.07890625 0.01953125
0 0.30625 0.7140625 0.04609375 0.0296875
0 0.740625 0.70078125 0.03515625 0.021875
0 0.74609375 0.690625 0.07421875 0.0203125
0 0.2375 0.77109375 0.06484375 0.0359375
0 0.128125 0.79765625 0.0453125 0.02109375
0 0.1875 0.85078125 0.053125 0.0359375
0 0.14375 0.84765625 0.053125 0.021875
0 0.41015625 0.83984375 0.04375 0.02890625
0 0.61015625 0.84921875 0.06953125 0.03125
0 0.68359375 0.8328125 0.059375 0.0296875
0 0.584375 0.81484375 0.06640625 0.0234375
0 0.28359375 0.90703125 0.0765625 0.02109375