0 0.7328125 0.096875 0.06796875 0.02734375
0 0.3203125 0.0546875 0.06796875 0.01953125
0 0.39296875 0.059375 0.0546875 0.02109375
0 0.3046875 0.09140625 0.10703125 0.03203125
0 0.22421875 0.1125 0.0796875 0.0234375
0 0.63828125 0.12890625 0.06171875 0.03125
0 0.8671875 0.140625 0.05078125 0.02421875
0 0.9234375 0.2171875 0.0515625 0.0296875
0 0.95625 0.27890625 0.06171875 0.02578125
0 0.89375 0.3109375 0.03671875 0.03515625
0 0.76171875 0.290625 0.07578125 0.0234375
0 0.62109375 0.22109375 0.09765625 0.028125
0 0.51171875 0.159375 0.06953125 0.028125
0 0.375 0.13828125 0.04765625 0.01953125
0 0.3578125 0.1703125 0.0453125 0.01484375
0 0.10859375 0.20078125 0.08046875 0.015625
0 0.165625 0.225 0.0625 0.02734375
0 0.30546875 0.22890625 0.0796875 0.02265625
0 0.34765625 0.35 0.06484375 0.03515625
0 0.31875 0.384375 0.0578125 0.03203125
0 0.096875 0.43046875 0.0953125 0.02421875
0 0.765625 0.41875 0.1109375 0.01328125
0 0.73515625 0.45 0.0875 0.01953125
0 0.065625 0.50078125 0.04921875 0.0234375
0 0.084375 0.5890625 0.08046875 0.03203125
0 0.56953125 0.56953125 0.04453125 0.025
0 0.75390625 0.70625 0.0453125 0.025
0 0.4421875 0.69453125 0.05625 0.025
0 0.0859375 0.75390625 0.06171875 0.03125
0 0.9296875 0.74375 0.05625 0.0296875
0 0.9359375 0.76953125 0.0390625 0.01875
0 0.04453125 0.8390625 0.053125 0.02578125
0 0.1484375 0.9 0.05390625 0.02265625
0 0.14453125 0.8375 0.05 0.01640625
0 0.45546875 0.78125 0.05625 0.021875
0 0.57578125 0.8375 0.06171875 0.02109375
0 0.32109375 0.8890625 0.0609375 0.0234375
0 0.178125 0.93671875 0.05390625 0.01484375
0 0.17734375 0.94921875 0.0640625 0.01328125
0 0.596875 0.91015625 0.0515625 0.0328125
0 0.64453125 0.97109375 0.04453125 0.025
0 0.59375 0.978125 0.04453125 0.02265625