0 0.94609375 0.3265625 0.025 0.065625
0 0.9828125 0.24140625 0.0203125 0.0625
0 0.96171875 0.56796875 0.03125 0.078125
0 0.90859375 0.109375 0.0171875 0.0609375
0 0.89609375 0.4328125 0.021875 0.065625
0 0.84375 0.4890625 0.0203125 0.053125
0 0.85625 0.10625 0.028125 0.034375
0 0.8546875 0.24453125 0.01875 0.05625
0 0.796875 0.4703125 0.015625 0.0484375
0 0.89375 0.79453125 0.021875 0.04375
0 0.89453125 0.86796875 0.021875 0.05625
0 0.83828125 0.71484375 0.01875 0.05
0 0.83515625 0.61015625 0.0265625 0.0734375
0 0.703125 0.5484375 0.021875 0.08125
0 0.7359375 0.55078125 0.028125 0.046875
0 0.7046875 0.1703125 0.0203125 0.05625
0 0.6328125 0.08359375 0.025 0.05625
0 0.68359375 0.81328125 0.021875 0.04375
0 0.65390625 0.8859375 0.015625 0.05
0 0.665625 0.89609375 0.0203125 0.0515625
0 0.59296875 0.80625 0.025 0.0328125
0 0.603125 0.82578125 0.021875 0.04375
0 0.49375 0.2984375 0.021875 0.046875
0 0.50859375 0.34296875 0.025 0.0375
0 0.5078125 0.27421875 0.015625 0.065625
0 0.4515625 0.22421875 0.0328125 0.03125
0 0.43125 0.33359375 0.0234375 0.046875
0 0.484375 0.45234375 0.0171875 0.05625
0 0.3328125 0.14921875 0.028125 0.040625
0 0.3609375 0.33046875 0.025 0.053125
0 0.25 0.440625 0.021875 0.05625
0 0.2359375 0.59609375 0.0265625 0.05625
0 0.28203125 0.7640625 0.03125 0.05
0 0.36015625 0.8328125 0.028125 0.04375
0 0.43984375 0.7703125 0.025 0.0546875
0 0.1859375 0.11640625 0.01875 0.059375
0 0.1875 0.0203125 0.01875 0.040625
0 0.153125 0.4328125 0.03125 0.0625
0 0.13984375 0.1421875 0.0171875 0.075
0 0.15625 0.15234375 0.0140625 0.05625
0 0.059375 0.16484375 0.025 0.08125
0 0.08359375 0.53046875 0.021875 0.05625
0 0.16796875 0.734375 0.021875 0.075
0 0.5375 0.7625 0.03125 0.0453125
0 0.32734375 0.959375 0.03125 0.053125