0 0.74140625 0.90390625 0.025 0.0890625
0 0.50390625 0.75078125 0.040625 0.04375
0 0.521875 0.68671875 0.03125 0.059375
0 0.49296875 0.9328125 0.040625 0.0484375
0 0.42734375 0.3046875 0.03125 0.053125
0 0.44609375 0.6421875 0.03125 0.0765625
0 0.64375 0.26796875 0.034375 0.0453125
0 0.6390625 0.21015625 0.03125 0.0984375
0 0.796875 0.3234375 0.0234375 0.04375
0 0.809375 0.17109375 0.03125 0.0625
0 0.76875 0.06796875 0.028125 0.071875
0 0.875 0.08203125 0.03125 0.06875
0 0.815625 0.46328125 0.0234375 0.040625
0 0.8546875 0.51875 0.0203125 0.0484375
0 0.7390625 0.053125 0.021875 0.05
0 0.478125 0.2328125 0.034375 0.05625
0 0.296875 0.15859375 0.0375 0.090625
0 0.33046875 0.584375 0.0234375 0.0578125
0 0.1796875 0.4625 0.03125 0.065625
0 0.2296875 0.50703125 0.0265625 0.05625
0 0.253125 0.41796875 0.03125 0.0671875
0 0.2234375 0.6015625 0.01875 0.046875
0 0.2875 0.9140625 0.0234375 0.06875
0 0.0984375 0.58828125 0.03125 0.0359375
0 0.11640625 0.5578125 0.025 0.05625
0 0.1578125 0.55234375 0.0234375 0.0625
0 0.10703125 0.12265625 0.0234375 0.071875
0 0.02734375 0.240625 0.025 0.0625
0 0.03125 0.49140625 0.040625 0.0515625
0 0.16328125 0.25078125 0.04375 0.0796875
0 0.16015625 0.13125 0.034375 0.065625
0 0.19921875 0.38203125 0.028125 0.05