0 0.91875 0.04921875 0.07421875 0.03515625
0 0.615625 0.01328125 0.08671875 0.025
0 0.2734375 0.00625 0.071875 0.0125
0 0.21640625 0.05234375 0.078125 0.02578125
0 0.13984375 0.07421875 0.07734375 0.0328125
0 0.0875 0.10078125 0.08984375 0.028125
0 0.215625 0.14609375 0.0875 0.0296875
0 0.38046875 0.084375 0.0921875 0.0328125
0 0.47578125 0.12421875 0.078125 0.02578125
0 0.70390625 0.25 0.0765625 0.0453125
0 0.5921875 0.24140625 0.071875 0.04296875
0 0.48828125 0.24140625 0.0859375 0.04140625
0 0.21015625 0.434375 0.09140625 0.03359375
0 0.475 0.4796875 0.0796875 0.0359375
0 0.34140625 0.52421875 0.11640625 0.03359375
0 0.665625 0.571875 0.0796875 0.04140625
0 0.79140625 0.63671875 0.06875 0.028125
0 0.93515625 0.65 0.05859375 0.0390625
0 0.234375 0.6421875 0.075 0.0375
0 0.2609375 0.66640625 0.06015625 0.025
0 0.0859375 0.7078125 0.07578125 0.025
0 0.33046875 0.72265625 0.0765625 0.028125
0 0.4921875 0.7875 0.0859375 0.04453125
0 0.52890625 0.765625 0.08984375 0.03828125
0 0.3390625 0.853125 0.08203125 0.03046875
0 0.34609375 0.80859375 0.06875 0.04140625
0 0.1640625 0.80546875 0.0625 0.0203125
0 0.0265625 0.8328125 0.0328125 0.021875
0 0.66796875 0.8890625 0.05859375 0.02578125
0 0.67734375 0.9078125 0.05859375 0.025
0 0.075 0.94921875 0.05078125 0.03203125