2 0.07890625 0.3953125 0.025 0.05
2 0.04140625 0.1046875 0.034375 0.05625
2 0.07265625 0.05 0.040625 0.0484375
2 0.12578125 0.19921875 0.040625 0.0703125
2 0.25546875 0.14609375 0.0484375 0.0390625
2 0.3109375 0.11015625 0.0328125 0.034375
2 0.24140625 0.04921875 0.046875 0.046875
2 0.33125 0.90390625 0.0484375 0.0890625
2 0.31953125 0.65390625 0.0375 0.084375
2 0.3 0.66875 0.03125 0.0671875
2 0.375 0.50546875 0.0359375 0.078125
2 0.409375 0.33203125 0.040625 0.05625
2 0.1515625 0.74296875 0.025 0.0515625
2 0.1203125 0.8328125 0.021875 0.05
2 0.128125 0.90859375 0.025 0.0375
2 0.1359375 0.5546875 0.0328125 0.075
2 0.1515625 0.63125 0.0171875 0.0296875
2 0.203125 0.67265625 0.0390625 0.075
2 0.18359375 0.80546875 0.0234375 0.059375
2 0.41171875 0.76796875 0.0375 0.078125
2 0.44921875 0.77421875 0.03125 0.0640625
2 0.46171875 0.58515625 0.040625 0.075
2 0.4359375 0.10234375 0.03125 0.040625
2 0.6171875 0.36328125 0.034375 0.06875
2 0.72421875 0.5453125 0.03125 0.06875
2 0.86328125 0.88828125 0.03125 0.0671875
2 0.81015625 0.70703125 0.0234375 0.046875
2 0.81640625 0.81171875 0.021875 0.0578125
2 0.86640625 0.69765625 0.028125 0.0515625
2 0.84765625 0.75078125 0.0171875 0.034375
2 0.8453125 0.6875 0.021875 0.05
2 0.8328125 0.346875 0.0296875 0.06875
2 0.796875 0.153125 0.0203125 0.04375
2 0.89453125 0.08203125 0.0359375 0.05625
2 0.95078125 0.11640625 0.0328125 0.075
2 0.4859375 0.82265625 0.028125 0.059375
2 0.21171875 0.7625 0.034375 0.0625