0 0.31484375 0.1 0.05390625 0.02265625
0 0.40078125 0.07421875 0.04609375 0.01796875
0 0.60703125 0.08984375 0.06796875 0.01953125
0 0.76328125 0.015625 0.0609375 0.02109375
0 0.8078125 0.09765625 0.05234375 0.01796875
0 0.6890625 0.10546875 0.0546875 0.01875
0 0.8953125 0.15390625 0.0484375 0.01796875
0 0.8390625 0.16796875 0.06328125 0.02578125
0 0.79921875 0.26328125 0.04140625 0.01953125
0 0.575 0.13203125 0.0515625 0.02109375
0 0.3375 0.18828125 0.04140625 0.02734375
0 0.26171875 0.16015625 0.040625 0.025
0 0.4578125 0.303125 0.0515625 0.02578125
0 0.1546875 0.19375 0.05546875 0.021875
0 0.03984375 0.24609375 0.05546875 0.01484375
0 0.09453125 0.16484375 0.0421875 0.028125
0 0.1484375 0.1171875 0.0484375 0.01640625
0 0.44609375 0.121875 0.04453125 0.01640625
0 0.934375 0.2703125 0.0625 0.01953125
0 0.32421875 0.39921875 0.075 0.0234375
0 0.39453125 0.6828125 0.040625 0.0328125
0 0.15703125 0.58515625 0.05390625 0.03359375
0 0.10390625 0.60703125 0.0546875 0.03671875
0 0.13203125 0.58984375 0.05 0.0328125
0 0.8828125 0.45390625 0.05078125 0.0234375
0 0.678125 0.5859375 0.0484375 0.02421875
0 0.6265625 0.421875 0.05390625 0.02890625
0 0.7890625 0.7 0.04609375 0.02578125
0 0.9140625 0.67578125 0.05234375 0.0234375
0 0.61015625 0.63359375 0.0484375 0.01875
0 0.01484375 0.6953125 0.0296875 0.034375
0 0.03046875 0.7765625 0.0609375 0.01875
0 0.13359375 0.853125 0.06171875 0.0234375
0 0.15546875 0.81171875 0.05546875 0.01796875
0 0.3828125 0.7875 0.05625 0.0234375
0 0.20625 0.86484375 0.0828125 0.01875
0 0.3984375 0.82109375 0.05390625 0.02265625
0 0.565625 0.834375 0.078125 0.02421875
0 0.22578125 0.90703125 0.03515625 0.03125
0 0.8984375 0.94609375 0.06171875 0.0265625
0 0.159375 0.9265625 0.0609375 0.0328125
0 0.22109375 0.1140625 0.07890625 0.02734375
0 0.24140625 0.05234375 0.05546875 0.02734375
0 0.49609375 0.77890625 0.06875 0.02421875
0 0.73125 0.21484375 0.06640625 0.01953125
0 0.70234375 0.9359375 0.06484375 0.03125