2 0.60078125 0.115625 0.0828125 0.0296875
2 0.5640625 0.0875 0.065625 0.025
2 0.484375 0.08671875 0.096875 0.03125
2 0.540625 0.1453125 0.0796875 0.05
2 0.0625 0.025 0.0796875 0.05
2 0.60859375 0.1703125 0.075 0.0375
2 0.8 0.25 0.06875 0.04375
2 0.69140625 0.23984375 0.0484375 0.034375
2 0.45859375 0.23984375 0.090625 0.028125
2 0.1296875 0.30625 0.04375 0.0296875
2 0.14765625 0.3515625 0.03125 0.0625
2 0.03359375 0.340625 0.0671875 0.03125
2 0.5046875 0.38203125 0.08125 0.040625
2 0.63984375 0.3109375 0.0625 0.0328125
2 0.73984375 0.3515625 0.065625 0.03125
2 0.7453125 0.41328125 0.0703125 0.0390625
2 0.74296875 0.39296875 0.0625 0.034375
2 0.75234375 0.47109375 0.08125 0.0515625
2 0.64609375 0.53671875 0.075 0.040625
2 0.0875 0.48515625 0.053125 0.03125
2 0.14453125 0.49609375 0.125 0.0625
2 0.2453125 0.83984375 0.128125 0.046875
2 0.2640625 0.91171875 0.0609375 0.0359375
2 0.3953125 0.8515625 0.071875 0.0375
2 0.503125 0.825 0.059375 0.0375
2 0.68515625 0.82734375 0.078125 0.034375
2 0.70078125 0.759375 0.08125 0.046875
2 0.6328125 0.7109375 0.06875 0.04375
2 0.27734375 0.759375 0.075 0.03125
2 0.365625 0.6171875 0.128125 0.0390625
2 0.9421875 0.8484375 0.06875 0.040625
2 0.771875 0.853125 0.059375 0.0296875
2 0.76171875 0.815625 0.0671875 0.03125