0 0.01328125 0.91484375 0.0265625 0.0609375
0 0.01484375 0.85234375 0.021875 0.090625
0 0.084375 0.73359375 0.01875 0.0703125
0 0.07734375 0.63515625 0.0234375 0.0703125
0 0.06328125 0.52421875 0.028125 0.08125
0 0.1375 0.709375 0.025 0.059375
0 0.16015625 0.534375 0.01875 0.0875
0 0.16484375 0.54296875 0.021875 0.05625
0 0.215625 0.60078125 0.025 0.046875
0 0.2109375 0.48203125 0.0234375 0.06875
0 0.2546875 0.65 0.025 0.075
0 0.28359375 0.6125 0.01875 0.05
0 0.21953125 0.26328125 0.0203125 0.040625
0 0.22421875 0.371875 0.015625 0.059375
0 0.25625 0.3453125 0.0171875 0.05
0 0.19921875 0.0671875 0.0265625 0.0421875
0 0.30390625 0.25234375 0.0234375 0.025
0 0.37578125 0.1265625 0.015625 0.046875
0 0.3765625 0.45859375 0.021875 0.053125
0 0.446875 0.65234375 0.0234375 0.0625
0 0.5625 0.30234375 0.028125 0.071875
0 0.58515625 0.8 0.0234375 0.053125
0 0.47109375 0.17109375 0.034375 0.040625
0 0.609375 0.96328125 0.0203125 0.0625
0 0.77890625 0.73359375 0.0203125 0.059375
0 0.7625 0.71328125 0.01875 0.040625
0 0.71796875 0.96015625 0.03125 0.04375
0 0.69296875 0.8984375 0.0171875 0.075
0 0.8078125 0.56484375 0.028125 0.05625
0 0.84296875 0.50390625 0.0234375 0.05625
0 0.8390625 0.69140625 0.0203125 0.04375
0 0.80703125 0.7953125 0.021875 0.0546875
0 0.896875 0.23828125 0.021875 0.0625
0 0.9546875 0.76796875 0.021875 0.0625
0 0.91875 0.7578125 0.028125 0.0453125
0 0.86171875 0.3046875 0.025 0.053125