0 0.1890625 0.08203125 0.0375 0.03125
0 0.8078125 0.11328125 0.065625 0.021875
0 0.93515625 0.03515625 0.05 0.028125
0 0.70078125 0.2203125 0.0453125 0.021875
0 0.41640625 0.1796875 0.05 0.025
0 0.47734375 0.2265625 0.059375 0.028125
0 0.18515625 0.27421875 0.0515625 0.034375
0 0.2875 0.2390625 0.059375 0.0296875
0 0.5921875 0.10546875 0.0625 0.03125
0 0.26953125 0.1046875 0.06875 0.028125
0 0.68828125 0.18359375 0.103125 0.028125
0 0.96796875 0.2796875 0.0640625 0.028125
0 0.44140625 0.31328125 0.0453125 0.0203125
0 0.3078125 0.35625 0.059375 0.03125
0 0.65390625 0.35390625 0.0875 0.040625
0 0.675 0.2953125 0.046875 0.03125
0 0.946875 0.41484375 0.084375 0.025
0 0.8109375 0.49609375 0.090625 0.028125
0 0.6171875 0.54375 0.053125 0.03125
0 0.88125 0.5359375 0.0625 0.021875
0 0.5546875 0.56953125 0.0671875 0.021875
0 0.3234375 0.58984375 0.0375 0.021875
0 0.4203125 0.6078125 0.053125 0.021875
0 0.4796875 0.6328125 0.065625 0.0171875
0 0.53984375 0.6203125 0.05625 0.025
0 0.584375 0.67421875 0.059375 0.0171875
0 0.5515625 0.6921875 0.025 0.01875
0 0.484375 0.7 0.046875 0.03125
0 0.30625 0.75703125 0.059375 0.034375
0 0.19453125 0.75234375 0.05 0.0203125
0 0.078125 0.6359375 0.0640625 0.0203125
0 0.84296875 0.7296875 0.06875 0.0375
0 0.86953125 0.7671875 0.078125 0.021875
0 0.6625 0.8671875 0.078125 0.0390625
0 0.6890625 0.84921875 0.0515625 0.03125
0 0.7703125 0.8296875 0.05 0.025
0 0.3328125 0.85234375 0.0828125 0.034375
0 0.20859375 0.884375 0.05625 0.040625
0 0.83125 0.65703125 0.071875 0.040625