2 0.81015625 0.05625 0.090625 0.025
2 0.58203125 0.090625 0.090625 0.028125
2 0.1984375 0.15390625 0.065625 0.01875
2 0.240625 0.14921875 0.078125 0.0125
2 0.396875 0.0828125 0.0734375 0.0203125
2 0.37421875 0.0921875 0.053125 0.0265625
2 0.77265625 0.184375 0.0484375 0.034375
2 0.79140625 0.23203125 0.0390625 0.034375
2 0.6203125 0.14453125 0.04375 0.028125
2 0.79921875 0.11875 0.0484375 0.0234375
2 0.68671875 0.1515625 0.065625 0.028125
2 0.39609375 0.2078125 0.05625 0.0140625
2 0.3171875 0.1703125 0.040625 0.0203125
2 0.37578125 0.24921875 0.0453125 0.021875
2 0.7375 0.24765625 0.05625 0.03125
2 0.9390625 0.29453125 0.0390625 0.0375
2 0.890625 0.290625 0.03125 0.0375
2 0.87265625 0.34140625 0.0359375 0.028125
2 0.9515625 0.34921875 0.034375 0.025
2 0.53203125 0.421875 0.046875 0.028125
2 0.85078125 0.4328125 0.034375 0.025
2 0.70078125 0.5984375 0.03125 0.028125
2 0.6578125 0.58125 0.040625 0.015625
2 0.603125 0.6 0.0609375 0.034375
2 0.8328125 0.54453125 0.03125 0.03125
2 0.8484375 0.50859375 0.0375 0.025
2 0.50390625 0.740625 0.0375 0.03125
2 0.42734375 0.66015625 0.040625 0.0265625
2 0.17890625 0.85390625 0.053125 0.025
2 0.13671875 0.86640625 0.065625 0.0203125
2 0.18671875 0.87890625 0.0515625 0.015625
2 0.1734375 0.79921875 0.0546875 0.0203125
2 0.340625 0.8234375 0.05625 0.021875
2 0.92109375 0.809375 0.04375 0.0140625
2 0.940625 0.74140625 0.046875 0.021875
2 0.275 0.2296875 0.0484375 0.01875