0 0.2484375 0.05703125 0.08046875 0.02109375
0 0.36796875 0.0546875 0.05390625 0.021875
0 0.3421875 0.125 0.0625 0.0296875
0 0.3734375 0.0890625 0.06015625 0.01640625
0 0.84921875 0.0953125 0.08046875 0.0171875
0 0.671875 0.13125 0.0609375 0.01640625
0 0.93359375 0.13984375 0.0640625 0.01875
0 0.959375 0.1296875 0.0703125 0.01796875
0 0.53359375 0.009375 0.075 0.01796875
0 0.184375 0.2078125 0.0765625 0.028125
0 0.225 0.2015625 0.0609375 0.02421875
0 0.30078125 0.2328125 0.04765625 0.0265625
0 0.471875 0.1828125 0.06640625 0.02109375
0 0.30234375 0.16953125 0.05234375 0.02109375
0 0.7203125 0.24765625 0.0578125 0.0234375
0 0.71953125 0.2140625 0.07421875 0.01640625
0 0.9203125 0.23203125 0.03984375 0.02734375
0 0.359375 0.35234375 0.04765625 0.03359375
0 0.2890625 0.3671875 0.04453125 0.02734375
0 0.0515625 0.3828125 0.03671875 0.03984375
0 0.08359375 0.44375 0.06796875 0.02734375
0 0.75390625 0.4203125 0.07421875 0.025
0 0.72109375 0.4515625 0.0484375 0.0171875
0 0.82578125 0.31796875 0.05234375 0.01953125
0 0.95390625 0.33046875 0.03671875 0.021875
0 0.046875 0.5 0.0859375 0.021875
0 0.04765625 0.58203125 0.05625 0.02890625
0 0.59765625 0.57265625 0.071875 0.01640625
0 0.42734375 0.68828125 0.05 0.0296875
0 0.05625 0.74765625 0.04609375 0.0296875
0 0.62109375 0.84921875 0.05078125 0.0234375
0 0.75234375 0.71171875 0.03828125 0.01953125
0 0.921875 0.7578125 0.03671875 0.03125
0 0.48984375 0.778125 0.06015625 0.01796875
0 0.15625 0.81484375 0.04375 0.01796875
0 0.0296875 0.840625 0.0421875 0.028125
0 0.1421875 0.8953125 0.04765625 0.028125
0 0.67265625 0.98359375 0.075 0.0234375