0 0.8078125 0.62265625 0.015625 0.05
0 0.925 0.68125 0.021875 0.05625
0 0.871875 0.6265625 0.025 0.05625
0 0.8625 0.7078125 0.01875 0.0375
0 0.828125 0.60234375 0.01875 0.0484375
0 0.86640625 0.8109375 0.0265625 0.0609375
0 0.803125 0.946875 0.021875 0.0703125
0 0.72421875 0.7078125 0.0375 0.0515625
0 0.72578125 0.80390625 0.028125 0.053125
0 0.74921875 0.4375 0.03125 0.059375
0 0.81171875 0.37109375 0.028125 0.0734375
0 0.74765625 0.06171875 0.03125 0.05625
0 0.82890625 0.2546875 0.01875 0.0375
0 0.86640625 0.26953125 0.021875 0.0515625
0 0.90859375 0.10703125 0.03125 0.05625
0 0.98203125 0.19296875 0.03125 0.078125
0 0.9453125 0.43203125 0.025 0.05625
0 0.66875 0.3328125 0.028125 0.059375
0 0.63359375 0.30703125 0.0375 0.053125
0 0.6453125 0.11328125 0.03125 0.053125
0 0.61875 0.06015625 0.03125 0.0484375
0 0.62890625 0.79140625 0.0203125 0.0515625
0 0.6125 0.82890625 0.028125 0.0875
0 0.5359375 0.63125 0.0203125 0.0703125
0 0.53125 0.9140625 0.015625 0.0625
0 0.49765625 0.96328125 0.0234375 0.04375
0 0.38984375 0.96796875 0.021875 0.05
0 0.38515625 0.62734375 0.0328125 0.0875
0 0.23671875 0.41953125 0.0359375 0.06875
0 0.21171875 0.74609375 0.025 0.046875
0 0.17421875 0.7703125 0.028125 0.0421875
0 0.134375 0.73828125 0.025 0.0453125
0 0.1125 0.72421875 0.025 0.04375
0 0.1296875 0.39453125 0.028125 0.04375
0 0.065625 0.125 0.03125 0.0875