0 0.4046875 0.021875 0.075 0.025
0 0.65625 0.0203125 0.05625 0.01875
0 0.5859375 0.08515625 0.0515625 0.028125
0 0.53828125 0.05390625 0.0640625 0.01875
0 0.52890625 0.121875 0.0640625 0.0296875
0 0.78828125 0.065625 0.1 0.0359375
0 0.78125 0.1515625 0.059375 0.0265625
0 0.6 0.1984375 0.08125 0.0328125
0 0.69453125 0.278125 0.0921875 0.04375
0 0.18203125 0.09921875 0.10625 0.0359375
0 0.6125 0.34609375 0.0671875 0.04375
0 0.67421875 0.38828125 0.078125 0.034375
0 0.9328125 0.35234375 0.0828125 0.040625
0 0.965625 0.36171875 0.06875 0.0375
0 0.7046875 0.4359375 0.053125 0.0359375
0 0.51015625 0.3953125 0.059375 0.021875
0 0.371875 0.46484375 0.053125 0.03125
0 0.15859375 0.56796875 0.08125 0.034375
0 0.253125 0.6765625 0.059375 0.021875
0 0.37265625 0.7046875 0.0546875 0.0328125
0 0.25703125 0.703125 0.040625 0.03125
0 0.3953125 0.7703125 0.06875 0.034375
0 0.5265625 0.61015625 0.040625 0.0171875
0 0.5765625 0.6296875 0.059375 0.028125
0 0.8703125 0.5734375 0.05625 0.025
0 0.70390625 0.609375 0.05625 0.01875
0 0.68359375 0.65234375 0.0625 0.021875
0 0.74921875 0.67734375 0.0890625 0.025
0 0.48515625 0.69921875 0.0796875 0.025
0 0.58984375 0.75234375 0.1 0.0328125
0 0.959375 0.73984375 0.04375 0.0171875
0 0.81875 0.78671875 0.059375 0.021875
0 0.55078125 0.84453125 0.04375 0.021875
0 0.67890625 0.840625 0.059375 0.021875
0 0.6296875 0.83203125 0.046875 0.021875
0 0.3015625 0.846875 0.065625 0.034375
0 0.3015625 0.9015625 0.05625 0.03125
0 0.49140625 0.9671875 0.09375 0.04375
0 0.56953125 0.9765625 0.0890625 0.040625
0 0.5859375 0.91328125 0.0546875 0.0265625