2 0.54453125 0.0953125 0.046875 0.0234375
2 0.85390625 0.05078125 0.046875 0.0328125
2 0.02890625 0.121875 0.05625 0.015625
2 0.140625 0.08671875 0.0625 0.028125
2 0.5453125 0.2046875 0.05625 0.015625
2 0.95078125 0.1375 0.0375 0.0375
2 0.9078125 0.09609375 0.071875 0.03125
2 0.7234375 0.18359375 0.03125 0.03125
2 0.45 0.175 0.059375 0.025
2 0.88515625 0.16796875 0.03125 0.025
2 0.98671875 0.234375 0.0265625 0.03125
2 0.8953125 0.296875 0.0328125 0.034375
2 0.3578125 0.3015625 0.0578125 0.01875
2 0.35078125 0.28046875 0.059375 0.021875
2 0.6171875 0.22109375 0.0703125 0.0140625
2 0.803125 0.4046875 0.046875 0.028125
2 0.790625 0.39375 0.021875 0.028125
2 0.06953125 0.38671875 0.0375 0.021875
2 0.85703125 0.6140625 0.05625 0.025
2 0.15859375 0.578125 0.04375 0.03125
2 0.93203125 0.65 0.03125 0.025
2 0.8078125 0.69921875 0.040625 0.021875
2 0.48359375 0.79140625 0.0453125 0.021875
2 0.46953125 0.76328125 0.059375 0.021875
2 0.13046875 0.66328125 0.0375 0.01875
2 0.26484375 0.87265625 0.059375 0.01875
2 0.23515625 0.84453125 0.06875 0.021875
2 0.2140625 0.875 0.05 0.015625
2 0.8953125 0.92578125 0.05625 0.01875
2 0.92265625 0.78125 0.0296875 0.0265625