2 0.021875 0.32265625 0.04375 0.03125
2 0.14375 0.25546875 0.040625 0.034375
2 0.2125 0.1546875 0.05 0.034375
2 0.2171875 0.140625 0.0484375 0.0265625
2 0.303125 0.16171875 0.03125 0.028125
2 0.50625 0.21796875 0.06875 0.01875
2 0.81484375 0.2609375 0.046875 0.009375
2 0.55390625 0.175 0.05 0.021875
2 0.7734375 0.16953125 0.0765625 0.01875
2 0.9296875 0.14765625 0.04375 0.025
2 0.6953125 0.10390625 0.040625 0.0203125
2 0.7234375 0.109375 0.053125 0.03125
2 0.8609375 0.075 0.065625 0.021875
2 0.5390625 0.07421875 0.059375 0.021875
2 0.3921875 0.09609375 0.046875 0.015625
2 0.11796875 0.084375 0.065625 0.0203125
2 0.15859375 0.08046875 0.053125 0.0125
2 0.16875 0.5015625 0.084375 0.025
2 0.071875 0.53984375 0.0296875 0.046875
2 0.06953125 0.5265625 0.0375 0.046875
2 0.06484375 0.528125 0.05625 0.0125
2 0.15390625 0.5671875 0.046875 0.0203125
2 0.2328125 0.54609375 0.03125 0.028125
2 0.15546875 0.65 0.040625 0.03125
2 0.43046875 0.7265625 0.05 0.0328125
2 0.11953125 0.75 0.05 0.028125
2 0.159375 0.75390625 0.046875 0.0203125
2 0.23671875 0.8390625 0.0375 0.0359375
2 0.3359375 0.8578125 0.0671875 0.015625
2 0.265625 0.78828125 0.05625 0.021875
2 0.25 0.76953125 0.065625 0.015625
2 0.54765625 0.81484375 0.028125 0.025
2 0.5921875 0.8375 0.0625 0.015625
2 0.4921875 0.75078125 0.0328125 0.021875
2 0.81640625 0.85546875 0.046875 0.021875
2 0.8296875 0.79140625 0.0375 0.01875
2 0.5953125 0.728125 0.065625 0.0125
2 0.13203125 0.35390625 0.0375 0.028125
2 0.69765625 0.24140625 0.028125 0.028125