0 0.903125 0.259375 0.025 0.065625
0 0.85859375 0.15703125 0.0265625 0.04375
0 0.87265625 0.19609375 0.0203125 0.071875
0 0.83828125 0.2265625 0.0234375 0.0578125
0 0.77265625 0.115625 0.034375 0.0390625
0 0.91953125 0.02734375 0.03125 0.0546875
0 0.88515625 0.48046875 0.021875 0.05
0 0.94765625 0.715625 0.01875 0.075
0 0.85703125 0.746875 0.021875 0.05625
0 0.7859375 0.67265625 0.015625 0.071875
0 0.85390625 0.86640625 0.025 0.040625
0 0.85234375 0.9625 0.0171875 0.0546875
0 0.81953125 0.7859375 0.01875 0.0515625
0 0.8578125 0.521875 0.0203125 0.0453125
0 0.7453125 0.65234375 0.0171875 0.04375
0 0.734375 0.89375 0.01875 0.0421875
0 0.6546875 0.75625 0.03125 0.034375
0 0.55546875 0.34453125 0.0171875 0.0453125
0 0.5265625 0.43828125 0.028125 0.053125
0 0.5296875 0.046875 0.028125 0.0484375
0 0.52734375 0.0703125 0.0171875 0.046875
0 0.4484375 0.3640625 0.0171875 0.0546875
0 0.3890625 0.39296875 0.021875 0.05
0 0.34375 0.63828125 0.028125 0.040625
0 0.33671875 0.2171875 0.025 0.05625
0 0.23515625 0.10859375 0.028125 0.0484375
0 0.309375 0.3125 0.01875 0.0515625
0 0.2046875 0.22421875 0.0171875 0.059375
0 0.2125 0.2484375 0.01875 0.0546875
0 0.2046875 0.0921875 0.01875 0.046875
0 0.228125 0.46875 0.0125 0.028125
0 0.29140625 0.90078125 0.034375 0.0296875
0 0.12421875 0.1578125 0.025 0.05625
0 0.10859375 0.23515625 0.025 0.053125
0 0.046875 0.05390625 0.0234375 0.059375
0 0.11953125 0.465625 0.025 0.0515625
0 0.07734375 0.6703125 0.015625 0.05625
0 0.1890625 0.53828125 0.028125 0.05625
0 0.34140625 0.0234375 0.0234375 0.046875
0 0.8375 0.10703125 0.01875 0.05625
0 0.978125 0.5078125 0.01875 0.053125