0 0.20078125 0.0328125 0.05546875 0.0203125
0 0.5375 0.07265625 0.071875 0.01875
0 0.2484375 0.09609375 0.05390625 0.0203125
0 0.50234375 0.121875 0.05625 0.015625
0 0.38671875 0.1375 0.05625 0.0171875
0 0.44140625 0.1515625 0.05390625 0.01796875
0 0.2171875 0.1515625 0.04296875 0.02109375
0 0.21171875 0.128125 0.053125 0.021875
0 0.64296875 0.18359375 0.0578125 0.0203125
0 0.59609375 0.25078125 0.10078125 0.01953125
0 0.32109375 0.27421875 0.06796875 0.02109375
0 0.2390625 0.290625 0.0578125 0.0234375
0 0.93046875 0.28671875 0.05390625 0.03125
0 0.87734375 0.30390625 0.0640625 0.02109375
0 0.7921875 0.36171875 0.06796875 0.025
0 0.0875 0.47109375 0.05390625 0.01640625
0 0.475 0.48515625 0.0625 0.01953125
0 0.74765625 0.4921875 0.06796875 0.021875
0 0.8265625 0.52421875 0.03203125 0.03203125
0 0.35546875 0.5453125 0.05 0.03203125
0 0.20859375 0.6265625 0.046875 0.0265625
0 0.278125 0.6546875 0.05546875 0.021875
0 0.6078125 0.65234375 0.053125 0.0265625
0 0.65546875 0.60703125 0.04296875 0.0125
0 0.890625 0.62734375 0.040625 0.02734375
0 0.90625 0.66640625 0.05546875 0.02421875
0 0.8890625 0.7109375 0.028125 0.03046875
0 0.41328125 0.70234375 0.0375 0.01796875
0 0.434375 0.69296875 0.0453125 0.02421875
0 0.1671875 0.73671875 0.03515625 0.03203125
0 0.08828125 0.715625 0.03515625 0.02890625
0 0.2015625 0.76875 0.03046875 0.0265625
0 0.15078125 0.7875 0.04921875 0.02109375
0 0.096875 0.8109375 0.071875 0.02109375
0 0.1359375 0.82265625 0.06015625 0.03203125
0 0.30390625 0.8296875 0.06015625 0.01484375
0 0.2953125 0.81640625 0.06640625 0.0203125
0 0.5109375 0.84296875 0.03984375 0.025
0 0.5421875 0.8390625 0.0453125 0.0234375
0 0.7609375 0.85 0.02578125 0.0265625
0 0.51640625 0.90859375 0.03515625 0.03046875
0 0.62265625 0.8890625 0.0546875 0.01875
0 0.90703125 0.9578125 0.05234375 0.025
0 0.5609375 0.95625 0.06484375 0.0234375
0 0.26640625 0.8953125 0.03828125 0.01953125
0 0.19453125 0.87734375 0.04375 0.0296875