0 0.02734375 0.05078125 0.03125 0.071875
0 0.06328125 0.02890625 0.028125 0.046875
0 0.10625 0.22578125 0.028125 0.0875
0 0.0265625 0.43359375 0.028125 0.065625
0 0.0390625 0.3265625 0.0296875 0.084375
0 0.01796875 0.5265625 0.0265625 0.0625
0 0.03828125 0.73125 0.028125 0.075
0 0.1328125 0.7453125 0.021875 0.071875
0 0.16171875 0.734375 0.03125 0.0703125
0 0.25546875 0.025 0.0265625 0.046875
0 0.30078125 0.16796875 0.0375 0.05
0 0.246875 0.39765625 0.025 0.1
0 0.38984375 0.70625 0.03125 0.059375
0 0.37734375 0.1046875 0.03125 0.059375
0 0.434375 0.31484375 0.034375 0.0875
0 0.4796875 0.52109375 0.03125 0.0875
0 0.51640625 0.29609375 0.0375 0.071875
0 0.46328125 0.9484375 0.034375 0.0921875
0 0.60390625 0.82109375 0.04375 0.078125
0 0.65859375 0.96640625 0.0203125 0.0671875
0 0.6828125 0.73671875 0.025 0.075
0 0.62890625 0.590625 0.028125 0.059375
0 0.66171875 0.159375 0.03125 0.053125
0 0.71796875 0.51875 0.0296875 0.05
0 0.653125 0.340625 0.03125 0.059375
0 0.78671875 0.94921875 0.03125 0.0578125
0 0.834375 0.90859375 0.03125 0.0640625
0 0.86171875 0.6125 0.03125 0.0890625
0 0.8140625 0.66953125 0.0203125 0.059375
0 0.80625 0.8375 0.025 0.059375
0 0.88125 0.85546875 0.025 0.065625
0 0.87421875 0.74453125 0.028125 0.0671875
0 0.95546875 0.471875 0.0265625 0.0734375
0 0.70390625 0.0671875 0.03125 0.06875
0 0.56875 0.321875 0.025 0.0953125
0 0.05390625 0.4625 0.01875 0.0625
0 0.66015625 0.05 0.025 0.0546875
0 0.6046875 0.93515625 0.028125 0.071875
0 0.53984375 0.71171875 0.0390625 0.0671875