2 0.17578125 0.46171875 0.021875 0.0609375
2 0.21015625 0.4890625 0.015625 0.075
2 0.3921875 0.37421875 0.028125 0.0484375
2 0.3640625 0.24765625 0.0328125 0.0625
2 0.28671875 0.1109375 0.021875 0.0359375
2 0.2734375 0.02890625 0.028125 0.025
2 0.14453125 0.528125 0.028125 0.04375
2 0.153125 0.74140625 0.025 0.0375
2 0.240625 0.803125 0.025 0.0578125
2 0.2046875 0.8421875 0.0328125 0.05625
2 0.28515625 0.84921875 0.046875 0.0625
2 0.4171875 0.81875 0.028125 0.05625
2 0.434375 0.7203125 0.021875 0.025
2 0.40546875 0.69453125 0.028125 0.046875
2 0.4234375 0.65234375 0.021875 0.065625
2 0.52421875 0.7640625 0.034375 0.04375
2 0.45703125 0.78046875 0.0296875 0.0421875
2 0.47421875 0.75625 0.021875 0.04375
2 0.540625 0.55078125 0.01875 0.06875
2 0.63203125 0.4859375 0.028125 0.071875
2 0.69609375 0.58828125 0.028125 0.053125
2 0.6578125 0.81484375 0.03125 0.0375
2 0.671875 0.88203125 0.0296875 0.0515625
2 0.52578125 0.89296875 0.0359375 0.05625
2 0.72109375 0.8875 0.025 0.059375
2 0.73125 0.83125 0.028125 0.0703125
2 0.78984375 0.4125 0.0203125 0.05
2 0.85546875 0.47421875 0.028125 0.0734375
2 0.9046875 0.56484375 0.025 0.040625
2 0.93828125 0.63125 0.03125 0.0703125
2 0.93671875 0.8015625 0.025 0.0390625
2 0.89140625 0.6609375 0.028125 0.05625
2 0.9171875 0.86328125 0.034375 0.05
2 0.88125 0.89140625 0.0265625 0.0390625
2 0.87734375 0.8609375 0.0203125 0.0375
2 0.91015625 0.2203125 0.0296875 0.06875
2 0.884375 0.23984375 0.025 0.0625
2 0.86796875 0.1609375 0.0203125 0.04375
2 0.85859375 0.1375 0.034375 0.0625
2 0.92734375 0.13984375 0.034375 0.0390625
2 0.86171875 0.03046875 0.03125 0.059375
2 0.80234375 0.0515625 0.009375 0.0359375
2 0.7859375 0.6609375 0.021875 0.06875
2 0.66328125 0.21328125 0.034375 0.075
2 0.596875 0.13984375 0.03125 0.0625
2 0.61015625 0.28125 0.025 0.059375
2 0.3203125 0.76796875 0.03125 0.059375