0 0.58359375 0.04375 0.053125 0.01875
0 0.75234375 0.34140625 0.040625 0.0171875
0 0.39296875 0.34140625 0.0515625 0.025
0 0.0546875 0.3515625 0.0625 0.025
0 0.10703125 0.0703125 0.0421875 0.01875
0 0.39140625 0.18203125 0.059375 0.025
0 0.084375 0.196875 0.075 0.0234375
0 0.4328125 0.584375 0.053125 0.034375
0 0.18828125 0.90234375 0.053125 0.0328125
0 0.4859375 0.85234375 0.05625 0.0234375
0 0.1671875 0.85 0.0828125 0.01875
0 0.4578125 0.746875 0.053125 0.021875
0 0.29375 0.91484375 0.053125 0.025
0 0.159375 0.78515625 0.05625 0.03125
0 0.5421875 0.78984375 0.0484375 0.0296875
0 0.93828125 0.184375 0.090625 0.0265625
0 0.92109375 0.409375 0.0796875 0.028125
0 0.16640625 0.9390625 0.075 0.021875
0 0.0171875 0.371875 0.034375 0.025
0 0.72734375 0.68515625 0.04375 0.0328125
0 0.425 0.8078125 0.053125 0.025
0 0.41015625 0.13671875 0.0609375 0.01875
0 0.27421875 0.67734375 0.0515625 0.03125
0 0.16484375 0.17109375 0.075 0.025
0 0.6984375 0.884375 0.059375 0.0265625
0 0.778125 0.646875 0.0453125 0.028125
0 0.94765625 0.109375 0.06875 0.015625
0 0.66328125 0.1109375 0.046875 0.025
0 0.5046875 0.50546875 0.0375 0.0296875
0 0.80234375 0.25859375 0.08125 0.021875
0 0.41171875 0.45625 0.053125 0.0265625
0 0.6625 0.53984375 0.05 0.0359375
0 0.315625 0.96171875 0.0546875 0.028125
0 0.91640625 0.0375 0.065625 0.021875
0 0.16171875 0.08515625 0.0421875 0.0234375
0 0.275 0.83515625 0.0625 0.025
0 0.93203125 0.02265625 0.05625 0.025
0 0.18984375 0.0515625 0.084375 0.0171875
0 0.25078125 0.865625 0.05625 0.0171875
0 0.328125 0.01328125 0.0625 0.0203125
0 0.05625 0.36171875 0.046875 0.025
0 0.184375 0.43203125 0.05 0.021875
0 0.62578125 0.16640625 0.059375 0.0203125
0 0.48984375 0.134375 0.065625 0.0171875
0 0.49296875 0.12109375 0.08125 0.0203125
0 0.30859375 0.61953125 0.0625 0.0265625
0 0.3125 0.67265625 0.0390625 0.034375
0 0.13203125 0.7234375 0.040625 0.03125
0 0.0796875 0.75078125 0.0375 0.028125
0 0.37421875 0.728125 0.046875 0.034375
0 0.30234375 0.77421875 0.065625 0.0296875
0 0.19921875 0.646875 0.065625 0.025
0 0.75234375 0.69140625 0.0484375 0.0359375