0 0.965625 0.94140625 0.028125 0.0859375
0 0.878125 0.621875 0.021875 0.084375
0 0.8875 0.76328125 0.0328125 0.04375
0 0.98125 0.85 0.0234375 0.1046875
0 0.9375 0.6328125 0.021875 0.0828125
0 0.9640625 0.76640625 0.0234375 0.0765625
0 0.98828125 0.378125 0.01875 0.065625
0 0.8640625 0.2078125 0.025 0.065625
0 0.87265625 0.02734375 0.01875 0.0546875
0 0.8859375 0.21328125 0.025 0.0765625
0 0.86640625 0.55546875 0.028125 0.08125
0 0.81328125 0.50859375 0.03125 0.065625
0 0.740625 0.065625 0.0265625 0.05625
0 0.70546875 0.2078125 0.021875 0.0515625
0 0.778125 0.3015625 0.01875 0.0515625
0 0.625 0.7484375 0.021875 0.053125
0 0.8203125 0.88984375 0.028125 0.053125
0 0.80078125 0.82109375 0.025 0.034375
0 0.60859375 0.5453125 0.028125 0.040625
0 0.75390625 0.8390625 0.0203125 0.0546875
0 0.678125 0.92890625 0.025 0.0609375
0 0.65390625 0.32890625 0.0265625 0.05
0 0.60703125 0.6265625 0.0234375 0.04375
0 0.4765625 0.07890625 0.0328125 0.05
0 0.5453125 0.8234375 0.01875 0.05
0 0.40703125 0.225 0.021875 0.0609375
0 0.38984375 0.075 0.0390625 0.05
0 0.40859375 0.56484375 0.0359375 0.053125
0 0.3671875 0.48828125 0.0296875 0.053125
0 0.47734375 0.66640625 0.025 0.0609375
0 0.21875 0.7234375 0.0328125 0.0484375
0 0.31328125 0.553125 0.028125 0.071875
0 0.334375 0.87890625 0.03125 0.0375
0 0.2765625 0.746875 0.028125 0.05625
0 0.24296875 0.5578125 0.03125 0.059375
0 0.196875 0.396875 0.025 0.0625
0 0.20390625 0.1046875 0.021875 0.05625
0 0.24609375 0.26015625 0.0296875 0.053125
0 0.15625 0.434375 0.021875 0.05625
0 0.18671875 0.09921875 0.021875 0.0625
0 0.08671875 0.28515625 0.021875 0.078125
0 0.02890625 0.840625 0.0296875 0.0875
0 0.13515625 0.6171875 0.01875 0.0625
0 0.165625 0.721875 0.025 0.046875
0 0.1765625 0.75546875 0.021875 0.0609375
0 0.08515625 0.60625 0.021875 0.0546875
0 0.3328125 0.01171875 0.021875 0.021875
0 0.2734375 0.284375 0.025 0.053125
0 0.33828125 0.33984375 0.021875 0.059375
0 0.33984375 0.17734375 0.021875 0.059375
0 0.4609375 0.08203125 0.021875 0.0625
0 0.11328125 0.659375 0.021875 0.0484375
0 0.09609375 0.70703125 0.01875 0.046875