0 0.0296875 0.50703125 0.015625 0.053125
0 0.0484375 0.728125 0.015625 0.05
0 0.1078125 0.3890625 0.01875 0.046875
0 0.1453125 0.278125 0.025 0.0453125
0 0.16640625 0.64375 0.025 0.0359375
0 0.18203125 0.61015625 0.025 0.05
0 0.20390625 0.7875 0.025 0.053125
0 0.22890625 0.2984375 0.021875 0.05
0 0.13203125 0.025 0.01875 0.034375
0 0.04765625 0.0375 0.021875 0.075
0 0.01640625 0.14453125 0.021875 0.065625
0 0.1125 0.11484375 0.028125 0.04375
0 0.37578125 0.225 0.0359375 0.065625
0 0.34609375 0.33671875 0.025 0.0640625
0 0.403125 0.77578125 0.0375 0.078125
0 0.5234375 0.46328125 0.040625 0.065625
0 0.49921875 0.32734375 0.0328125 0.0765625
0 0.465625 0.028125 0.03125 0.0546875
0 0.61171875 0.2359375 0.01875 0.0625
0 0.575 0.5625 0.015625 0.0375
0 0.7359375 0.13828125 0.0203125 0.059375
0 0.678125 0.134375 0.025 0.071875
0 0.70390625 0.103125 0.028125 0.0734375
0 0.721875 0.20859375 0.0234375 0.05
0 0.77890625 0.253125 0.015625 0.0515625
0 0.79140625 0.16015625 0.01875 0.053125
0 0.7984375 0.13046875 0.021875 0.05625
0 0.81484375 0.06796875 0.0171875 0.0765625
0 0.88515625 0.41953125 0.0296875 0.0625
0 0.875 0.5609375 0.0359375 0.053125
0 0.76015625 0.64609375 0.021875 0.05625
0 0.8734375 0.17890625 0.021875 0.0421875
0 0.78671875 0.8453125 0.0265625 0.065625
0 0.8265625 0.4015625 0.025 0.059375
0 0.61171875 0.4421875 0.04375 0.059375
0 0.52265625 0.94375 0.025 0.065625
0 0.45234375 0.7265625 0.0328125 0.0625
0 0.20546875 0.465625 0.0296875 0.0703125
0 0.20859375 0.3640625 0.021875 0.0625
0 0.6734375 0.796875 0.0375 0.046875
0 0.6828125 0.503125 0.034375 0.04375
0 0.725 0.05234375 0.01875 0.046875