0 0.9234375 0.60703125 0.01875 0.0828125
0 0.98671875 0.5328125 0.015625 0.0625
0 0.98515625 0.2703125 0.025 0.075
0 0.9703125 0.0875 0.01875 0.0640625
0 0.93046875 0.13359375 0.025 0.034375
0 0.8671875 0.05625 0.025 0.075
0 0.85859375 0.3609375 0.0203125 0.0625
0 0.8859375 0.39375 0.025 0.059375
0 0.86875 0.28515625 0.025 0.0625
0 0.87421875 0.61953125 0.015625 0.0625
0 0.840625 0.453125 0.0171875 0.059375
0 0.88515625 0.9734375 0.01875 0.053125
0 0.84453125 0.72734375 0.021875 0.0484375
0 0.77265625 0.80703125 0.0265625 0.053125
0 0.778125 0.69453125 0.01875 0.040625
0 0.7265625 0.6046875 0.025 0.05
0 0.77578125 0.153125 0.028125 0.0625
0 0.715625 0.10390625 0.028125 0.04375
0 0.64765625 0.421875 0.0359375 0.0390625
0 0.65390625 0.56875 0.021875 0.046875
0 0.64921875 0.66328125 0.028125 0.05625
0 0.62890625 0.26875 0.0171875 0.0421875
0 0.46484375 0.87890625 0.01875 0.0625
0 0.38203125 0.6203125 0.01875 0.053125
0 0.3484375 0.5203125 0.025 0.034375
0 0.321875 0.63203125 0.01875 0.040625
0 0.31640625 0.4828125 0.021875 0.0390625
0 0.30703125 0.7703125 0.021875 0.04375
0 0.2859375 0.9203125 0.01875 0.0609375
0 0.36953125 0.36640625 0.03125 0.040625
0 0.36328125 0.2453125 0.0203125 0.05625
0 0.21640625 0.77890625 0.0125 0.0640625
0 0.23203125 0.77734375 0.0234375 0.05
0 0.1890625 0.73515625 0.0140625 0.059375
0 0.2421875 0.42109375 0.0171875 0.05
0 0.25390625 0.51015625 0.015625 0.0625
0 0.2140625 0.19296875 0.025 0.0421875
0 0.20390625 0.08046875 0.025 0.053125
0 0.13515625 0.203125 0.0296875 0.0671875
0 0.15625 0.0859375 0.0265625 0.0546875
0 0.11171875 0.3984375 0.0171875 0.065625
0 0.1578125 0.26640625 0.01875 0.071875
0 0.13359375 0.91171875 0.01875 0.0625
0 0.11875 0.83671875 0.0203125 0.053125
0 0.1765625 0.834375 0.025 0.090625
0 0.1046875 0.89765625 0.0171875 0.084375
0 0.09921875 0.3265625 0.01875 0.071875
0 0.378125 0.21171875 0.0296875 0.0453125
0 0.24140625 0.21953125 0.0328125 0.04375
0 0.54140625 0.2 0.015625 0.0625
0 0.5109375 0.96484375 0.025 0.0703125
0 0.44296875 0.72890625 0.025 0.046875
0 0.9421875 0.02109375 0.01875 0.0421875