0 0.97578125 0.015625 0.0484375 0.03125
0 0.696875 0.0515625 0.0640625 0.0171875
0 0.81171875 0.03984375 0.0640625 0.0171875
0 0.9734375 0.09921875 0.053125 0.0234375
0 0.95 0.071875 0.065625 0.0234375
0 0.65625 0.10625 0.075 0.01875
0 0.97265625 0.1703125 0.0546875 0.03125
0 0.2984375 0.009375 0.084375 0.01875
0 0.334375 0.15859375 0.059375 0.0265625
0 0.55546875 0.1609375 0.0765625 0.025
0 0.04921875 0.178125 0.090625 0.021875
0 0.04921875 0.14765625 0.08125 0.01875
0 0.02890625 0.15859375 0.0453125 0.028125
0 0.09765625 0.20390625 0.09375 0.0234375
0 0.121875 0.1875 0.06875 0.0171875
0 0.02734375 0.19140625 0.053125 0.021875
0 0.28203125 0.31875 0.046875 0.0265625
0 0.02734375 0.28203125 0.0328125 0.034375
0 0.04609375 0.32109375 0.075 0.021875
0 0.14375 0.4484375 0.05 0.0296875
0 0.02265625 0.36171875 0.0453125 0.028125
0 0.41484375 0.54375 0.040625 0.0359375
0 0.734375 0.49921875 0.071875 0.0265625
0 0.8921875 0.528125 0.071875 0.0296875
0 0.93359375 0.47265625 0.05625 0.028125
0 0.7625 0.6046875 0.065625 0.021875
0 0.61796875 0.590625 0.05 0.0328125
0 0.6625 0.646875 0.0640625 0.028125
0 0.40625 0.65859375 0.05625 0.03125
0 0.33515625 0.6703125 0.053125 0.0234375
0 0.22578125 0.59609375 0.05 0.028125
0 0.378125 0.575 0.0390625 0.03125
0 0.8203125 0.6265625 0.0453125 0.025
0 0.5796875 0.69140625 0.090625 0.021875
0 0.275 0.734375 0.078125 0.0203125
0 0.5296875 0.7578125 0.06875 0.021875
0 0.6578125 0.7703125 0.06875 0.01875
0 0.753125 0.83125 0.05625 0.025
0 0.13359375 0.64921875 0.0640625 0.0265625
0 0.0796875 0.63125 0.05625 0.025
0 0.07578125 0.60546875 0.0515625 0.01875
0 0.91484375 0.7953125 0.059375 0.01875
0 0.82890625 0.86796875 0.071875 0.021875
0 0.48984375 0.9046875 0.040625 0.034375
0 0.63125 0.93125 0.0765625 0.0359375
0 0.734375 0.96640625 0.0921875 0.0296875
0 0.29140625 0.9671875 0.090625 0.0234375
0 0.97578125 0.84453125 0.0484375 0.0203125
0 0.41484375 0.0484375 0.075 0.025
0 0.646875 0.521875 0.0453125 0.0296875
0 0.1625 0.82421875 0.0640625 0.0234375