0 0.52421875 0.08828125 0.0625 0.021875
0 0.3828125 0.14765625 0.06171875 0.021875
0 0.31171875 0.1296875 0.0375 0.0203125
0 0.13671875 0.16015625 0.06640625 0.0234375
0 0.2234375 0.196875 0.05 0.028125
0 0.30390625 0.228125 0.046875 0.02421875
0 0.7640625 0.08671875 0.0484375 0.02734375
0 0.73046875 0.05859375 0.06015625 0.0234375
0 0.840625 0.15546875 0.06484375 0.01875
0 0.76328125 0.2234375 0.05703125 0.021875
0 0.98203125 0.02734375 0.0359375 0.015625
0 0.921875 0.25859375 0.0546875 0.0203125
0 0.82890625 0.33671875 0.03671875 0.02578125
0 0.6015625 0.3015625 0.046875 0.02421875
0 0.328125 0.35859375 0.059375 0.02421875
0 0.765625 0.38515625 0.06171875 0.0171875
0 0.53359375 0.475 0.05546875 0.015625
0 0.24765625 0.5125 0.0625 0.0171875
0 0.6078125 0.50546875 0.04375 0.028125
0 0.70625 0.54375 0.053125 0.021875
0 0.60234375 0.57578125 0.05703125 0.01875
0 0.6796875 0.60078125 0.07109375 0.0140625
0 0.2015625 0.66015625 0.0484375 0.01875
0 0.171875 0.621875 0.06015625 0.02265625
0 0.39765625 0.7015625 0.053125 0.021875
0 0.47109375 0.7484375 0.0640625 0.01640625
0 0.6515625 0.67265625 0.05546875 0.0203125
0 0.67421875 0.76328125 0.04609375 0.03203125
0 0.90546875 0.709375 0.04609375 0.03125
0 0.86640625 0.45390625 0.04375 0.02265625
0 0.80703125 0.440625 0.06171875 0.02734375
0 0.14921875 0.81015625 0.046875 0.03203125
0 0.17265625 0.78515625 0.06171875 0.02578125
0 0.1140625 0.8359375 0.06015625 0.0203125
0 0.26875 0.81875 0.08359375 0.01796875
0 0.35234375 0.8265625 0.07890625 0.01875
0 0.58671875 0.85625 0.06953125 0.02109375
0 0.64140625 0.88203125 0.05234375 0.02421875
0 0.6890625 0.79765625 0.078125 0.02109375
0 0.65078125 0.81953125 0.0734375 0.02421875
0 0.459375 0.87578125 0.0578125 0.0203125
0 0.6484375 0.9375 0.05234375 0.02421875
0 0.47890625 0.93984375 0.0390625 0.03515625
0 0.35234375 0.971875 0.06640625 0.028125
0 0.9265625 0.1359375 0.05703125 0.02265625