0 0.4046875 0.01875 0.05625 0.028125
0 0.2984375 0.09140625 0.065625 0.025
0 0.21875 0.16484375 0.053125 0.03125
0 0.48515625 0.1734375 0.0609375 0.0125
0 0.42265625 0.2046875 0.0640625 0.028125
0 0.6984375 0.12109375 0.075 0.015625
0 0.721875 0.1171875 0.0375 0.0328125
0 0.8828125 0.06640625 0.053125 0.021875
0 0.31953125 0.03828125 0.046875 0.015625
0 0.92734375 0.26640625 0.05625 0.03125
0 0.29375 0.2140625 0.0375 0.025
0 0.22109375 0.2328125 0.059375 0.0234375
0 0.3328125 0.35234375 0.084375 0.0359375
0 0.66796875 0.3359375 0.059375 0.0265625
0 0.365625 0.44375 0.06875 0.015625
0 0.27421875 0.4296875 0.0609375 0.034375
0 0.11953125 0.54140625 0.065625 0.01875
0 0.71953125 0.53984375 0.059375 0.03125
0 0.846875 0.55078125 0.053125 0.0234375
0 0.62890625 0.62734375 0.053125 0.025
0 0.6671875 0.6625 0.0765625 0.03125
0 0.040625 0.61796875 0.0671875 0.025
0 0.25546875 0.66484375 0.0625 0.01875
0 0.26484375 0.75 0.075 0.028125
0 0.43515625 0.76015625 0.05625 0.021875
0 0.2 0.78515625 0.0625 0.01875
0 0.7609375 0.7453125 0.05 0.01875
0 0.73359375 0.7921875 0.06875 0.0296875
0 0.67421875 0.8671875 0.0703125 0.021875
0 0.64375 0.9046875 0.059375 0.015625
0 0.27890625 0.95 0.0625 0.021875