0 0.01328125 0.890625 0.0265625 0.0609375
0 0.1265625 0.73515625 0.0328125 0.040625
0 0.1921875 0.73671875 0.0359375 0.075
0 0.08984375 0.4359375 0.021875 0.04375
0 0.1296875 0.66875 0.021875 0.04375
0 0.15078125 0.45703125 0.021875 0.0484375
0 0.19453125 0.52265625 0.021875 0.046875
0 0.14609375 0.334375 0.01875 0.0453125
0 0.13125 0.45546875 0.0140625 0.059375
0 0.12421875 0.3578125 0.0140625 0.040625
0 0.1109375 0.31796875 0.01875 0.04375
0 0.21953125 0.49453125 0.025 0.0328125
0 0.2078125 0.10859375 0.015625 0.0625
0 0.13203125 0.0953125 0.025 0.053125
0 0.26640625 0.39375 0.01875 0.046875
0 0.30078125 0.40390625 0.021875 0.040625
0 0.31484375 0.5578125 0.025 0.0484375
0 0.22265625 0.36640625 0.015625 0.0625
0 0.3625 0.96640625 0.01875 0.046875
0 0.4171875 0.7203125 0.021875 0.040625
0 0.43828125 0.63046875 0.0203125 0.059375
0 0.51171875 0.73203125 0.0171875 0.0453125
0 0.49609375 0.734375 0.021875 0.053125
0 0.471875 0.63515625 0.01875 0.05
0 0.55859375 0.67421875 0.01875 0.065625
0 0.55 0.64921875 0.015625 0.0484375
0 0.56796875 0.69921875 0.01875 0.0671875
0 0.3859375 0.16640625 0.0125 0.04375
0 0.38203125 0.09765625 0.0125 0.04375
0 0.353125 0.06171875 0.01875 0.0484375
0 0.63046875 0.609375 0.025 0.04375
0 0.634375 0.5140625 0.0203125 0.053125
0 0.55078125 0.10546875 0.021875 0.04375
0 0.58125 0.1296875 0.0296875 0.0375
0 0.6046875 0.90078125 0.025 0.0546875
0 0.68515625 0.66875 0.01875 0.04375
0 0.7453125 0.790625 0.0203125 0.0640625
0 0.81015625 0.94921875 0.0171875 0.0578125
0 0.809375 0.7265625 0.021875 0.0453125
0 0.7953125 0.69609375 0.0125 0.0625
0 0.86796875 0.4921875 0.025 0.065625
0 0.85703125 0.62890625 0.025 0.046875
0 0.82109375 0.26484375 0.0171875 0.0578125
0 0.73515625 0.41875 0.0171875 0.0515625
0 0.7171875 0.06875 0.0203125 0.0484375
0 0.6125 0.50234375 0.015625 0.0515625
0 0.9828125 0.425 0.015625 0.0625
0 0.953125 0.06640625 0.028125 0.075
0 0.9484375 0.61796875 0.0265625 0.0453125
0 0.946875 0.934375 0.0234375 0.0875
0 0.915625 0.82578125 0.028125 0.05625
0 0.8125 0.77890625 0.0234375 0.0484375
0 0.44765625 0.5078125 0.015625 0.040625
0 0.4296875 0.49375 0.0140625 0.040625