2 0.04453125 0.16015625 0.025 0.059375
2 0.10625 0.33671875 0.028125 0.071875
2 0.10703125 0.14453125 0.01875 0.05625
2 0.140625 0.21484375 0.021875 0.046875
2 0.18671875 0.1109375 0.025 0.0375
2 0.1015625 0.83828125 0.01875 0.06875
2 0.0984375 0.9125 0.021875 0.0609375
2 0.12265625 0.8640625 0.015625 0.053125
2 0.153125 0.9328125 0.01875 0.034375
2 0.12734375 0.68671875 0.025 0.0609375
2 0.1859375 0.884375 0.0125 0.059375
2 0.19453125 0.92734375 0.0171875 0.0140625
2 0.20859375 0.73984375 0.021875 0.040625
2 0.16796875 0.4765625 0.025 0.034375
2 0.2328125 0.56328125 0.0203125 0.046875
2 0.2765625 0.76484375 0.015625 0.0625
2 0.23203125 0.153125 0.01875 0.04375
2 0.3015625 0.6453125 0.01875 0.0609375
2 0.37578125 0.52578125 0.0234375 0.0359375
2 0.37578125 0.11796875 0.03125 0.040625
2 0.36171875 0.1328125 0.03125 0.0359375
2 0.5296875 0.19375 0.025 0.0546875
2 0.48515625 0.35859375 0.021875 0.053125
2 0.76328125 0.4921875 0.015625 0.05
2 0.81328125 0.69765625 0.025 0.046875
2 0.83828125 0.4875 0.01875 0.06875
2 0.85546875 0.6078125 0.015625 0.059375
2 0.8640625 0.94453125 0.025 0.021875
2 0.83203125 0.2296875 0.0171875 0.040625
2 0.56640625 0.8359375 0.0328125 0.05
2 0.66796875 0.821875 0.0296875 0.034375