0 0.45703125 0.0890625 0.06640625 0.02109375
0 0.5640625 0.12109375 0.090625 0.0171875
0 0.565625 0.09296875 0.05625 0.02265625
0 0.65703125 0.071875 0.0890625 0.01875
0 0.82265625 0.12734375 0.06171875 0.01953125
0 0.42890625 0.14140625 0.08515625 0.0234375
0 0.08671875 0.14296875 0.06484375 0.02421875
0 0.13984375 0.165625 0.05 0.021875
0 0.165625 0.20625 0.05 0.0234375
0 0.26640625 0.23125 0.0734375 0.01796875
0 0.51328125 0.1625 0.08359375 0.02265625
0 0.60546875 0.1609375 0.08046875 0.021875
0 0.89921875 0.16953125 0.06484375 0.01875
0 0.53203125 0.25546875 0.0859375 0.02734375
0 0.56328125 0.27734375 0.06640625 0.0234375
0 0.34921875 0.26875 0.04296875 0.02578125
0 0.84296875 0.23515625 0.04453125 0.01953125
0 0.8890625 0.228125 0.053125 0.02265625
0 0.85234375 0.265625 0.03125 0.02109375
0 0.54921875 0.4390625 0.0390625 0.02890625
0 0.8296875 0.4046875 0.03671875 0.025
0 0.97734375 0.340625 0.0453125 0.01796875
0 0.6859375 0.5671875 0.0515625 0.034375
0 0.39453125 0.628125 0.07109375 0.025
0 0.23515625 0.6265625 0.053125 0.025
0 0.29921875 0.7109375 0.040625 0.02734375
0 0.28203125 0.69140625 0.0625 0.021875
0 0.43515625 0.69609375 0.046875 0.0234375
0 0.52734375 0.67109375 0.0578125 0.03203125
0 0.2375 0.7734375 0.05390625 0.03359375
0 0.42265625 0.8421875 0.03203125 0.0265625
0 0.19375 0.8578125 0.03203125 0.0234375
0 0.1515625 0.8453125 0.05546875 0.03125
0 0.0765625 0.81796875 0.0515625 0.0234375
0 0.6203125 0.84765625 0.05390625 0.0265625
0 0.68828125 0.83125 0.0390625 0.03125
0 0.30078125 0.9078125 0.0765625 0.01171875
0 0.6890625 0.88046875 0.07734375 0.02109375
0 0.68984375 0.86875 0.0625 0.0171875
0 0.58125 0.8125 0.05390625 0.02734375