0 0.884375 0.76484375 0.03125 0.05625
0 0.89140625 0.90703125 0.025 0.0515625
0 0.9609375 0.36015625 0.028125 0.0515625
0 0.9109375 0.4875 0.025 0.0625
0 0.88671875 0.09296875 0.0234375 0.0671875
0 0.83984375 0.11875 0.0328125 0.05625
0 0.759375 0.415625 0.028125 0.05
0 0.78046875 0.503125 0.0359375 0.1125
0 0.77421875 0.80078125 0.025 0.0421875
0 0.6625 0.1453125 0.034375 0.05625
0 0.56875 0.20703125 0.034375 0.078125
0 0.49609375 0.26953125 0.0296875 0.053125
0 0.696875 0.540625 0.0453125 0.046875
0 0.67421875 0.628125 0.028125 0.053125
0 0.4984375 0.7765625 0.040625 0.04375
0 0.421875 0.6953125 0.04375 0.040625
0 0.4484375 0.36484375 0.025 0.06875
0 0.4796875 0.06328125 0.034375 0.0578125
0 0.359375 0.2546875 0.021875 0.059375
0 0.28828125 0.1703125 0.0265625 0.05625
0 0.09296875 0.63515625 0.028125 0.053125
0 0.290625 0.95546875 0.0453125 0.0890625
0 0.38359375 0.8078125 0.0265625 0.053125
0 0.18046875 0.328125 0.0375 0.075
0 0.2046875 0.18828125 0.040625 0.096875
0 0.93359375 0.5046875 0.0234375 0.0515625
0 0.83671875 0.29765625 0.034375 0.040625
0 0.671875 0.93359375 0.0375 0.046875