0 0.15390625 0.05078125 0.05625 0.0171875
0 0.5515625 0.025 0.0796875 0.015625
0 0.69609375 0.00625 0.0890625 0.0125
0 0.771875 0.05546875 0.04375 0.03125
0 0.153125 0.1 0.065625 0.01875
0 0.0203125 0.1546875 0.040625 0.028125
0 0.06171875 0.17265625 0.04375 0.0375
0 0.20546875 0.25546875 0.046875 0.025
0 0.3171875 0.1 0.071875 0.01875
0 0.49609375 0.08515625 0.040625 0.03125
0 0.66484375 0.13984375 0.0546875 0.01875
0 0.67734375 0.14453125 0.034375 0.021875
0 0.9734375 0.271875 0.046875 0.01875
0 0.603125 0.3046875 0.046875 0.015625
0 0.50234375 0.23125 0.053125 0.0296875
0 0.44296875 0.321875 0.05625 0.021875
0 0.9578125 0.35234375 0.04375 0.01875
0 0.78125 0.49453125 0.053125 0.015625
0 0.9078125 0.46484375 0.028125 0.021875
0 0.89453125 0.49453125 0.0515625 0.0203125
0 0.64296875 0.440625 0.0546875 0.0171875
0 0.625 0.49375 0.03125 0.01875
0 0.35625 0.54140625 0.059375 0.0171875
0 0.64375 0.5890625 0.05625 0.015625
0 0.26015625 0.5015625 0.0421875 0.0140625
0 0.11640625 0.5328125 0.040625 0.0234375
0 0.08671875 0.41875 0.0515625 0.0203125
0 0.81640625 0.6625 0.046875 0.0203125
0 0.74375 0.56875 0.05 0.0171875
0 0.89453125 0.59140625 0.021875 0.0234375
0 0.89921875 0.61953125 0.05 0.015625
0 0.59296875 0.7734375 0.0359375 0.01875
0 0.71796875 0.83515625 0.040625 0.0234375
0 0.8484375 0.80859375 0.0484375 0.0171875
0 0.71796875 0.8890625 0.0453125 0.01875
0 0.9125 0.93984375 0.0484375 0.01875
0 0.44453125 0.76328125 0.04375 0.0140625
0 0.459375 0.7015625 0.0375 0.0234375
0 0.371875 0.6640625 0.0484375 0.015625
0 0.265625 0.75625 0.040625 0.015625
0 0.33125 0.74296875 0.05 0.021875
0 0.07109375 0.7515625 0.05625 0.0171875
0 0.14296875 0.83046875 0.034375 0.0203125
0 0.040625 0.86171875 0.04375 0.015625