2 0.11171875 0.85390625 0.046875 0.028125
2 0.3265625 0.80546875 0.040625 0.025
2 0.12109375 0.75 0.0375 0.0265625
2 0.03046875 0.75078125 0.0390625 0.025
2 0.02265625 0.7890625 0.03125 0.0234375
2 0.17265625 0.6953125 0.046875 0.03125
2 0.38984375 0.70546875 0.0546875 0.021875
2 0.503125 0.66328125 0.0734375 0.0234375
2 0.55390625 0.7140625 0.0484375 0.0109375
2 0.56328125 0.75234375 0.0390625 0.0203125
2 0.5953125 0.7953125 0.04375 0.015625
2 0.62890625 0.76015625 0.034375 0.0171875
2 0.72890625 0.71171875 0.06875 0.0203125
2 0.6171875 0.82578125 0.03125 0.021875
2 0.5328125 0.84296875 0.0390625 0.0140625
2 0.49453125 0.85625 0.040625 0.0234375
2 0.67421875 0.8734375 0.0390625 0.015625
2 0.90625 0.75234375 0.0296875 0.0234375
2 0.90546875 0.6734375 0.05 0.028125
2 0.82109375 0.609375 0.040625 0.01875
2 0.78203125 0.6078125 0.0375 0.0203125
2 0.7484375 0.59140625 0.0421875 0.028125
2 0.7265625 0.559375 0.0390625 0.021875
2 0.61015625 0.60703125 0.0625 0.0265625
2 0.8625 0.52578125 0.0375 0.021875
2 0.921875 0.4203125 0.0375 0.025
2 0.92421875 0.371875 0.03125 0.01875
2 0.78046875 0.4265625 0.0796875 0.015625
2 0.7265625 0.3890625 0.040625 0.015625
2 0.75625 0.52265625 0.05625 0.0203125
2 0.8953125 0.19296875 0.0453125 0.0203125
2 0.7609375 0.18125 0.04375 0.0171875
2 0.5921875 0.20546875 0.03125 0.01875
2 0.825 0.1328125 0.0328125 0.021875
2 0.86953125 0.15234375 0.05625 0.025
2 0.68203125 0.1109375 0.0671875 0.015625
2 0.79296875 0.121875 0.03125 0.00625
2 0.77421875 0.1375 0.03125 0.0140625
2 0.59921875 0.16953125 0.05625 0.01875
2 0.47421875 0.11796875 0.0328125 0.0234375
2 0.4015625 0.1 0.0375 0.01875
2 0.3125 0.08984375 0.040625 0.0203125
2 0.27734375 0.128125 0.040625 0.021875
2 0.10859375 0.17734375 0.034375 0.025
2 0.028125 0.1578125 0.0375 0.01875
2 0.07109375 0.1359375 0.0328125 0.01875
2 0.025 0.096875 0.04375 0.015625
2 0.06875 0.209375 0.0375 0.028125
2 0.13671875 0.203125 0.06875 0.01875
2 0.56171875 0.13515625 0.040625 0.025
2 0.5109375 0.14453125 0.04375 0.015625
2 0.46171875 0.165625 0.053125 0.01875
2 0.028125 0.646875 0.0453125 0.0171875