0 0.73828125 0.7609375 0.08046875 0.025
0 0.66875 0.740625 0.06953125 0.01640625
0 0.7234375 0.71953125 0.046875 0.02421875
0 0.7953125 0.71328125 0.03984375 0.01484375
0 0.8125 0.83046875 0.06484375 0.040625
0 0.7328125 0.83203125 0.06015625 0.03125
0 0.625 0.815625 0.03046875 0.02578125
0 0.51328125 0.81640625 0.040625 0.0171875
0 0.4234375 0.85546875 0.090625 0.0140625
0 0.41796875 0.8296875 0.0453125 0.02578125
0 0.22421875 0.78359375 0.03828125 0.02734375
0 0.1140625 0.8171875 0.08359375 0.028125
0 0.69765625 0.903125 0.06953125 0.0265625
0 0.6 0.91640625 0.0453125 0.0296875
0 0.65390625 0.96015625 0.06875 0.02734375
0 0.153125 0.890625 0.05234375 0.021875
0 0.17734375 0.90078125 0.04296875 0.0203125
0 0.184375 0.9515625 0.0453125 0.034375
0 0.3890625 0.71875 0.05859375 0.0265625
0 0.4171875 0.678125 0.08828125 0.028125
0 0.15859375 0.6703125 0.06640625 0.02265625
0 0.04375 0.65 0.06796875 0.0203125
0 0.61171875 0.628125 0.06328125 0.03203125
0 0.69453125 0.65234375 0.0328125 0.02421875
0 0.7671875 0.671875 0.090625 0.028125
0 0.64921875 0.5859375 0.06875 0.028125
0 0.40625 0.6171875 0.06796875 0.0203125
0 0.390625 0.57578125 0.05703125 0.0390625
0 0.1265625 0.5453125 0.0890625 0.02890625
0 0.14609375 0.4546875 0.05390625 0.02421875
0 0.8125 0.49375 0.06328125 0.046875
0 0.92109375 0.55078125 0.07734375 0.03828125
0 0.56875 0.4859375 0.0578125 0.0296875
0 0.51875 0.46328125 0.046875 0.03359375
0 0.340625 0.3515625 0.10703125 0.04609375
0 0.52578125 0.42578125 0.08203125 0.02421875
0 0.53046875 0.4140625 0.07109375 0.0109375
0 0.6390625 0.31796875 0.06484375 0.03203125
0 0.9640625 0.33671875 0.05625 0.04140625
0 0.8078125 0.24296875 0.09453125 0.015625
0 0.27421875 0.20546875 0.05234375 0.028125
0 0.30703125 0.259375 0.04765625 0.0203125
0 0.08359375 0.28046875 0.065625 0.021875
0 0.31953125 0.1125 0.0625 0.01484375
0 0.21171875 0.14140625 0.09765625 0.0296875
0 0.4625 0.22421875 0.0984375 0.0359375
0 0.85390625 0.12265625 0.03203125 0.0265625
0 0.9453125 0.1296875 0.03671875 0.0234375
0 0.94765625 0.15859375 0.04140625 0.02109375
0 0.5171875 0.07109375 0.06015625 0.03515625
0 0.27109375 0.05390625 0.0765625 0.02890625
0 0.70390625 0.04375 0.07265625 0.0171875
0 0.796875 0.01484375 0.090625 0.015625