0 0.14609375 0.08203125 0.05078125 0.01875
0 0.27734375 0.06484375 0.04296875 0.01640625
0 0.2 0.19140625 0.0390625 0.021875
0 0.73828125 0.13046875 0.04921875 0.01328125
0 0.7453125 0.1203125 0.053125 0.01875
0 0.52578125 0.23984375 0.04609375 0.028125
0 0.49453125 0.21640625 0.03671875 0.0265625
0 0.38046875 0.2296875 0.04609375 0.01640625
0 0.3265625 0.19609375 0.03515625 0.025
0 0.8578125 0.175 0.02890625 0.02109375
0 0.9078125 0.2453125 0.03984375 0.0203125
0 0.4890625 0.1359375 0.05703125 0.01875
0 0.746875 0.38046875 0.05859375 0.01953125
0 0.8234375 0.38671875 0.03984375 0.025
0 0.90234375 0.37734375 0.04375 0.03203125
0 0.52265625 0.36796875 0.04609375 0.0265625
0 0.28046875 0.50546875 0.06953125 0.01796875
0 0.271875 0.4953125 0.053125 0.01875
0 0.3828125 0.47890625 0.04609375 0.01796875
0 0.49375 0.5640625 0.0453125 0.01953125
0 0.32890625 0.56484375 0.0453125 0.01640625
0 0.35546875 0.55078125 0.040625 0.021875
0 0.06875 0.47265625 0.04609375 0.0265625
0 0.4390625 0.63203125 0.0453125 0.021875
0 0.41875 0.60390625 0.0515625 0.02265625
0 0.7984375 0.53671875 0.03984375 0.02109375
0 0.7953125 0.559375 0.034375 0.02421875
0 0.81328125 0.64453125 0.0453125 0.02265625
0 0.91015625 0.6796875 0.03671875 0.02890625
0 0.475 0.746875 0.06328125 0.0234375
0 0.215625 0.65859375 0.04453125 0.0203125
0 0.25546875 0.69296875 0.04375 0.01953125
0 0.41015625 0.91796875 0.06015625 0.0265625
0 0.3171875 0.95 0.05859375 0.02890625
0 0.23125 0.80625 0.03828125 0.0203125
0 0.1703125 0.12578125 0.059375 0.0171875
0 0.30703125 0.16015625 0.0484375 0.025
0 0.0203125 0.1796875 0.040625 0.02109375
0 0.6328125 0.15703125 0.06484375 0.0203125
0 0.9265625 0.12890625 0.06875 0.021875
0 0.58125 0.43203125 0.06171875 0.02265625
0 0.7515625 0.51640625 0.040625 0.01953125
0 0.5234375 0.50234375 0.05859375 0.0203125
0 0.98671875 0.63203125 0.0265625 0.0234375
0 0.31328125 0.86640625 0.059375 0.021875
0 0.59140625 0.1171875 0.071875 0.01953125
0 0.31953125 0.78671875 0.046875 0.02265625
0 0.70625 0.81015625 0.05 0.021875
0 0.72578125 0.88828125 0.05078125 0.02109375
0 0.40703125 0.9515625 0.065625 0.02421875