0 0.9203125 0.04140625 0.0859375 0.028125
0 0.6625 0.12734375 0.084375 0.021875
0 0.74296875 0.11875 0.04453125 0.0328125
0 0.875 0.01640625 0.1046875 0.0234375
0 0.703125 0.0609375 0.0828125 0.021875
0 0.6828125 0.03671875 0.0765625 0.0234375
0 0.38203125 0.009375 0.065625 0.01875
0 0.12890625 0.115625 0.065625 0.02421875
0 0.0265625 0.12578125 0.053125 0.0171875
0 0.2359375 0.12421875 0.0765625 0.025
0 0.48671875 0.12421875 0.08203125 0.02734375
0 0.44765625 0.18515625 0.065625 0.03046875
0 0.10390625 0.259375 0.05703125 0.0265625
0 0.2390625 0.30234375 0.0515625 0.021875
0 0.3015625 0.221875 0.0515625 0.01875
0 0.7484375 0.375 0.053125 0.021875
0 0.8984375 0.1609375 0.05390625 0.02734375
0 0.771875 0.18359375 0.03515625 0.025
0 0.53125 0.38359375 0.040625 0.02734375
0 0.91171875 0.2953125 0.0546875 0.0203125
0 0.96640625 0.31171875 0.0375 0.03125
0 0.32890625 0.34609375 0.05078125 0.0265625
0 0.6265625 0.39296875 0.04296875 0.0234375
0 0.0890625 0.52265625 0.05078125 0.0328125
0 0.8234375 0.4546875 0.05078125 0.01875
0 0.2609375 0.59375 0.0609375 0.02109375
0 0.0546875 0.6125 0.05 0.0390625
0 0.56484375 0.59140625 0.05234375 0.0359375
0 0.47734375 0.6328125 0.05234375 0.0296875
0 0.66640625 0.52265625 0.0609375 0.025
0 0.753125 0.7796875 0.0484375 0.0328125
0 0.553125 0.68671875 0.07265625 0.02890625
0 0.5953125 0.66796875 0.06953125 0.02109375
0 0.7890625 0.6875 0.0375 0.03046875
0 0.746875 0.7234375 0.05625 0.02734375
0 0.58515625 0.753125 0.059375 0.03125
0 0.37109375 0.80390625 0.075 0.03515625
0 0.1359375 0.8015625 0.05625 0.021875
0 0.26015625 0.75390625 0.05234375 0.0296875
0 0.4140625 0.84921875 0.05703125 0.021875
0 0.0703125 0.8140625 0.08125 0.028125
0 0.2359375 0.9078125 0.07890625 0.021875
0 0.840625 0.97109375 0.08671875 0.0296875
0 0.67109375 0.871875 0.06328125 0.01953125
0 0.69765625 0.8453125 0.046875 0.025
0 0.7703125 0.8203125 0.0609375 0.02109375
0 0.553125 0.91484375 0.084375 0.021875
0 0.021875 0.6859375 0.04296875 0.028125
0 0.284375 0.7265625 0.05234375 0.025
0 0.33984375 0.66171875 0.05859375 0.02109375
0 0.23515625 0.684375 0.06015625 0.01640625
0 0.13359375 0.53984375 0.06328125 0.021875