0 0.20390625 0.034375 0.075 0.0203125
0 0.2953125 0.06171875 0.0609375 0.025
0 0.08125 0.12265625 0.0609375 0.01875
0 0.14453125 0.12109375 0.05 0.0265625
0 0.5640625 0.121875 0.0578125 0.0234375
0 0.578125 0.09296875 0.0578125 0.0203125
0 0.65078125 0.07890625 0.071875 0.0171875
0 0.85 0.075 0.06875 0.01875
0 0.62734375 0.0375 0.08125 0.01875
0 0.78359375 0.0203125 0.065625 0.021875
0 0.97890625 0.0703125 0.0421875 0.025
0 0.64921875 0.16640625 0.059375 0.0234375
0 0.7109375 0.1984375 0.05625 0.021875
0 0.484375 0.2375 0.04375 0.03125
0 0.49453125 0.2484375 0.0421875 0.0265625
0 0.51640625 0.29765625 0.05 0.015625
0 0.534375 0.36328125 0.0421875 0.025
0 0.95 0.3375 0.04375 0.021875
0 0.134375 0.421875 0.059375 0.03125
0 0.02578125 0.28984375 0.0515625 0.021875
0 0.05859375 0.5265625 0.06875 0.021875
0 0.26484375 0.50546875 0.0625 0.0171875
0 0.165625 0.49765625 0.05625 0.0328125
0 0.70078125 0.57421875 0.065625 0.01875
0 0.58125 0.66328125 0.071875 0.028125
0 0.3484375 0.75859375 0.0640625 0.028125
0 0.22734375 0.71953125 0.0796875 0.021875
0 0.19921875 0.69921875 0.071875 0.021875
0 0.14375 0.7765625 0.053125 0.021875
0 0.43984375 0.81796875 0.05 0.0265625
0 0.11484375 0.83125 0.059375 0.025
0 0.90625 0.5703125 0.059375 0.0234375
0 0.98125 0.74921875 0.0375 0.0296875
0 0.66953125 0.23671875 0.0421875 0.0296875
0 0.34921875 0.5515625 0.0703125 0.015625
0 0.590625 0.81171875 0.065625 0.01875
0 0.04765625 0.95546875 0.071875 0.0234375
0 0.2703125 0.93046875 0.06875 0.0203125
0 0.09921875 0.15859375 0.059375 0.021875
0 0.846875 0.93828125 0.071875 0.0203125