0 0.24140625 0.07421875 0.04375 0.015625
0 0.46640625 0.05859375 0.07265625 0.01875
0 0.378125 0.07578125 0.04609375 0.0171875
0 0.2890625 0.134375 0.0578125 0.0203125
0 0.37421875 0.20703125 0.05703125 0.01953125
0 0.3359375 0.228125 0.05234375 0.02109375
0 0.45859375 0.165625 0.05234375 0.01953125
0 0.2578125 0.2015625 0.053125 0.02109375
0 0.50859375 0.2140625 0.0609375 0.0125
0 0.71484375 0.20390625 0.05625 0.0140625
0 0.38671875 0.284375 0.0484375 0.02109375
0 0.33203125 0.25546875 0.0484375 0.01875
0 0.9171875 0.1796875 0.05078125 0.021875
0 0.61640625 0.159375 0.053125 0.0171875
0 0.89375 0.1328125 0.04609375 0.0203125
0 0.5953125 0.13515625 0.0515625 0.015625
0 0.8984375 0.37890625 0.0546875 0.01328125
0 0.53828125 0.37734375 0.05546875 0.01484375
0 0.359375 0.4453125 0.0484375 0.02265625
0 0.040625 0.603125 0.05078125 0.01640625
0 0.215625 0.590625 0.05234375 0.0171875
0 0.690625 0.5640625 0.05234375 0.02265625
0 0.8421875 0.48203125 0.04921875 0.01875
0 0.64140625 0.46796875 0.05234375 0.02109375
0 0.94375 0.44453125 0.03359375 0.02421875
0 0.746875 0.40859375 0.03515625 0.0203125
0 0.634375 0.253125 0.03515625 0.02109375
0 0.12890625 0.69609375 0.0578125 0.015625
0 0.04765625 0.71875 0.046875 0.02734375
0 0.29375 0.76640625 0.05625 0.02109375
0 0.24765625 0.78125 0.05 0.021875
0 0.18359375 0.8015625 0.04375 0.01484375
0 0.4171875 0.81640625 0.0421875 0.015625
0 0.4359375 0.8046875 0.05234375 0.021875
0 0.2921875 0.79921875 0.0578125 0.0203125
0 0.27109375 0.84140625 0.0640625 0.015625
0 0.45859375 0.84296875 0.0546875 0.0203125
0 0.509375 0.86328125 0.0546875 0.0171875
0 0.76796875 0.8953125 0.06484375 0.0203125
0 0.7078125 0.86484375 0.0421875 0.025
0 0.8765625 0.85078125 0.05546875 0.0125
0 0.26640625 0.959375 0.0578125 0.02421875