0 0.1203125 0.00546875 0.06875 0.0109375
0 0.48828125 0.0640625 0.0453125 0.028125
0 0.32734375 0.1421875 0.05 0.02265625
0 0.3234375 0.115625 0.03828125 0.02265625
0 0.053125 0.078125 0.04765625 0.02421875
0 0.02421875 0.12109375 0.04765625 0.02265625
0 0.021875 0.15078125 0.04375 0.0140625
0 0.84453125 0.0453125 0.05546875 0.0140625
0 0.96015625 0.01796875 0.0578125 0.021875
0 0.85546875 0.103125 0.06328125 0.0203125
0 0.79921875 0.13515625 0.0421875 0.0203125
0 0.26953125 0.1984375 0.040625 0.021875
0 0.328125 0.25390625 0.0546875 0.01953125
0 0.5453125 0.26015625 0.040625 0.01875
0 0.6359375 0.31328125 0.03515625 0.02265625
0 0.9625 0.2890625 0.025 0.03046875
0 0.35703125 0.35 0.04453125 0.0203125
0 0.7125 0.46328125 0.040625 0.01796875
0 0.55546875 0.49921875 0.05234375 0.02578125
0 0.13828125 0.60078125 0.05078125 0.02109375
0 0.4390625 0.55703125 0.03984375 0.0203125
0 0.26875 0.57734375 0.0328125 0.021875
0 0.3859375 0.578125 0.0546875 0.01875
0 0.41015625 0.62109375 0.05 0.0171875
0 0.7484375 0.66796875 0.03828125 0.02578125
0 0.6296875 0.6765625 0.04453125 0.02578125
0 0.446875 0.73125 0.03515625 0.02265625
0 0.2140625 0.6953125 0.03984375 0.01796875
0 0.1765625 0.740625 0.05078125 0.0171875
0 0.40546875 0.77109375 0.040625 0.02109375
0 0.59609375 0.75 0.046875 0.01875
0 0.60859375 0.81171875 0.04765625 0.02109375
0 0.1734375 0.7875 0.05703125 0.01640625
0 0.3078125 0.80546875 0.06328125 0.015625
0 0.3234375 0.82890625 0.0546875 0.021875
0 0.815625 0.79609375 0.034375 0.02109375
0 0.0203125 0.690625 0.040625 0.0203125
0 0.21796875 0.86171875 0.0453125 0.01796875
0 0.30078125 0.88359375 0.06015625 0.01953125
0 0.22578125 0.93203125 0.03828125 0.03828125
0 0.13359375 0.9484375 0.04453125 0.01796875
0 0.24765625 0.96953125 0.059375 0.0234375
0 0.6984375 0.978125 0.046875 0.02109375
0 0.740625 0.84375 0.0546875 0.021875