2 0.92265625 0.20625 0.028125 0.075
2 0.87734375 0.26484375 0.0265625 0.084375
2 0.90078125 0.25703125 0.03125 0.084375
2 0.9234375 0.384375 0.025 0.059375
2 0.8578125 0.29375 0.028125 0.06875
2 0.88046875 0.62265625 0.028125 0.05625
2 0.91171875 0.81015625 0.034375 0.06875
2 0.96484375 0.77578125 0.034375 0.09375
2 0.91015625 0.68671875 0.0203125 0.0875
2 0.88359375 0.70390625 0.021875 0.053125
2 0.878125 0.87890625 0.0234375 0.053125
2 0.81015625 0.63203125 0.0328125 0.084375
2 0.79765625 0.478125 0.025 0.08125
2 0.7453125 0.6703125 0.03125 0.059375
2 0.7875 0.17578125 0.0359375 0.059375
2 0.6671875 0.42109375 0.0125 0.06875
2 0.62109375 0.39140625 0.028125 0.053125
2 0.58828125 0.39765625 0.021875 0.0640625
2 0.6375 0.5734375 0.034375 0.05625
2 0.86640625 0.96796875 0.028125 0.046875
2 0.7484375 0.9234375 0.04375 0.06875
2 0.52578125 0.8390625 0.046875 0.0640625
2 0.74296875 0.775 0.025 0.075
2 0.42890625 0.76640625 0.034375 0.0375
2 0.4453125 0.73828125 0.03125 0.0234375
2 0.42421875 0.83359375 0.028125 0.034375
2 0.46171875 0.8578125 0.0375 0.0328125
2 0.428125 0.36796875 0.0359375 0.1125
2 0.4890625 0.3890625 0.034375 0.065625
2 0.54453125 0.553125 0.025 0.06875
2 0.61015625 0.15234375 0.0234375 0.0375
2 0.3984375 0.36796875 0.0203125 0.078125
2 0.34921875 0.18046875 0.0375 0.084375
2 0.28984375 0.20625 0.0296875 0.0453125
2 0.18359375 0.3015625 0.0265625 0.08125
2 0.140625 0.30859375 0.025 0.05625
2 0.171875 0.484375 0.025 0.053125
2 0.18203125 0.80234375 0.028125 0.059375
2 0.12265625 0.71171875 0.0296875 0.06875
2 0.259375 0.86796875 0.040625 0.103125