0 0.95234375 0.021875 0.09453125 0.0234375
0 0.05 0.015625 0.1 0.028125
0 0.2984375 0.1171875 0.06953125 0.02265625
0 0.8140625 0.09609375 0.084375 0.0265625
0 0.7921875 0.13203125 0.06328125 0.0265625
0 0.19765625 0.11328125 0.06875 0.01953125
0 0.32421875 0.140625 0.0390625 0.0265625
0 0.36796875 0.1203125 0.053125 0.0375
0 0.81484375 0.0453125 0.06796875 0.015625
0 0.35625 0.25234375 0.05234375 0.01796875
0 0.9390625 0.19375 0.07578125 0.03203125
0 0.50078125 0.071875 0.0640625 0.0375
0 0.9328125 0.28125 0.05625 0.03515625
0 0.35078125 0.3484375 0.05703125 0.034375
0 0.2859375 0.56328125 0.059375 0.03203125
0 0.46796875 0.72578125 0.0765625 0.0296875
0 0.8046875 0.64296875 0.06328125 0.02734375
0 0.76328125 0.6640625 0.05703125 0.02578125
0 0.68125 0.46171875 0.075 0.03125
0 0.39140625 0.5828125 0.04296875 0.02421875
0 0.13671875 0.609375 0.0609375 0.02109375
0 0.4421875 0.559375 0.0734375 0.028125
0 0.378125 0.76171875 0.07265625 0.03203125
0 0.31640625 0.80859375 0.04609375 0.01796875
0 0.16875 0.7890625 0.084375 0.02734375
0 0.21171875 0.8625 0.05234375 0.02421875
0 0.03125 0.8515625 0.0546875 0.01640625
0 0.21015625 0.74609375 0.0421875 0.02109375
0 0.36328125 0.82109375 0.040625 0.02421875
0 0.596875 0.8109375 0.04140625 0.02109375
0 0.58515625 0.74453125 0.03671875 0.01640625
0 0.3890625 0.828125 0.040625 0.01953125
0 0.71328125 0.875 0.046875 0.0203125
0 0.2875 0.96640625 0.06328125 0.028125
0 0.2359375 0.9234375 0.0453125 0.0203125
0 0.3171875 0.8828125 0.04609375 0.02578125
0 0.8328125 0.825 0.05859375 0.0234375
0 0.69765625 0.92265625 0.03359375 0.02109375
0 0.8125 0.92734375 0.0578125 0.0328125
0 0.8125 0.79140625 0.05234375 0.02890625
0 0.7265625 0.84296875 0.0765625 0.03125
0 0.946875 0.89765625 0.0515625 0.025
0 0.20390625 0.7 0.04921875 0.0328125
0 0.9671875 0.840625 0.03828125 0.0296875
0 0.43046875 0.63671875 0.06015625 0.0296875
0 0.94375 0.55 0.0859375 0.0359375
0 0.52734375 0.25546875 0.04765625 0.028125
0 0.89296875 0.32578125 0.05234375 0.02421875
0 0.22890625 0.1984375 0.0703125 0.03359375
0 0.13359375 0.94296875 0.06171875 0.0203125
0 0.3109375 0.57890625 0.06875 0.02265625
0 0.515625 0.50078125 0.0875 0.03046875