0 0.43359375 0.07421875 0.08203125 0.025
0 0.128125 0.05390625 0.08203125 0.03125
0 0.0453125 0.128125 0.03984375 0.02109375
0 0.12421875 0.115625 0.0328125 0.02890625
0 0.6546875 0.1890625 0.05078125 0.02734375
0 0.678125 0.2296875 0.10078125 0.0203125
0 0.484375 0.22890625 0.06484375 0.02265625
0 0.496875 0.30546875 0.07265625 0.02265625
0 0.509375 0.2765625 0.07265625 0.0296875
0 0.765625 0.0765625 0.0203125 0.02578125
0 0.56484375 0.0609375 0.0484375 0.02578125
0 0.6359375 0.11875 0.05234375 0.028125
0 0.5390625 0.39765625 0.05390625 0.02421875
0 0.365625 0.54609375 0.065625 0.021875
0 0.26484375 0.5015625 0.0515625 0.02109375
0 0.13359375 0.42421875 0.08671875 0.02578125
0 0.0734375 0.53671875 0.04375 0.028125
0 0.6875 0.57109375 0.0484375 0.03125
0 0.86875 0.5421875 0.04921875 0.02890625
0 0.95078125 0.3328125 0.04921875 0.02265625
0 0.54140625 0.665625 0.05390625 0.05078125
0 0.3171875 0.784375 0.06171875 0.0328125
0 0.18125 0.83203125 0.08125 0.0234375
0 0.21953125 0.8203125 0.04609375 0.03203125
0 0.5046875 0.8109375 0.05234375 0.02734375
0 0.11328125 0.790625 0.04140625 0.034375
0 0.640625 0.8890625 0.06953125 0.04140625