0 0.6484375 0.0296875 0.096875 0.0375
0 0.3328125 0.09296875 0.0796875 0.053125
0 0.43828125 0.1390625 0.1 0.03125
0 0.48515625 0.16328125 0.065625 0.028125
0 0.4875 0.1484375 0.046875 0.0203125
0 0.68984375 0.16328125 0.08125 0.040625
0 0.69921875 0.12265625 0.071875 0.0453125
0 0.92578125 0.0765625 0.08125 0.05
0 0.7828125 0.1125 0.059375 0.034375
0 0.76484375 0.25234375 0.075 0.0375
0 0.8703125 0.3203125 0.05625 0.04375
0 0.44375 0.25390625 0.075 0.04375
0 0.14140625 0.3125 0.0890625 0.04375
0 0.55625 0.47421875 0.0640625 0.0390625
0 0.59453125 0.5765625 0.075 0.04375
0 0.84375 0.4703125 0.08125 0.0375
0 0.2296875 0.49140625 0.090625 0.04375
0 0.14296875 0.55390625 0.065625 0.034375
0 0.328125 0.52109375 0.075 0.040625
0 0.38671875 0.62734375 0.0953125 0.034375
0 0.4109375 0.66328125 0.084375 0.021875
0 0.865625 0.59453125 0.103125 0.03125
0 0.7421875 0.65859375 0.084375 0.0375
0 0.58515625 0.6625 0.075 0.0296875
0 0.91640625 0.7359375 0.08125 0.03125
0 0.8625 0.75625 0.05 0.0375
0 0.35859375 0.75390625 0.1 0.040625
0 0.26484375 0.8046875 0.06875 0.0375
0 0.4390625 0.8015625 0.06875 0.034375
0 0.6046875 0.81015625 0.075 0.028125
0 0.609375 0.84921875 0.0625 0.0203125
0 0.890625 0.81328125 0.08125 0.021875
0 0.74375 0.8953125 0.078125 0.025
0 0.2875 0.86953125 0.090625 0.01875
0 0.1328125 0.9515625 0.075 0.040625
0 0.05546875 0.7625 0.084375 0.040625
0 0.07734375 0.80234375 0.0609375 0.028125