0 0.12109375 0.1171875 0.021875 0.0765625
0 0.09609375 0.10078125 0.025 0.08125
0 0.0828125 0.13046875 0.01875 0.0734375
0 0.11953125 0.0296875 0.03125 0.059375
0 0.10625 0.23984375 0.0265625 0.075
0 0.09375 0.2734375 0.0171875 0.084375
0 0.0265625 0.62734375 0.028125 0.1
0 0.10234375 0.85390625 0.025 0.08125
0 0.09453125 0.9109375 0.028125 0.065625
0 0.134375 0.76015625 0.025 0.078125
0 0.1703125 0.665625 0.028125 0.065625
0 0.275 0.578125 0.03125 0.046875
0 0.31875 0.61796875 0.025 0.0625
0 0.125 0.32890625 0.021875 0.05625
0 0.1625 0.26953125 0.01875 0.05
0 0.1921875 0.25546875 0.01875 0.0609375
0 0.22421875 0.29921875 0.01875 0.05625
0 0.18046875 0.4765625 0.03125 0.04375
0 0.15625 0.5984375 0.0203125 0.0546875
0 0.24140625 0.13515625 0.0203125 0.034375
0 0.15078125 0.95859375 0.0203125 0.046875
0 0.27421875 0.9125 0.021875 0.0484375
0 0.3125 0.94296875 0.028125 0.040625
0 0.37109375 0.28203125 0.01875 0.0640625
0 0.41640625 0.56328125 0.03125 0.046875
0 0.44921875 0.2375 0.025 0.053125
0 0.5109375 0.05625 0.0203125 0.06875
0 0.50390625 0.26640625 0.021875 0.0578125
0 0.546875 0.35390625 0.0203125 0.0546875
0 0.59296875 0.70703125 0.025 0.05625
0 0.575 0.69609375 0.021875 0.065625
0 0.58671875 0.3359375 0.03125 0.0546875
0 0.67890625 0.08828125 0.0203125 0.06875
0 0.75 0.40078125 0.025 0.05
0 0.67265625 0.4609375 0.034375 0.0359375
0 0.52109375 0.759375 0.021875 0.0546875
0 0.578125 0.96953125 0.015625 0.059375
0 0.6703125 0.8734375 0.0171875 0.0578125
0 0.878125 0.51171875 0.028125 0.0828125
0 0.80703125 0.43984375 0.01875 0.065625
0 0.78203125 0.75859375 0.01875 0.075
0 0.76328125 0.671875 0.021875 0.053125
0 0.98671875 0.63359375 0.0265625 0.05625
0 0.92265625 0.56015625 0.028125 0.065625
0 0.809375 0.334375 0.01875 0.065625
0 0.7890625 0.23203125 0.0140625 0.0625
0 0.79140625 0.1015625 0.01875 0.0625
0 0.79140625 0.04609375 0.01875 0.0421875
0 0.7609375 0.128125 0.01875 0.0625
0 0.8796875 0.04375 0.01875 0.06875
0 0.8265625 0.57421875 0.015625 0.0625
0 0.78359375 0.49296875 0.0203125 0.06875