0 0.1609375 0.04921875 0.07890625 0.02890625
0 0.2421875 0.075 0.06796875 0.025
0 0.5875 0.04140625 0.1015625 0.021875
0 0.67734375 0.05078125 0.02578125 0.0390625
0 0.74609375 0.03984375 0.06953125 0.0140625
0 0.5859375 0.1109375 0.07890625 0.01953125
0 0.309375 0.13515625 0.0859375 0.02265625
0 0.16171875 0.17421875 0.06484375 0.028125
0 0.16953125 0.16328125 0.06484375 0.025
0 0.1546875 0.21640625 0.05 0.03125
0 0.01953125 0.11484375 0.0390625 0.02734375
0 0.90390625 0.2078125 0.0875 0.03203125
0 0.678125 0.16953125 0.0953125 0.0171875
0 0.83671875 0.13359375 0.07578125 0.025
0 0.909375 0.159375 0.07265625 0.0203125
0 0.6171875 0.13203125 0.053125 0.02734375
0 0.67265625 0.26171875 0.06171875 0.0375
0 0.5390625 0.2765625 0.05625 0.03515625
0 0.09140625 0.35859375 0.02734375 0.034375
0 0.875 0.3203125 0.02578125 0.0375
0 0.053125 0.46953125 0.06796875 0.02421875
0 0.7859375 0.55859375 0.0671875 0.015625
0 0.52734375 0.5390625 0.06015625 0.025
0 0.521875 0.5765625 0.04609375 0.02734375
0 0.37578125 0.58359375 0.06953125 0.02109375
0 0.27734375 0.58515625 0.071875 0.021875
0 0.05078125 0.615625 0.071875 0.01953125
0 0.1109375 0.53671875 0.0515625 0.02265625
0 0.54140625 0.48046875 0.0734375 0.02265625
0 0.625 0.7359375 0.05234375 0.02421875
0 0.73203125 0.7375 0.04453125 0.02734375
0 0.74765625 0.82734375 0.03359375 0.025
0 0.44609375 0.9546875 0.04140625 0.03125
0 0.39140625 0.9328125 0.0734375 0.0203125
0 0.85625 0.92421875 0.03828125 0.01640625
0 0.53515625 0.8796875 0.07265625 0.015625
0 0.3796875 0.8625 0.0609375 0.028125
0 0.2390625 0.86640625 0.06328125 0.021875
0 0.24453125 0.790625 0.0546875 0.0234375
0 0.18203125 0.82421875 0.04921875 0.02578125
0 0.075 0.80078125 0.04765625 0.025
0 0.03046875 0.85 0.0609375 0.01875