0 0.1046875 0.07890625 0.0421875 0.0265625
0 0.03828125 0.1421875 0.0421875 0.0265625
0 0.15546875 0.18046875 0.05 0.0296875
0 0.171875 0.14453125 0.05 0.028125
0 0.340625 0.140625 0.0375 0.01875
0 0.2546875 0.19296875 0.046875 0.015625
0 0.38046875 0.2078125 0.0421875 0.01875
0 0.52578125 0.08828125 0.0578125 0.0203125
0 0.5171875 0.05859375 0.053125 0.015625
0 0.74375 0.0625 0.05 0.01875
0 0.04765625 0.240625 0.0390625 0.021875
0 0.08125 0.23125 0.046875 0.021875
0 0.815625 0.07578125 0.0578125 0.025
0 0.57578125 0.146875 0.05625 0.0203125
0 0.5109375 0.22421875 0.04375 0.0265625
0 0.70234375 0.21953125 0.04375 0.0171875
0 0.815625 0.24296875 0.04375 0.021875
0 0.84296875 0.196875 0.0375 0.025
0 0.8234375 0.165625 0.040625 0.01875
0 0.93046875 0.3359375 0.053125 0.015625
0 0.8671875 0.36953125 0.046875 0.0140625
0 0.796875 0.409375 0.0375 0.021875
0 0.73828125 0.45859375 0.040625 0.028125
0 0.7859375 0.60078125 0.028125 0.028125
0 0.50078125 0.565625 0.0625 0.025
0 0.29296875 0.68984375 0.05 0.021875
0 0.325 0.6359375 0.05 0.021875
0 0.31953125 0.62734375 0.040625 0.025
0 0.15546875 0.68125 0.0515625 0.0265625
0 0.33828125 0.5640625 0.05 0.015625
0 0.2953125 0.50625 0.04375 0.01875
0 0.2609375 0.49453125 0.034375 0.0171875
0 0.2078125 0.415625 0.0375 0.025
0 0.425 0.39609375 0.0484375 0.021875
0 0.37421875 0.39453125 0.028125 0.01875
0 0.1515625 0.11328125 0.034375 0.03125
0 0.29765625 0.79609375 0.0375 0.0171875
0 0.296875 0.8390625 0.040625 0.01875
0 0.22265625 0.88125 0.053125 0.0140625
0 0.4671875 0.82109375 0.053125 0.0140625
0 0.46484375 0.80859375 0.046875 0.01875
0 0.52890625 0.7515625 0.046875 0.0171875
0 0.4984375 0.75390625 0.03125 0.021875
0 0.40234375 0.94609375 0.05625 0.021875
0 0.42734375 0.92421875 0.03125 0.0203125
0 0.78984375 0.828125 0.040625 0.01875
0 0.49296875 0.93515625 0.05 0.01875
0 0.18984375 0.803125 0.0546875 0.015625
0 0.7109375 0.79375 0.0390625 0.01875
0 0.778125 0.8 0.040625 0.0171875
0 0.8171875 0.6359375 0.0375 0.021875
0 0.93203125 0.69765625 0.0421875 0.025
0 0.77265625 0.5359375 0.05625 0.021875
0 0.7140625 0.6265625 0.0390625 0.025
0 0.83671875 0.39921875 0.0453125 0.021875
0 0.30859375 0.375 0.0625 0.0265625
0 0.10703125 0.9359375 0.0375 0.0265625