0 0.1140625 0.04609375 0.0625 0.025
0 0.15078125 0.0375 0.053125 0.03125
0 0.3453125 0.08203125 0.0625 0.025
0 0.19140625 0.09140625 0.0765625 0.025
0 0.2546875 0.12421875 0.0625 0.028125
0 0.30859375 0.1375 0.0625 0.0234375
0 0.046875 0.14765625 0.0625 0.028125
0 0.07109375 0.18046875 0.065625 0.0375
0 0.61875 0.07578125 0.075 0.0234375
0 0.65703125 0.03984375 0.0703125 0.0375
0 0.70234375 0.0984375 0.04375 0.0296875
0 0.415625 0.27109375 0.065625 0.021875
0 0.3671875 0.19296875 0.084375 0.025
0 0.61484375 0.15078125 0.046875 0.025
0 0.784375 0.1625 0.075 0.0265625
0 0.0859375 0.26953125 0.059375 0.021875
0 0.025 0.303125 0.05 0.03125
0 0.83984375 0.31640625 0.05625 0.0234375
0 0.878125 0.29375 0.05 0.025
0 0.79296875 0.32890625 0.0625 0.0375
0 0.80859375 0.4015625 0.053125 0.03125
0 0.2703125 0.45625 0.071875 0.028125
0 0.28671875 0.50390625 0.059375 0.0140625
0 0.26875 0.4875 0.059375 0.021875
0 0.73359375 0.4796875 0.046875 0.025
0 0.8 0.46640625 0.0578125 0.028125
0 0.34921875 0.56953125 0.0625 0.021875
0 0.41953125 0.61796875 0.05625 0.01875
0 0.225 0.58046875 0.05625 0.021875
0 0.33046875 0.6390625 0.05625 0.025
0 0.13125 0.6671875 0.0390625 0.0296875
0 0.51171875 0.76328125 0.05 0.025
0 0.859375 0.6390625 0.05 0.025
0 0.759375 0.71875 0.04375 0.03125
0 0.778125 0.8203125 0.0515625 0.021875
0 0.40625 0.86328125 0.0515625 0.0171875
0 0.253125 0.9859375 0.05 0.028125
0 0.56640625 0.89765625 0.0375 0.021875
0 0.746875 0.884375 0.05 0.021875
0 0.02265625 0.85546875 0.0453125 0.0203125
0 0.48203125 0.80703125 0.0578125 0.01875
0 0.75 0.78984375 0.034375 0.028125
0 0.0875 0.80703125 0.05625 0.028125
0 0.9125 0.93203125 0.078125 0.025
0 0.92265625 0.9484375 0.053125 0.025
0 0.53828125 0.834375 0.059375 0.021875