0 0.34375 0.1296875 0.06875 0.01875
0 0.58125 0.3234375 0.0515625 0.025
0 0.93828125 0.33125 0.0625 0.025
0 0.3109375 0.06484375 0.046875 0.021875
0 0.9546875 0.0859375 0.059375 0.025
0 0.921875 0.16484375 0.075 0.0234375
0 0.659375 0.58046875 0.053125 0.034375
0 0.94296875 0.88984375 0.0828125 0.01875
0 0.66875 0.665625 0.034375 0.025
0 0.9546875 0.87265625 0.053125 0.025
0 0.971875 0.8015625 0.05625 0.03125
0 0.58828125 0.77421875 0.0484375 0.0296875
0 0.61875 0.21015625 0.090625 0.0265625
0 0.4359375 0.5578125 0.046875 0.028125
0 0.70703125 0.75546875 0.075 0.021875
0 0.98125 0.34765625 0.034375 0.025
0 0.4375 0.7453125 0.04375 0.0328125
0 0.64296875 0.8515625 0.053125 0.025
0 0.44296875 0.0953125 0.0609375 0.01875
0 0.75859375 0.68046875 0.040625 0.028125
0 0.72578125 0.67734375 0.0515625 0.03125
0 0.96953125 0.7671875 0.059375 0.0265625
0 0.24921875 0.66953125 0.0453125 0.028125
0 0.6171875 0.34140625 0.053125 0.025
0 0.67109375 0.1328125 0.0375 0.025
0 0.134375 0.26796875 0.040625 0.01875
0 0.0625 0.253125 0.05625 0.021875
0 0.721875 0.36640625 0.053125 0.0265625
0 0.334375 0.49609375 0.05 0.0359375
0 0.39375 0.859375 0.0546875 0.028125
0 0.45625 0.02265625 0.065625 0.021875
0 0.89765625 0.06640625 0.0421875 0.0234375
0 0.678125 0.8046875 0.0625 0.025
0 0.38671875 0.89609375 0.05625 0.0171875
0 0.80703125 0.05703125 0.0625 0.0203125
0 0.93828125 0.41171875 0.046875 0.025
0 0.453125 0.40546875 0.05 0.021875
0 0.74921875 0.30625 0.046875 0.03125
0 0.3984375 0.13984375 0.05625 0.0234375
0 0.8828125 0.8421875 0.065625 0.025
0 0.94609375 0.83203125 0.053125 0.021875