0 0.15703125 0.0734375 0.0609375 0.01953125
0 0.221875 0.06640625 0.0609375 0.01640625
0 0.5609375 0.2046875 0.06640625 0.01796875
0 0.584375 0.240625 0.05703125 0.02109375
0 0.73203125 0.24296875 0.07421875 0.01796875
0 0.50625 0.30078125 0.071875 0.028125
0 0.02421875 0.21640625 0.03359375 0.03203125
0 0.07265625 0.2015625 0.0359375 0.03125
0 0.19296875 0.10625 0.05546875 0.0140625
0 0.95078125 0.1828125 0.06015625 0.01796875
0 0.190625 0.48828125 0.04609375 0.03125
0 0.45625 0.47734375 0.06875 0.021875
0 0.9515625 0.30390625 0.059375 0.01953125
0 0.83203125 0.46875 0.05390625 0.02109375
0 0.15 0.5890625 0.059375 0.02265625
0 0.2765625 0.6796875 0.07265625 0.0234375
0 0.221875 0.72578125 0.05546875 0.02734375
0 0.21953125 0.71484375 0.0375 0.03125
0 0.03125 0.70625 0.034375 0.0328125
0 0.5375 0.66171875 0.05859375 0.0234375
0 0.225 0.775 0.06328125 0.02109375
0 0.02109375 0.79375 0.03828125 0.0265625
0 0.20703125 0.88359375 0.05078125 0.01953125
0 0.49453125 0.91015625 0.04921875 0.02890625
0 0.37890625 0.95078125 0.08046875 0.03359375
0 0.80625 0.8328125 0.0453125 0.0171875
0 0.5578125 0.715625 0.04765625 0.02734375
0 0.6515625 0.7890625 0.053125 0.03125
0 0.54375 0.76875 0.059375 0.0234375
0 0.55234375 0.809375 0.06171875 0.02109375
0 0.6875 0.60703125 0.04296875 0.028125
0 0.8359375 0.7171875 0.05078125 0.02890625