2 0.1921875 0.05390625 0.0609375 0.01953125
2 0.12109375 0.1 0.02890625 0.03359375
2 0.4375 0.115625 0.0484375 0.015625
2 0.46875 0.12734375 0.06875 0.01953125
2 0.8625 0.08828125 0.06328125 0.02109375
2 0.98046875 0.08828125 0.0390625 0.0265625
2 0.69921875 0.1296875 0.0578125 0.02421875
2 0.3859375 0.1515625 0.05390625 0.021875
2 0.2546875 0.115625 0.0359375 0.0265625
2 0.69453125 0.2578125 0.05546875 0.025
2 0.63046875 0.253125 0.03203125 0.01640625
2 0.89453125 0.21953125 0.0484375 0.02265625
2 0.14609375 0.19453125 0.03359375 0.021875
2 0.0609375 0.2875 0.02734375 0.0265625
2 0.6234375 0.3015625 0.06640625 0.0171875
2 0.10234375 0.31328125 0.021875 0.03046875
2 0.1390625 0.3390625 0.0296875 0.025
2 0.51796875 0.37890625 0.0265625 0.028125
2 0.28671875 0.478125 0.03828125 0.01484375
2 0.703125 0.52734375 0.0390625 0.01796875
2 0.07109375 0.4046875 0.02578125 0.025
2 0.015625 0.453125 0.03125 0.025
2 0.07265625 0.54375 0.0296875 0.02265625
2 0.12734375 0.57578125 0.025 0.028125
2 0.3140625 0.59609375 0.0546875 0.03671875
2 0.22265625 0.7453125 0.0375 0.02265625
2 0.484375 0.75703125 0.0515625 0.02109375
2 0.2921875 0.8234375 0.06796875 0.01953125
2 0.53828125 0.85546875 0.04765625 0.02109375
2 0.525 0.83046875 0.05546875 0.0203125
2 0.515625 0.81171875 0.06171875 0.0203125
2 0.9328125 0.84375 0.02734375 0.03359375
2 0.96953125 0.85703125 0.0453125 0.02109375
2 0.23359375 0.42265625 0.06796875 0.025