0 0.2390625 0.10546875 0.075 0.01796875
0 0.25234375 0.0078125 0.06796875 0.015625
0 0.62109375 0.18828125 0.0578125 0.0234375
0 0.703125 0.20625 0.0453125 0.02578125
0 0.30625 0.18125 0.04921875 0.02890625
0 0.165625 0.20546875 0.0515625 0.0296875
0 0.0796875 0.13203125 0.06640625 0.0171875
0 0.03203125 0.14921875 0.059375 0.0203125
0 0.53828125 0.1390625 0.05625 0.01875
0 0.66484375 0.13515625 0.08125 0.01640625
0 0.59609375 0.275 0.04453125 0.0203125
0 0.6328125 0.2671875 0.034375 0.01875
0 0.36484375 0.3484375 0.0390625 0.0234375
0 0.51484375 0.4375 0.04921875 0.025
0 0.63203125 0.465625 0.04765625 0.021875
0 0.4265625 0.471875 0.02734375 0.021875
0 0.503125 0.5203125 0.05 0.02734375
0 0.40390625 0.546875 0.0453125 0.02109375
0 0.40234375 0.58125 0.04765625 0.021875
0 0.09375 0.58359375 0.04453125 0.021875
0 0.16875 0.59609375 0.0453125 0.01640625
0 0.87265625 0.5546875 0.0328125 0.015625
0 0.878125 0.459375 0.059375 0.0203125
0 0.2109375 0.68671875 0.06015625 0.02578125
0 0.54453125 0.69921875 0.0390625 0.02109375
0 0.71875 0.6921875 0.04921875 0.02421875
0 0.92890625 0.68046875 0.04921875 0.02109375
0 0.2515625 0.5890625 0.06015625 0.02109375
0 0.2359375 0.7375 0.04453125 0.0140625
0 0.0421875 0.75859375 0.0515625 0.015625
0 0.24921875 0.8625 0.03515625 0.03046875
0 0.18515625 0.89453125 0.03515625 0.01953125
0 0.13671875 0.8859375 0.0375 0.0234375
0 0.43359375 0.8453125 0.0671875 0.02109375
0 0.55390625 0.79609375 0.0515625 0.01953125
0 0.5984375 0.83359375 0.04765625 0.02109375
0 0.496875 0.775 0.0359375 0.01796875
0 0.46640625 0.75390625 0.0625 0.0171875
0 0.42109375 0.95859375 0.05078125 0.02109375
0 0.68984375 0.86953125 0.04921875 0.0140625