2 0.23671875 0.125 0.04375 0.02734375
2 0.24921875 0.09296875 0.0484375 0.02265625
2 0.271875 0.16953125 0.07578125 0.01171875
2 0.28671875 0.190625 0.04609375 0.02109375
2 0.284375 0.15859375 0.05625 0.0171875
2 0.4015625 0.16875 0.03984375 0.0171875
2 0.47265625 0.14453125 0.04375 0.01796875
2 0.0734375 0.209375 0.05234375 0.0203125
2 0.86953125 0.14140625 0.034375 0.01953125
2 0.946875 0.115625 0.071875 0.0125
2 0.959375 0.0875 0.07578125 0.01953125
2 0.9109375 0.10234375 0.05390625 0.01953125
2 0.48671875 0.115625 0.071875 0.0140625
2 0.315625 0.365625 0.0296875 0.0265625
2 0.08203125 0.28359375 0.03359375 0.03203125
2 0.71328125 0.20546875 0.05859375 0.02265625
2 0.19609375 0.4875 0.03828125 0.0140625
2 0.0875 0.52578125 0.03984375 0.0390625
2 0.09609375 0.53203125 0.03359375 0.0375
2 0.21484375 0.51953125 0.0515625 0.01796875
2 0.60859375 0.54296875 0.03203125 0.03046875
2 0.88515625 0.5828125 0.05 0.0140625
2 0.40859375 0.590625 0.028125 0.021875
2 0.5921875 0.58515625 0.03984375 0.02578125
2 0.146875 0.71953125 0.03828125 0.03515625
2 0.1203125 0.6109375 0.040625 0.03203125
2 0.37734375 0.8484375 0.0515625 0.02109375
2 0.69140625 0.834375 0.05234375 0.01328125
2 0.96796875 0.86875 0.0484375 0.01796875
2 0.69140625 0.771875 0.05234375 0.01875
2 0.3890625 0.8046875 0.05625 0.01875
2 0.91171875 0.28125 0.03984375 0.021875
2 0.15078125 0.32421875 0.02734375 0.0265625
2 0.45625 0.81328125 0.0515625 0.01953125
2 0.15234375 0.775 0.03828125 0.01796875