0 0.93984375 0.2015625 0.0375 0.0703125
0 0.91953125 0.528125 0.0265625 0.1125
0 0.87890625 0.446875 0.0234375 0.065625
0 0.89453125 0.67734375 0.01875 0.06875
0 0.83828125 0.52265625 0.028125 0.065625
0 0.93359375 0.87890625 0.025 0.0796875
0 0.98046875 0.7359375 0.028125 0.0734375
0 0.8609375 0.95 0.028125 0.0359375
0 0.77890625 0.8890625 0.028125 0.0875
0 0.81484375 0.971875 0.040625 0.05625
0 0.74453125 0.953125 0.034375 0.065625
0 0.884375 0.240625 0.021875 0.053125
0 0.6765625 0.596875 0.0359375 0.08125
0 0.66171875 0.16484375 0.0375 0.0640625
0 0.375 0.58671875 0.01875 0.0625
0 0.3359375 0.82734375 0.021875 0.0515625
0 0.25 0.9765625 0.028125 0.046875
0 0.21953125 0.64765625 0.03125 0.0546875
0 0.121875 0.6 0.0375 0.05
0 0.1328125 0.34609375 0.028125 0.078125
0 0.125 0.84453125 0.021875 0.0828125
0 0.0484375 0.7765625 0.0296875 0.0609375
0 0.859375 0.6796875 0.021875 0.0625