0 0.59921875 0.05859375 0.0703125 0.034375
0 0.5421875 0.07421875 0.059375 0.0375
0 0.49375 0.17734375 0.04375 0.0265625
0 0.3640625 0.19375 0.0546875 0.01875
0 0.54140625 0.22109375 0.046875 0.025
0 0.696875 0.21171875 0.04375 0.0328125
0 0.69609375 0.1921875 0.034375 0.01875
0 0.78046875 0.21015625 0.05 0.025
0 0.7546875 0.27421875 0.0515625 0.025
0 0.6578125 0.2765625 0.034375 0.01875
0 0.4859375 0.3609375 0.059375 0.040625
0 0.31171875 0.3171875 0.1015625 0.01875
0 0.7875 0.6015625 0.0625 0.0296875
0 0.96328125 0.60546875 0.04375 0.0296875
0 0.32421875 0.56796875 0.0578125 0.0375
0 0.53515625 0.79921875 0.05625 0.034375
0 0.6078125 0.8390625 0.0375 0.0296875
0 0.60703125 0.8203125 0.040625 0.0265625
0 0.72265625 0.79921875 0.075 0.01875
0 0.71484375 0.77578125 0.0390625 0.01875
0 0.69609375 0.88515625 0.04375 0.028125
0 0.775 0.84609375 0.046875 0.025
0 0.22265625 0.890625 0.075 0.04375
0 0.2453125 0.859375 0.0578125 0.025
0 0.9359375 0.728125 0.034375 0.025
0 0.65625 0.9484375 0.0515625 0.021875
0 0.33125 0.73203125 0.0625 0.021875
0 0.240625 0.4125 0.0609375 0.028125
0 0.078125 0.2546875 0.05625 0.0265625
0 0.23671875 0.13828125 0.075 0.03125