2 0.9484375 0.971875 0.025 0.05625
2 0.9171875 0.55625 0.0265625 0.084375
2 0.89296875 0.521875 0.021875 0.059375
2 0.9078125 0.72421875 0.0296875 0.0859375
2 0.9140625 0.896875 0.0265625 0.0703125
2 0.83671875 0.653125 0.01875 0.05625
2 0.78828125 0.21484375 0.01875 0.0578125
2 0.82890625 0.30546875 0.021875 0.075
2 0.828125 0.15703125 0.0140625 0.05625
2 0.78359375 0.35 0.0265625 0.0515625
2 0.75 0.4625 0.01875 0.0609375
2 0.73828125 0.38984375 0.028125 0.053125
2 0.69453125 0.96953125 0.03125 0.034375
2 0.6703125 0.96875 0.0125 0.0625
2 0.68828125 0.88671875 0.0265625 0.028125
2 0.70078125 0.84765625 0.021875 0.034375
2 0.84375 0.95625 0.028125 0.0375
2 0.68828125 0.3578125 0.025 0.053125
2 0.6703125 0.30546875 0.015625 0.0453125
2 0.6203125 0.23984375 0.025 0.0484375
2 0.6140625 0.503125 0.021875 0.046875
2 0.63515625 0.94609375 0.0296875 0.046875
2 0.496875 0.9015625 0.0359375 0.05
2 0.4078125 0.3421875 0.034375 0.0234375
2 0.40234375 0.17578125 0.03125 0.0390625
2 0.6078125 0.0203125 0.021875 0.040625
2 0.38359375 0.67421875 0.0265625 0.028125
2 0.3 0.36015625 0.01875 0.06875
2 0.22890625 0.246875 0.01875 0.075
2 0.2 0.07578125 0.028125 0.0453125
2 0.2375 0.853125 0.01875 0.034375
2 0.23984375 0.98828125 0.0296875 0.0234375
2 0.175 0.5546875 0.025 0.059375
2 0.16640625 0.47265625 0.01875 0.0609375
2 0.15625 0.33515625 0.015625 0.065625
2 0.125 0.96953125 0.0328125 0.059375
2 0.1015625 0.75390625 0.03125 0.0328125
2 0.1328125 0.48828125 0.0125 0.0734375