0 0.028125 0.1109375 0.025 0.10625
0 0.02109375 0.02421875 0.0328125 0.0484375
0 0.01328125 0.25703125 0.025 0.090625
0 0.05390625 0.80546875 0.028125 0.0625
0 0.0625 0.7515625 0.01875 0.0984375
0 0.07109375 0.88671875 0.028125 0.075
0 0.1046875 0.8328125 0.0234375 0.0671875
0 0.1234375 0.71953125 0.034375 0.071875
0 0.1046875 0.5 0.0375 0.090625
0 0.15078125 0.559375 0.025 0.0796875
0 0.18203125 0.61171875 0.03125 0.0671875
0 0.2171875 0.5875 0.034375 0.0546875
0 0.2203125 0.540625 0.0375 0.053125
0 0.2 0.91328125 0.0328125 0.08125
0 0.1234375 0.1171875 0.01875 0.040625
0 0.11640625 0.02421875 0.0171875 0.0484375
0 0.153125 0.028125 0.0140625 0.05625
0 0.2875 0.09296875 0.0375 0.08125
0 0.32890625 0.39921875 0.028125 0.0625
0 0.29375 0.25625 0.0328125 0.0703125
0 0.26484375 0.975 0.0375 0.05
0 0.35234375 0.6265625 0.0328125 0.1
0 0.4359375 0.16875 0.028125 0.08125
0 0.48203125 0.21171875 0.040625 0.09375
0 0.409375 0.2609375 0.0375 0.053125
0 0.5 0.353125 0.03125 0.075
0 0.6125 0.6265625 0.0375 0.103125
0 0.65703125 0.803125 0.0453125 0.0703125
0 0.69296875 0.23984375 0.028125 0.059375
0 0.66796875 0.27734375 0.034375 0.0875
0 0.73125 0.2484375 0.0296875 0.046875
0 0.75703125 0.39296875 0.034375 0.046875
0 0.709375 0.43125 0.040625 0.0515625
0 0.83203125 0.89921875 0.03125 0.05
0 0.80859375 0.80390625 0.025 0.05
0 0.8078125 0.625 0.040625 0.065625
0 0.8265625 0.728125 0.028125 0.078125
0 0.85546875 0.6515625 0.034375 0.071875
0 0.85859375 0.54375 0.0171875 0.08125
0 0.80390625 0.39765625 0.0390625 0.075
0 0.8359375 0.346875 0.0453125 0.090625
0 0.903125 0.2890625 0.0375 0.0625
0 0.87578125 0.2328125 0.0375 0.0625
0 0.80625 0.121875 0.0375 0.0546875
0 0.97734375 0.60234375 0.0328125 0.0859375