0 0.58515625 0.05859375 0.0875 0.0296875
0 0.775 0.09765625 0.08125 0.0265625
0 0.84609375 0.1375 0.065625 0.0328125
0 0.55 0.12421875 0.071875 0.0328125
0 0.43359375 0.24765625 0.0796875 0.040625
0 0.12734375 0.25234375 0.0890625 0.025
0 0.6703125 0.2796875 0.0671875 0.021875
0 0.65625 0.28984375 0.05 0.021875
0 0.5484375 0.47578125 0.0765625 0.028125
0 0.88671875 0.51328125 0.0828125 0.028125
0 0.93828125 0.4875 0.065625 0.028125
0 0.84140625 0.52734375 0.0515625 0.025
0 0.77421875 0.62109375 0.0546875 0.04375
0 0.3734375 0.65 0.071875 0.03125
0 0.3140625 0.65390625 0.04375 0.0328125
0 0.26953125 0.584375 0.059375 0.03125
0 0.203125 0.5109375 0.05625 0.040625
0 0.29921875 0.49296875 0.075 0.0296875
0 0.09140625 0.72265625 0.0453125 0.04375
0 0.74765625 0.6625 0.0734375 0.0234375
0 0.70390625 0.646875 0.059375 0.0234375
0 0.84453125 0.734375 0.0671875 0.028125
0 0.78671875 0.7625 0.0546875 0.03125
0 0.92734375 0.71015625 0.0515625 0.034375
0 0.859375 0.7953125 0.08125 0.03125
0 0.775 0.81484375 0.0625 0.028125
0 0.778125 0.8421875 0.0921875 0.03125
0 0.446875 0.90390625 0.10625 0.0234375
0 0.2578125 0.85859375 0.065625 0.040625
0 0.35390625 0.8328125 0.0640625 0.03125
0 0.40703125 0.78203125 0.090625 0.025
0 0.096875 0.95078125 0.084375 0.040625
0 0.52265625 0.95859375 0.08125 0.0265625
0 0.8875 0.9359375 0.0609375 0.021875
0 0.90625 0.91953125 0.0875 0.0296875