0 0.90078125 0.04375 0.08125 0.01875
0 0.696875 0.20859375 0.06875 0.025
0 0.8734375 0.103125 0.04375 0.025
0 0.23671875 0.2265625 0.0734375 0.025
0 0.2828125 0.1984375 0.053125 0.021875
0 0.8640625 0.28984375 0.05 0.034375
0 0.8890625 0.19453125 0.053125 0.015625
0 0.62890625 0.3390625 0.04375 0.025
0 0.378125 0.3515625 0.06875 0.0234375
0 0.44765625 0.46875 0.05 0.025
0 0.75703125 0.48671875 0.040625 0.03125
0 0.91328125 0.48671875 0.059375 0.0203125
0 0.91953125 0.46796875 0.065625 0.0234375
0 0.15078125 0.55 0.0625 0.0203125
0 0.39140625 0.59453125 0.0578125 0.0171875
0 0.40390625 0.58125 0.05625 0.015625
0 0.575 0.59921875 0.05 0.0296875
0 0.7921875 0.58046875 0.05 0.028125
0 0.62890625 0.290625 0.0515625 0.01875
0 0.01875 0.10390625 0.0375 0.0171875
0 0.36875 0.66171875 0.065625 0.0171875
0 0.41015625 0.6546875 0.046875 0.028125
0 0.921875 0.64296875 0.05 0.028125
0 0.70859375 0.67578125 0.046875 0.0140625
0 0.5796875 0.6828125 0.0359375 0.0296875
0 0.34609375 0.70234375 0.059375 0.0203125
0 0.27890625 0.78828125 0.065625 0.021875
0 0.26328125 0.7609375 0.053125 0.0171875
0 0.38359375 0.778125 0.0765625 0.021875
0 0.70546875 0.86484375 0.046875 0.01875
0 0.31171875 0.9078125 0.0796875 0.01875
0 0.3671875 0.86015625 0.071875 0.021875
0 0.14921875 0.8515625 0.05625 0.021875
0 0.2140625 0.82109375 0.059375 0.0265625
0 0.68671875 0.921875 0.0859375 0.0140625
0 0.728125 0.928125 0.084375 0.01875