0 0.0375 0.1296875 0.07421875 0.0171875
0 0.0671875 0.171875 0.0609375 0.04140625
0 0.90234375 0.0671875 0.08125 0.02734375
0 0.41796875 0.1921875 0.05703125 0.0296875
0 0.4375 0.17265625 0.07421875 0.01953125
0 0.46171875 0.2 0.03828125 0.01875
0 0.690625 0.14296875 0.0640625 0.0234375
0 0.7546875 0.128125 0.05546875 0.025
0 0.7796875 0.17578125 0.05078125 0.02265625
0 0.775 0.234375 0.04921875 0.025
0 0.7921875 0.2265625 0.0453125 0.0234375
0 0.690625 0.2390625 0.06015625 0.0203125
0 0.9125 0.22421875 0.03671875 0.02578125
0 0.9625 0.2265625 0.046875 0.0234375
0 0.9703125 0.296875 0.059375 0.021875
0 0.56875 0.3703125 0.065625 0.02109375
0 0.871875 0.4125 0.04296875 0.01875
0 0.14453125 0.3546875 0.05078125 0.02734375
0 0.4359375 0.4734375 0.03828125 0.03203125
0 0.05859375 0.50625 0.0625 0.02109375
0 0.25078125 0.50546875 0.065625 0.0171875
0 0.15 0.54765625 0.03515625 0.02890625
0 0.1734375 0.540625 0.05390625 0.021875
0 0.4109375 0.6125 0.0484375 0.01484375
0 0.40703125 0.58984375 0.04921875 0.0265625
0 0.69921875 0.5546875 0.05234375 0.02734375
0 0.79140625 0.52265625 0.07265625 0.01953125
0 0.34765625 0.68203125 0.065625 0.01875
0 0.21171875 0.7 0.05234375 0.021875
0 0.578125 0.778125 0.05390625 0.0203125
0 0.49765625 0.78828125 0.06875 0.0265625
0 0.084375 0.78828125 0.05234375 0.01484375
0 0.109375 0.76796875 0.0546875 0.021875
0 0.11875 0.75546875 0.05625 0.01640625
0 0.03828125 0.7734375 0.06171875 0.0203125
0 0.5203125 0.83359375 0.046875 0.021875
0 0.58828125 0.84453125 0.05078125 0.015625
0 0.40390625 0.84296875 0.05390625 0.0265625
0 0.428125 0.83515625 0.06171875 0.02109375
0 0.23125 0.840625 0.0546875 0.021875
0 0.0125 0.89453125 0.025 0.03203125
0 0.240625 0.80703125 0.05625 0.02109375
0 0.721875 0.81953125 0.06171875 0.0234375
0 0.6078125 0.80625 0.06484375 0.021875
0 0.359375 0.9703125 0.059375 0.0234375
0 0.87890625 0.92109375 0.0609375 0.0296875
0 0.89609375 0.934375 0.04921875 0.03046875