0 0.94296875 0.67890625 0.028125 0.0875
0 0.88359375 0.5234375 0.0265625 0.0734375
0 0.96796875 0.24296875 0.025 0.059375
0 0.90859375 0.196875 0.03125 0.0625
0 0.85703125 0.2515625 0.025 0.0734375
0 0.8625 0.771875 0.01875 0.0703125
0 0.81328125 0.9125 0.025 0.08125
0 0.675 0.8359375 0.015625 0.046875
0 0.68515625 0.94609375 0.025 0.0375
0 0.65703125 0.928125 0.021875 0.053125
0 0.46484375 0.5328125 0.0375 0.08125
0 0.509375 0.1921875 0.021875 0.065625
0 0.5 0.24609375 0.03125 0.059375
0 0.50859375 0.046875 0.021875 0.0640625
0 0.39765625 0.47890625 0.0390625 0.06875
0 0.41171875 0.38515625 0.028125 0.059375
0 0.39296875 0.2640625 0.028125 0.0796875
0 0.44375 0.85 0.03125 0.071875
0 0.396875 0.78984375 0.0296875 0.0609375
0 0.3546875 0.7125 0.028125 0.05625
0 0.3171875 0.47578125 0.0359375 0.0625
0 0.35078125 0.06171875 0.028125 0.0609375
0 0.284375 0.33359375 0.0234375 0.0703125
0 0.33046875 0.90234375 0.028125 0.05
0 0.265625 0.83984375 0.025 0.075
0 0.24765625 0.78984375 0.025 0.0515625
0 0.28125 0.69296875 0.028125 0.075
0 0.2515625 0.6921875 0.01875 0.075
0 0.2296875 0.4625 0.025 0.04375
0 0.15 0.08203125 0.0234375 0.053125
0 0.16015625 0.23671875 0.03125 0.075
0 0.19140625 0.3078125 0.0234375 0.071875
0 0.07890625 0.46484375 0.028125 0.05625
0 0.1125 0.04375 0.021875 0.05625
0 0.1171875 0.5765625 0.021875 0.075
0 0.08515625 0.94140625 0.025 0.0625
0 0.16171875 0.85859375 0.021875 0.0453125
0 0.14453125 0.92890625 0.025 0.05
0 0.03203125 0.42890625 0.025 0.0640625