0 0.26640625 0.0796875 0.0765625 0.0265625
0 0.1359375 0.13046875 0.04140625 0.03515625
0 0.040625 0.171875 0.08046875 0.02109375
0 0.53125 0.0453125 0.05546875 0.021875
0 0.553125 0.0546875 0.05859375 0.0171875
0 0.21015625 0.13828125 0.03828125 0.0265625
0 0.2546875 0.14296875 0.0328125 0.0234375
0 0.3140625 0.1625 0.03828125 0.01640625
0 0.35234375 0.15859375 0.0390625 0.021875
0 0.5703125 0.1984375 0.0515625 0.01328125
0 0.52265625 0.17578125 0.0453125 0.01640625
0 0.66171875 0.18984375 0.046875 0.01484375
0 0.80625 0.165625 0.03046875 0.02265625
0 0.9421875 0.19375 0.0375 0.01796875
0 0.9796875 0.121875 0.040625 0.02578125
0 0.89453125 0.10703125 0.0390625 0.021875
0 0.98046875 0.04921875 0.0390625 0.0203125
0 0.6890625 0.30859375 0.0703125 0.021875
0 0.54140625 0.24921875 0.0359375 0.025
0 0.925 0.334375 0.05390625 0.01953125
0 0.95546875 0.3765625 0.05390625 0.01875
0 0.83125 0.3953125 0.053125 0.021875
0 0.79609375 0.41484375 0.05 0.02109375
0 0.7828125 0.47734375 0.05078125 0.0234375
0 0.84765625 0.53515625 0.03125 0.025
0 0.8375 0.64609375 0.0328125 0.02421875
0 0.89765625 0.65859375 0.04296875 0.02265625
0 0.78515625 0.72109375 0.03125 0.021875
0 0.2546875 0.33125 0.065625 0.02421875
0 0.16875 0.3703125 0.0609375 0.02265625
0 0.26875 0.3890625 0.05 0.02421875
0 0.234375 0.50546875 0.0484375 0.021875
0 0.415625 0.5296875 0.0390625 0.0203125
0 0.340625 0.56640625 0.03984375 0.0140625
0 0.325 0.634375 0.04453125 0.0203125
0 0.15859375 0.66953125 0.0359375 0.021875
0 0.11171875 0.57421875 0.04453125 0.02109375
0 0.41640625 0.696875 0.0390625 0.02734375
0 0.47265625 0.7484375 0.0375 0.01875
0 0.19296875 0.796875 0.0609375 0.01875
0 0.1921875 0.7828125 0.04375 0.01875
0 0.48203125 0.92109375 0.03359375 0.0234375
0 0.16015625 0.9109375 0.05703125 0.015625
0 0.19453125 0.8453125 0.04609375 0.025
0 0.17421875 0.8859375 0.00625 0.003125
0 0.80625 0.871875 0.05078125 0.03359375
0 0.96015625 0.9375 0.0609375 0.02265625
0 0.62421875 0.95 0.05703125 0.0234375