2 0.1078125 0.58515625 0.0390625 0.0640625
2 0.09296875 0.57109375 0.0421875 0.046875
2 0.05546875 0.1109375 0.03125 0.059375
2 0.1484375 0.13828125 0.0375 0.065625
2 0.33515625 0.0375 0.046875 0.065625
2 0.41015625 0.1015625 0.0375 0.06875
2 0.52109375 0.24609375 0.03125 0.09375
2 0.59921875 0.20546875 0.046875 0.0578125
2 0.6390625 0.10078125 0.0265625 0.05625
2 0.53046875 0.08359375 0.034375 0.05
2 0.5078125 0.5390625 0.0359375 0.0375
2 0.38203125 0.4984375 0.0375 0.071875
2 0.45859375 0.37265625 0.040625 0.0765625
2 0.5953125 0.47421875 0.034375 0.0640625
2 0.64375 0.47734375 0.0328125 0.090625
2 0.725 0.16875 0.0375 0.08125
2 0.721875 0.28203125 0.021875 0.084375
2 0.84921875 0.71953125 0.0375 0.05
2 0.87421875 0.8015625 0.0359375 0.046875
2 0.31796875 0.1578125 0.0265625 0.078125