0 0.40546875 0.06640625 0.059375 0.028125
0 0.5859375 0.125 0.059375 0.0375
0 0.3078125 0.12265625 0.0578125 0.0171875
0 0.325 0.13828125 0.05 0.021875
0 0.12578125 0.1296875 0.05625 0.021875
0 0.184375 0.146875 0.03125 0.025
0 0.0984375 0.17890625 0.065625 0.01875
0 0.74609375 0.115625 0.05625 0.025
0 0.6921875 0.1609375 0.071875 0.028125
0 0.865625 0.19140625 0.05625 0.0359375
0 0.94296875 0.2359375 0.046875 0.0390625
0 0.525 0.27109375 0.0671875 0.028125
0 0.9296875 0.31796875 0.046875 0.0203125
0 0.20703125 0.3234375 0.1125 0.034375
0 0.59609375 0.5640625 0.071875 0.03125
0 0.690625 0.5796875 0.04375 0.03125
0 0.9328125 0.5296875 0.059375 0.0375
0 0.85078125 0.5328125 0.034375 0.025
0 0.24609375 0.496875 0.06875 0.021875
0 0.45234375 0.509375 0.046875 0.0265625
0 0.35078125 0.56640625 0.04375 0.0296875
0 0.37265625 0.6046875 0.046875 0.03125
0 0.15078125 0.6015625 0.075 0.03125
0 0.128125 0.58125 0.0375 0.015625
0 0.05 0.65546875 0.03125 0.015625
0 0.06015625 0.4765625 0.05 0.0265625
0 0.5609375 0.6515625 0.059375 0.028125
0 0.8453125 0.646875 0.05625 0.034375
0 0.7609375 0.59375 0.059375 0.0390625
0 0.8046875 0.7140625 0.0875 0.0625
0 0.5734375 0.77265625 0.075 0.040625
0 0.284375 0.76796875 0.096875 0.034375
0 0.1671875 0.8046875 0.065625 0.04375
0 0.38984375 0.8390625 0.071875 0.0375
0 0.3609375 0.9203125 0.0875 0.028125
0 0.42890625 0.971875 0.065625 0.0296875
0 0.2359375 0.96015625 0.0609375 0.03125