0 0.25 0.128125 0.04609375 0.01171875
0 0.19453125 0.17265625 0.04609375 0.01953125
0 0.575 0.1609375 0.05234375 0.0171875
0 0.6109375 0.18046875 0.040625 0.015625
0 0.76328125 0.1578125 0.040625 0.01640625
0 0.865625 0.1734375 0.04453125 0.0140625
0 0.74609375 0.13515625 0.04453125 0.0109375
0 0.04375 0.2546875 0.03203125 0.02578125
0 0.89921875 0.21015625 0.03125 0.02265625
0 0.80625 0.26640625 0.0546875 0.0265625
0 0.965625 0.28984375 0.04609375 0.02578125
0 0.44140625 0.496875 0.05234375 0.01953125
0 0.63359375 0.50546875 0.05859375 0.0234375
0 0.79765625 0.5859375 0.03828125 0.0203125
0 0.71484375 0.571875 0.04140625 0.015625
0 0.359375 0.609375 0.04375 0.0125
0 0.4078125 0.590625 0.04296875 0.028125
0 0.25390625 0.50078125 0.040625 0.015625
0 0.0515625 0.5015625 0.040625 0.01640625
0 0.06484375 0.5171875 0.0359375 0.01171875
0 0.11875 0.6296875 0.0328125 0.0234375
0 0.17578125 0.67734375 0.04765625 0.015625
0 0.621875 0.77421875 0.04140625 0.02265625
0 0.04296875 0.8203125 0.01953125 0.0125
0 0.06796875 0.8375 0.02734375 0.0125
0 0.23515625 0.82421875 0.04609375 0.01953125
0 0.32421875 0.85859375 0.053125 0.02265625
0 0.58046875 0.85234375 0.0484375 0.021875
0 0.134375 0.9171875 0.04609375 0.028125
0 0.103125 0.75 0.0359375 0.0265625
0 0.4296875 0.79375 0.07734375 0.0265625
0 0.4671875 0.403125 0.05390625 0.028125
0 0.23828125 0.23203125 0.03671875 0.01796875
0 0.946875 0.3984375 0.03203125 0.021875
0 0.496875 0.915625 0.0546875 0.01875
0 0.09375 0.96328125 0.0609375 0.01328125