0 0.07265625 0.2015625 0.025 0.05
0 0.10703125 0.51015625 0.015625 0.0375
0 0.13984375 0.19296875 0.025 0.046875
0 0.1734375 0.30859375 0.01875 0.046875
0 0.20546875 0.2078125 0.0328125 0.0484375
0 0.21796875 0.3203125 0.0203125 0.0453125
0 0.3265625 0.4765625 0.0265625 0.046875
0 0.20546875 0.4890625 0.0328125 0.04375
0 0.2046875 0.54375 0.0328125 0.04375
0 0.23515625 0.89765625 0.0390625 0.025
0 0.2078125 0.9015625 0.03125 0.0421875
0 0.16328125 0.63046875 0.034375 0.040625
0 0.1484375 0.54375 0.034375 0.06875
0 0.14140625 0.0671875 0.0203125 0.05
0 0.16953125 0.11640625 0.034375 0.0703125
0 0.38515625 0.83046875 0.028125 0.05
0 0.55546875 0.75390625 0.028125 0.05625
0 0.5359375 0.78515625 0.034375 0.034375
0 0.53828125 0.5140625 0.0171875 0.053125
0 0.51328125 0.59140625 0.0171875 0.0375
0 0.57265625 0.34453125 0.0265625 0.0625
0 0.546875 0.340625 0.015625 0.05
0 0.48984375 0.26796875 0.01875 0.071875
0 0.51953125 0.2859375 0.0328125 0.04375
0 0.49375 0.0828125 0.021875 0.0890625
0 0.70234375 0.23828125 0.028125 0.040625
0 0.675 0.2484375 0.021875 0.0296875
0 0.6203125 0.4234375 0.025 0.028125
0 0.6234375 0.47421875 0.03125 0.059375
0 0.75703125 0.5234375 0.03125 0.040625
0 0.78046875 0.340625 0.028125 0.075
0 0.81640625 0.6125 0.0234375 0.0609375
0 0.86484375 0.28671875 0.028125 0.05625
0 0.89296875 0.39453125 0.025 0.084375
0 0.809375 0.11953125 0.028125 0.0375
0 0.76171875 0.75234375 0.0375 0.0375
0 0.6359375 0.15859375 0.01875 0.046875
0 0.75234375 0.29140625 0.03125 0.0609375
0 0.73984375 0.35234375 0.034375 0.05
0 0.15703125 0.3828125 0.03125 0.0640625
0 0.10234375 0.04296875 0.03125 0.040625
0 0.309375 0.4640625 0.028125 0.0421875
0 0.28828125 0.58125 0.021875 0.0375
0 0.26328125 0.5640625 0.0125 0.04375
0 0.440625 0.28515625 0.025 0.046875
0 0.38671875 0.04140625 0.01875 0.040625
0 0.87578125 0.5515625 0.028125 0.028125
0 0.94921875 0.14140625 0.03125 0.05625
0 0.09140625 0.5078125 0.021875 0.084375