0 0.090625 0.3640625 0.0265625 0.059375
0 0.13828125 0.49609375 0.034375 0.05
0 0.08046875 0.0953125 0.021875 0.0546875
0 0.315625 0.21484375 0.0296875 0.05625
0 0.22578125 0.48515625 0.040625 0.05
0 0.18046875 0.565625 0.021875 0.0625
0 0.1359375 0.82578125 0.034375 0.0625
0 0.21015625 0.9546875 0.03125 0.0875
0 0.26171875 0.91796875 0.025 0.053125
0 0.33046875 0.77734375 0.040625 0.04375
0 0.35 0.26484375 0.0265625 0.04375
0 0.45078125 0.13359375 0.0375 0.0453125
0 0.5328125 0.278125 0.0390625 0.0875
0 0.5 0.2484375 0.025 0.0375
0 0.621875 0.49921875 0.04375 0.053125
0 0.671875 0.42890625 0.053125 0.078125
0 0.69765625 0.278125 0.046875 0.05
0 0.6765625 0.0328125 0.046875 0.065625
0 0.5015625 0.84921875 0.0453125 0.040625
0 0.78203125 0.7953125 0.0421875 0.0609375
0 0.73125 0.59296875 0.040625 0.05
0 0.859375 0.290625 0.034375 0.040625
0 0.9046875 0.3046875 0.01875 0.084375
0 0.27265625 0.0296875 0.01875 0.059375
0 0.11875 0.5546875 0.0265625 0.06875
0 0.1046875 0.47578125 0.021875 0.0375