2 0.10859375 0.10390625 0.04765625 0.0390625
2 0.1625 0.0921875 0.06640625 0.03203125
2 0.3046875 0.08671875 0.08359375 0.0234375
2 0.5484375 0.08984375 0.09375 0.01953125
2 0.665625 0.1015625 0.0515625 0.02109375
2 0.78359375 0.11640625 0.0890625 0.0203125
2 0.875 0.1828125 0.05859375 0.02109375
2 0.86953125 0.15234375 0.0578125 0.021875
2 0.54296875 0.18828125 0.0875 0.0265625
2 0.7328125 0.221875 0.075 0.0234375
2 0.63984375 0.25 0.0578125 0.02265625
2 0.25703125 0.23203125 0.0546875 0.03203125
2 0.06171875 0.24296875 0.05625 0.0265625
2 0.15 0.2265625 0.03203125 0.03828125
2 0.1390625 0.20078125 0.04921875 0.040625
2 0.08984375 0.2734375 0.034375 0.0328125
2 0.0328125 0.3703125 0.05 0.03515625
2 0.46875 0.42265625 0.040625 0.03046875
2 0.98359375 0.3734375 0.03203125 0.01796875
2 0.1515625 0.4671875 0.028125 0.03125
2 0.2734375 0.54765625 0.028125 0.0328125
2 0.33828125 0.57578125 0.05 0.01640625
2 0.29375 0.65390625 0.04453125 0.0296875
2 0.1109375 0.68984375 0.034375 0.03359375
2 0.375 0.73125 0.04296875 0.02421875
2 0.640625 0.6734375 0.05546875 0.025
2 0.76640625 0.75625 0.0625 0.03125
2 0.971875 0.70390625 0.04921875 0.02578125
2 0.51015625 0.77734375 0.04921875 0.025
2 0.4328125 0.83671875 0.06484375 0.02265625
2 0.88203125 0.87109375 0.0640625 0.02265625
2 0.97265625 0.8640625 0.05390625 0.015625
2 0.20546875 0.81484375 0.0359375 0.03046875
2 0.2046875 0.790625 0.06796875 0.0203125
2 0.04765625 0.85625 0.0578125 0.02578125
2 0.08984375 0.41015625 0.046875 0.0328125
2 0.190625 0.02421875 0.08828125 0.025