0 0.7234375 0.0390625 0.0578125 0.0203125
0 0.41875 0.01796875 0.0796875 0.0171875
0 0.17109375 0.06796875 0.0625 0.025
0 0.74609375 0.09921875 0.0703125 0.021875
0 0.6625 0.146875 0.065625 0.028125
0 0.0546875 0.18671875 0.0421875 0.0265625
0 0.30625 0.15625 0.059375 0.0265625
0 0.14375 0.190625 0.05625 0.0234375
0 0.0953125 0.2390625 0.0515625 0.0296875
0 0.23359375 0.3265625 0.05625 0.015625
0 0.93125 0.4875 0.04375 0.034375
0 0.83125 0.50078125 0.059375 0.0375
0 0.74375 0.49296875 0.053125 0.0203125
0 0.4390625 0.53671875 0.0453125 0.028125
0 0.61875 0.5921875 0.05625 0.0328125
0 0.603125 0.56953125 0.05625 0.03125
0 0.73671875 0.60546875 0.0859375 0.0296875
0 0.98359375 0.6046875 0.03125 0.0296875
0 0.6203125 0.7046875 0.071875 0.01875
0 0.6984375 0.64609375 0.065625 0.025
0 0.340625 0.615625 0.05625 0.03125
0 0.21640625 0.59765625 0.053125 0.028125
0 0.346875 0.6921875 0.05625 0.03125
0 0.1046875 0.6578125 0.05 0.0234375
0 0.64921875 0.77578125 0.059375 0.021875
0 0.9578125 0.84921875 0.05625 0.0265625
0 0.75390625 0.8296875 0.071875 0.021875
0 0.48828125 0.9234375 0.08125 0.028125
0 0.4875 0.9 0.075 0.025
0 0.6765625 0.9625 0.078125 0.025
0 0.12890625 0.42734375 0.05 0.021875
0 0.60625 0.65234375 0.06875 0.0265625
0 0.26953125 0.74140625 0.0703125 0.025
0 0.61640625 0.85078125 0.078125 0.03125
0 0.88671875 0.86640625 0.0640625 0.0296875
0 0.925 0.93125 0.05625 0.021875
0 0.18671875 0.9640625 0.090625 0.028125
0 0.2953125 0.81484375 0.065625 0.028125