2 0.81875 0.140625 0.05859375 0.0265625
2 0.7703125 0.10546875 0.04765625 0.025
2 0.6703125 0.134375 0.0515625 0.028125
2 0.46875 0.090625 0.06171875 0.0265625
2 0.42421875 0.08671875 0.06328125 0.0265625
2 0.0515625 0.04296875 0.05546875 0.02578125
2 0.2390625 0.30234375 0.08515625 0.03671875
2 0.34453125 0.39765625 0.0578125 0.025
2 0.4953125 0.3796875 0.05234375 0.0265625
2 0.8015625 0.36875 0.07421875 0.02109375
2 0.40234375 0.43671875 0.0609375 0.0359375
2 0.27578125 0.56953125 0.05625 0.034375
2 0.6484375 0.584375 0.05078125 0.03125
2 0.0828125 0.5578125 0.0546875 0.03203125
2 0.50703125 0.653125 0.046875 0.02109375
2 0.5578125 0.75859375 0.06328125 0.02578125
2 0.73046875 0.75859375 0.03984375 0.0296875
2 0.88046875 0.80859375 0.0578125 0.01640625
2 0.9390625 0.71796875 0.040625 0.028125
2 0.471875 0.7984375 0.06953125 0.03203125
2 0.48203125 0.86015625 0.0703125 0.025
2 0.3140625 0.80078125 0.05078125 0.02734375
2 0.1609375 0.86640625 0.059375 0.0234375
2 0.13984375 0.75859375 0.02578125 0.0140625
2 0.9375 0.36015625 0.075 0.02578125