2 0.0328125 0.91171875 0.0375 0.0578125
2 0.01640625 0.89140625 0.03125 0.06875
2 0.09296875 0.60234375 0.01875 0.0953125
2 0.084375 0.35703125 0.025 0.0453125
2 0.09140625 0.2828125 0.025 0.05625
2 0.12109375 0.15078125 0.0265625 0.0734375
2 0.1140625 0.86640625 0.03125 0.071875
2 0.2203125 0.3875 0.0328125 0.040625
2 0.1859375 0.27890625 0.0203125 0.065625
2 0.23359375 0.175 0.034375 0.046875
2 0.22421875 0.0515625 0.025 0.059375
2 0.30078125 0.37890625 0.015625 0.059375
2 0.30625 0.23828125 0.021875 0.0515625
2 0.2765625 0.98515625 0.034375 0.0296875
2 0.2796875 0.92109375 0.0265625 0.0359375
2 0.3078125 0.88203125 0.03125 0.0421875
2 0.3171875 0.86328125 0.0375 0.0296875
2 0.37578125 0.4765625 0.0359375 0.0359375
2 0.4515625 0.55859375 0.021875 0.06875
2 0.534375 0.94453125 0.040625 0.0359375
2 0.61328125 0.53046875 0.028125 0.05625
2 0.684375 0.73828125 0.028125 0.040625
2 0.73359375 0.58828125 0.025 0.053125
2 0.76484375 0.5125 0.025 0.05625
2 0.7578125 0.378125 0.028125 0.075
2 0.75703125 0.265625 0.03125 0.05
2 0.86640625 0.6546875 0.01875 0.04375
2 0.8171875 0.71015625 0.0171875 0.053125
2 0.83046875 0.1015625 0.021875 0.040625
2 0.82109375 0.12265625 0.021875 0.0390625