0 0.55 0.09375 0.0703125 0.01875
0 0.978125 0.1140625 0.040625 0.015625
0 0.7453125 0.125 0.0515625 0.01875
0 0.7515625 0.15703125 0.03125 0.021875
0 0.57265625 0.14375 0.059375 0.015625
0 0.68203125 0.18203125 0.046875 0.01875
0 0.18828125 0.19140625 0.04375 0.021875
0 0.1453125 0.16875 0.05 0.01875
0 0.16015625 0.13046875 0.0375 0.0140625
0 0.04375 0.121875 0.040625 0.015625
0 0.2609375 0.159375 0.059375 0.0171875
0 0.25234375 0.1171875 0.05 0.015625
0 0.5328125 0.29140625 0.040625 0.028125
0 0.5046875 0.21953125 0.0390625 0.0203125
0 0.490625 0.20703125 0.0625 0.015625
0 0.96484375 0.39921875 0.046875 0.03125
0 0.68984375 0.45 0.059375 0.025
0 0.7359375 0.5125 0.059375 0.01875
0 0.73203125 0.4953125 0.0375 0.021875
0 0.66875 0.57421875 0.040625 0.01875
0 0.66796875 0.56171875 0.046875 0.015625
0 0.64296875 0.55078125 0.05625 0.0140625
0 0.875 0.625 0.046875 0.025
0 0.70078125 0.6890625 0.04375 0.0140625
0 0.46484375 0.25625 0.0328125 0.0125
0 0.42890625 0.28828125 0.03125 0.028125
0 0.3640625 0.42890625 0.03125 0.015625
0 0.459375 0.4234375 0.040625 0.021875
0 0.1484375 0.3859375 0.03125 0.01875
0 0.07578125 0.36015625 0.0328125 0.015625
0 0.13515625 0.54609375 0.046875 0.015625
0 0.56875 0.60859375 0.053125 0.01875
0 0.52421875 0.6328125 0.03125 0.0171875
0 0.665625 0.79765625 0.06875 0.021875
0 0.68046875 0.784375 0.04375 0.01875
0 0.02421875 0.67890625 0.046875 0.01875
0 0.134375 0.66015625 0.0375 0.0234375
0 0.1421875 0.615625 0.03125 0.025
0 0.70546875 0.73515625 0.0625 0.01875
0 0.31640625 0.8171875 0.0640625 0.01875
0 0.775 0.81640625 0.0609375 0.0234375
0 0.9796875 0.82578125 0.040625 0.015625
0 0.634375 0.809375 0.0609375 0.021875
0 0.41796875 0.8734375 0.071875 0.0265625
0 0.64453125 0.85546875 0.059375 0.01875
0 0.81640625 0.94375 0.0765625 0.03125
0 0.596875 0.95 0.025 0.01875
0 0.7078125 0.94453125 0.040625 0.021875
0 0.36171875 0.98828125 0.0546875 0.0234375
0 0.0421875 0.95234375 0.0625 0.0265625