0 0.95078125 0.08125 0.034375 0.075
0 0.98671875 0.384375 0.025 0.0875
0 0.99375 0.7265625 0.0125 0.071875
0 0.94765625 0.78359375 0.025 0.078125
0 0.92578125 0.86015625 0.0328125 0.078125
0 0.89921875 0.9125 0.028125 0.090625
0 0.85390625 0.784375 0.0296875 0.0875
0 0.915625 0.61953125 0.0328125 0.0921875
0 0.87578125 0.52421875 0.025 0.078125
0 0.75 0.29609375 0.0453125 0.0765625
0 0.75859375 0.4078125 0.04375 0.071875
0 0.75859375 0.51171875 0.040625 0.0859375
0 0.565625 0.78984375 0.034375 0.090625
0 0.5203125 0.525 0.0359375 0.0796875
0 0.47578125 0.65859375 0.034375 0.115625
0 0.428125 0.334375 0.040625 0.0796875
0 0.36328125 0.20859375 0.028125 0.06875
0 0.35 0.06484375 0.0390625 0.059375
0 0.3578125 0.765625 0.0375 0.075
0 0.33359375 0.7390625 0.025 0.059375
0 0.2921875 0.9140625 0.025 0.0765625
0 0.27734375 0.66953125 0.028125 0.0765625
0 0.2125 0.5078125 0.04375 0.0859375
0 0.234375 0.47109375 0.0375 0.090625
0 0.146875 0.6609375 0.03125 0.0828125
0 0.19140625 0.65390625 0.040625 0.06875
0 0.19453125 0.8359375 0.0203125 0.0625
0 0.1671875 0.9734375 0.021875 0.0328125
0 0.1109375 0.33203125 0.025 0.059375
0 0.0921875 0.32265625 0.025 0.059375
0 0.05078125 0.925 0.03125 0.05