0 0.91484375 0.84921875 0.0234375 0.0734375
0 0.7671875 0.665625 0.028125 0.059375
0 0.7078125 0.78125 0.03125 0.0703125
0 0.71875 0.5921875 0.0203125 0.065625
0 0.7109375 0.50703125 0.01875 0.0734375
0 0.7828125 0.4 0.0234375 0.071875
0 0.8640625 0.23515625 0.025 0.0375
0 0.8109375 0.075 0.0375 0.0546875
0 0.67578125 0.3890625 0.034375 0.05625
0 0.6546875 0.05078125 0.028125 0.0453125
0 0.67890625 0.696875 0.040625 0.05
0 0.625 0.61171875 0.040625 0.059375
0 0.7234375 0.90234375 0.0375 0.05
0 0.4875 0.67109375 0.028125 0.06875
0 0.490625 0.746875 0.028125 0.0375
0 0.56171875 0.3453125 0.03125 0.065625
0 0.55703125 0.02578125 0.0234375 0.05
0 0.3984375 0.05546875 0.025 0.065625
0 0.3375 0.02421875 0.028125 0.0484375
0 0.34140625 0.55390625 0.03125 0.1125
0 0.42109375 0.63515625 0.028125 0.05625
0 0.2921875 0.234375 0.0421875 0.078125
0 0.24765625 0.14609375 0.021875 0.0734375
0 0.26953125 0.4109375 0.025 0.06875
0 0.21953125 0.25 0.021875 0.0546875
0 0.20390625 0.17578125 0.021875 0.06875
0 0.16875 0.18203125 0.021875 0.0640625
0 0.2125 0.7640625 0.01875 0.04375
0 0.05859375 0.82109375 0.0421875 0.0796875
0 0.1046875 0.91171875 0.03125 0.065625