0 0.02265625 0.978125 0.0234375 0.04375
0 0.034375 0.10546875 0.01875 0.0703125
0 0.01171875 0.47265625 0.021875 0.075
0 0.11484375 0.4609375 0.0171875 0.0609375
0 0.1265625 0.74296875 0.0203125 0.059375
0 0.1140625 0.8328125 0.0203125 0.046875
0 0.18203125 0.76875 0.028125 0.046875
0 0.175 0.7296875 0.025 0.04375
0 0.140625 0.584375 0.01875 0.0625
0 0.190625 0.3078125 0.01875 0.075
0 0.16875 0.45390625 0.0171875 0.075
0 0.18203125 0.89453125 0.034375 0.0546875
0 0.23203125 0.7 0.03125 0.0625
0 0.359375 0.74609375 0.025 0.040625
0 0.34296875 0.66953125 0.0328125 0.05
0 0.40703125 0.23046875 0.01875 0.065625
0 0.45625 0.30234375 0.0203125 0.059375
0 0.5078125 0.5796875 0.0203125 0.075
0 0.51484375 0.8609375 0.021875 0.04375
0 0.49140625 0.9578125 0.01875 0.05625
0 0.55546875 0.5140625 0.028125 0.0484375
0 0.57109375 0.41875 0.0203125 0.04375
0 0.64609375 0.69140625 0.01875 0.0625
0 0.69140625 0.85546875 0.034375 0.0390625
0 0.64765625 0.36171875 0.0234375 0.0671875
0 0.65 0.21328125 0.040625 0.04375
0 0.71953125 0.81484375 0.0234375 0.05
0 0.76953125 0.775 0.01875 0.0625
0 0.746875 0.74765625 0.0140625 0.0390625
0 0.72890625 0.71796875 0.03125 0.059375
0 0.79375 0.8078125 0.0171875 0.065625
0 0.8328125 0.47578125 0.034375 0.05
0 0.8765625 0.59765625 0.0359375 0.0484375
0 0.8921875 0.70703125 0.01875 0.053125
0 0.85703125 0.22578125 0.0125 0.05625
0 0.78671875 0.3375 0.015625 0.053125
0 0.99140625 0.89453125 0.0171875 0.0734375
0 0.96796875 0.84765625 0.021875 0.078125
0 0.69140625 0.03203125 0.028125 0.0421875
0 0.1515625 0.3046875 0.025 0.065625