0 0.084375 0.32421875 0.01875 0.078125
0 0.10546875 0.25625 0.028125 0.090625
0 0.0875 0.2484375 0.021875 0.0703125
0 0.01015625 0.8828125 0.0203125 0.0671875
0 0.1203125 0.87578125 0.01875 0.06875
0 0.125 0.83671875 0.0265625 0.0875
0 0.09375 0.86875 0.03125 0.0546875
0 0.14765625 0.7734375 0.021875 0.0609375
0 0.13046875 0.7359375 0.0234375 0.06875
0 0.2171875 0.6046875 0.0296875 0.0671875
0 0.1921875 0.59296875 0.03125 0.0625
0 0.2328125 0.32578125 0.025 0.084375
0 0.1875 0.26953125 0.03125 0.0625
0 0.1234375 0.4671875 0.028125 0.078125
0 0.128125 0.1578125 0.0265625 0.0609375
0 0.321875 0.05390625 0.0375 0.0421875
0 0.3515625 0.25390625 0.046875 0.05
0 0.3015625 0.35390625 0.040625 0.0609375
0 0.31640625 0.48828125 0.03125 0.0625
0 0.31484375 0.45390625 0.03125 0.0453125
0 0.4046875 0.41015625 0.03125 0.053125
0 0.421875 0.315625 0.015625 0.06875
0 0.40625 0.2078125 0.034375 0.0625
0 0.471875 0.75390625 0.028125 0.071875
0 0.4796875 0.57578125 0.040625 0.059375
0 0.4671875 0.3546875 0.0203125 0.0828125
0 0.60390625 0.86796875 0.021875 0.05
0 0.60703125 0.9671875 0.0171875 0.065625
0 0.56875 0.31328125 0.0203125 0.06875
0 0.6296875 0.22734375 0.021875 0.0640625
0 0.553125 0.14921875 0.03125 0.053125
0 0.49453125 0.1828125 0.025 0.040625
0 0.77265625 0.8265625 0.021875 0.059375
0 0.7484375 0.72890625 0.015625 0.0625
0 0.7375 0.62265625 0.0140625 0.059375
0 0.82109375 0.63984375 0.0203125 0.06875
0 0.81484375 0.51875 0.0171875 0.053125
0 0.8453125 0.50078125 0.015625 0.05
0 0.884375 0.4984375 0.021875 0.0578125
0 0.9203125 0.3046875 0.025 0.0484375
0 0.9296875 0.6078125 0.01875 0.075
0 0.94765625 0.69609375 0.021875 0.0625
0 0.790625 0.75546875 0.0140625 0.053125
0 0.90546875 0.25390625 0.03125 0.0390625
0 0.91328125 0.2203125 0.034375 0.04375
0 0.97890625 0.8390625 0.0296875 0.059375