0 0.03671875 0.48125 0.03125 0.06875
0 0.03359375 0.565625 0.028125 0.0703125
0 0.034375 0.6171875 0.0203125 0.1078125
0 0.103125 0.6359375 0.021875 0.0796875
0 0.13125 0.9328125 0.0265625 0.09375
0 0.19921875 0.7 0.025 0.0703125
0 0.2203125 0.88203125 0.040625 0.046875
0 0.2375 0.96640625 0.028125 0.053125
0 0.21328125 0.578125 0.0328125 0.053125
0 0.29140625 0.4953125 0.0203125 0.0703125
0 0.28046875 0.47109375 0.025 0.0421875
0 0.2515625 0.49765625 0.0234375 0.05625
0 0.221875 0.44375 0.040625 0.05625
0 0.09296875 0.1859375 0.021875 0.0375
0 0.121875 0.278125 0.025 0.06875
0 0.340625 0.96640625 0.0203125 0.0640625
0 0.34140625 0.9015625 0.028125 0.0703125
0 0.3703125 0.55234375 0.0359375 0.05
0 0.4234375 0.59296875 0.0296875 0.071875
0 0.40625 0.84765625 0.028125 0.034375
0 0.45625 0.925 0.025 0.05
0 0.34921875 0.18046875 0.021875 0.059375
0 0.30625 0.253125 0.021875 0.05
0 0.2703125 0.06875 0.0203125 0.0515625
0 0.5 0.38359375 0.034375 0.04375
0 0.60078125 0.73203125 0.01875 0.071875
0 0.621875 0.928125 0.028125 0.0484375
0 0.62578125 0.55546875 0.025 0.05
0 0.6796875 0.51015625 0.021875 0.046875
0 0.63515625 0.38359375 0.03125 0.0578125
0 0.57890625 0.43359375 0.025 0.059375
0 0.74921875 0.96796875 0.015625 0.0625
0 0.865625 0.7421875 0.0296875 0.05
0 0.84609375 0.89453125 0.01875 0.053125
0 0.83125 0.92109375 0.021875 0.078125
0 0.8609375 0.9765625 0.025 0.046875
0 0.84140625 0.96484375 0.025 0.06875
0 0.8390625 0.39140625 0.0234375 0.0375
0 0.78828125 0.57890625 0.021875 0.0734375
0 0.6703125 0.3546875 0.025 0.0359375
0 0.6 0.24375 0.025 0.0625
0 0.54375 0.23515625 0.01875 0.046875
0 0.91015625 0.50234375 0.01875 0.0796875
0 0.9890625 0.565625 0.021875 0.05
0 0.953125 0.29140625 0.028125 0.0515625
0 0.93515625 0.89453125 0.025 0.059375