0 0.48984375 0.09140625 0.0828125 0.01875
0 0.42421875 0.0234375 0.0625 0.015625
0 0.2140625 0.0125 0.075 0.025
0 0.096875 0.0296875 0.0640625 0.01875
0 0.12421875 0.06328125 0.05 0.028125
0 0.0375 0.13515625 0.075 0.025
0 0.15078125 0.15390625 0.0625 0.0203125
0 0.41953125 0.115625 0.059375 0.025
0 0.26484375 0.121875 0.0625 0.025
0 0.5515625 0.12734375 0.0625 0.015625
0 0.3515625 0.159375 0.059375 0.0171875
0 0.8984375 0.115625 0.053125 0.01875
0 0.65703125 0.1703125 0.0484375 0.021875
0 0.83671875 0.24453125 0.053125 0.028125
0 0.69453125 0.221875 0.040625 0.01875
0 0.66953125 0.28359375 0.05 0.025
0 0.1140625 0.2625 0.0625 0.028125
0 0.3890625 0.36328125 0.0390625 0.0359375
0 0.51328125 0.37109375 0.046875 0.021875
0 0.66328125 0.35078125 0.05625 0.028125
0 0.25546875 0.37109375 0.0421875 0.0171875
0 0.88515625 0.5265625 0.0625 0.01875
0 0.67109375 0.61796875 0.053125 0.01875
0 0.53671875 0.6296875 0.034375 0.025
0 0.66328125 0.66953125 0.040625 0.01875
0 0.46015625 0.68046875 0.0390625 0.021875
0 0.7578125 0.71015625 0.04375 0.021875
0 0.95703125 0.7109375 0.059375 0.01875
0 0.3859375 0.65 0.040625 0.03125
0 0.30625 0.63515625 0.05625 0.0203125
0 0.734375 0.78671875 0.090625 0.021875
0 0.746875 0.771875 0.05 0.0234375
0 0.77890625 0.80546875 0.0859375 0.0265625
0 0.24921875 0.740625 0.065625 0.028125
0 0.40703125 0.74765625 0.075 0.025
0 0.19921875 0.79296875 0.0421875 0.025
0 0.06640625 0.79609375 0.053125 0.025
0 0.246875 0.88125 0.0671875 0.0296875
0 0.0859375 0.84375 0.0546875 0.0265625
0 0.421875 0.89765625 0.053125 0.0265625
0 0.25625 0.8421875 0.071875 0.01875
0 0.95078125 0.8671875 0.0625 0.01875
0 0.85390625 0.8875 0.053125 0.0203125
0 0.85625 0.82421875 0.090625 0.025
0 0.875 0.9 0.084375 0.0171875
0 0.33125 0.87734375 0.071875 0.01875
0 0.03671875 0.63515625 0.0453125 0.0296875
0 0.171875 0.6984375 0.04375 0.0328125
0 0.1625 0.45703125 0.0625 0.015625
0 0.78515625 0.54921875 0.046875 0.025
0 0.12890625 0.0484375 0.065625 0.01875
0 0.9203125 0.596875 0.040625 0.028125
0 0.27109375 0.56328125 0.0578125 0.03125
0 0.253125 0.82578125 0.0625 0.021875