0 0.8546875 0.9375 0.025 0.0703125
0 0.88359375 0.95703125 0.015625 0.065625
0 0.88203125 0.7953125 0.0171875 0.0546875
0 0.96328125 0.95546875 0.028125 0.06875
0 0.90390625 0.6671875 0.015625 0.08125
0 0.87578125 0.36171875 0.01875 0.046875
0 0.89921875 0.36796875 0.01875 0.0734375
0 0.88203125 0.415625 0.0234375 0.071875
0 0.9125 0.37890625 0.01875 0.084375
0 0.903125 0.140625 0.01875 0.0734375
0 0.8296875 0.50625 0.0296875 0.0625
0 0.81015625 0.1703125 0.0125 0.065625
0 0.8265625 0.28359375 0.025 0.06875
0 0.81796875 0.4015625 0.015625 0.0609375
0 0.63203125 0.59140625 0.01875 0.0484375
0 0.6421875 0.8515625 0.021875 0.05
0 0.690625 0.9515625 0.028125 0.0328125
0 0.7390625 0.30625 0.021875 0.065625
0 0.79609375 0.6421875 0.01875 0.05625
0 0.78984375 0.23671875 0.015625 0.05
0 0.76171875 0.1875 0.01875 0.0546875
0 0.94453125 0.60859375 0.025 0.0546875
0 0.584375 0.9109375 0.025 0.0625
0 0.515625 0.8140625 0.015625 0.05
0 0.5234375 0.940625 0.021875 0.04375
0 0.50234375 0.92265625 0.03125 0.03125
0 0.4421875 0.77734375 0.0140625 0.046875
0 0.37421875 0.35078125 0.028125 0.046875
0 0.58359375 0.27578125 0.025 0.04375
0 0.5078125 0.234375 0.01875 0.046875
0 0.44296875 0.11640625 0.01875 0.034375
0 0.2015625 0.82734375 0.021875 0.0328125
0 0.240625 0.85703125 0.0265625 0.05625
0 0.32734375 0.7265625 0.0265625 0.0546875
0 0.30703125 0.365625 0.01875 0.071875
0 0.28203125 0.3296875 0.0296875 0.06875
0 0.24296875 0.41640625 0.01875 0.053125
0 0.3625 0.21171875 0.028125 0.0515625
0 0.16328125 0.7609375 0.015625 0.075
0 0.196875 0.7359375 0.015625 0.0578125
0 0.1046875 0.61640625 0.0203125 0.0625
0 0.09375 0.49921875 0.028125 0.065625
0 0.14296875 0.9828125 0.0234375 0.034375
0 0.04140625 0.3953125 0.025 0.0640625
0 0.309375 0.14609375 0.025 0.0375
0 0.04765625 0.853125 0.028125 0.0734375