2 0.91171875 0.6765625 0.05546875 0.021875
2 0.65703125 0.73359375 0.0421875 0.03046875
2 0.875 0.8328125 0.05703125 0.02421875
2 0.515625 0.840625 0.05546875 0.01640625
2 0.39453125 0.83046875 0.03828125 0.0140625
2 0.37890625 0.809375 0.0515625 0.01953125
2 0.528125 0.73671875 0.0484375 0.02109375
2 0.240625 0.69921875 0.0640625 0.028125
2 0.1234375 0.80078125 0.04765625 0.02890625
2 0.16328125 0.65078125 0.05234375 0.01953125
2 0.08125 0.50859375 0.05 0.021875
2 0.39921875 0.534375 0.040625 0.02265625
2 0.315625 0.5671875 0.0328125 0.021875
2 0.6109375 0.40234375 0.05625 0.01484375
2 0.5 0.3953125 0.0515625 0.01796875
2 0.1515625 0.234375 0.02734375 0.0234375
2 0.0640625 0.27421875 0.028125 0.01171875
2 0.07734375 0.08125 0.04609375 0.0234375
2 0.40234375 0.121875 0.071875 0.01875
2 0.403125 0.16328125 0.0375 0.01484375
2 0.2515625 0.14296875 0.0375 0.01015625
2 0.66875 0.1640625 0.04765625 0.025
2 0.66875 0.18984375 0.0640625 0.01875
2 0.884375 0.17578125 0.0578125 0.034375
2 0.7625 0.10859375 0.07421875 0.0265625
2 0.9390625 0.14921875 0.05703125 0.01875
2 0.409375 0.36328125 0.05 0.03046875
2 0.54296875 0.29765625 0.06328125 0.021875
2 0.4765625 0.2765625 0.06640625 0.01875
2 0.83046875 0.61484375 0.04140625 0.02421875
2 0.67109375 0.61484375 0.04375 0.02421875
2 0.6671875 0.64140625 0.0453125 0.0265625