0 0.7828125 0.07265625 0.078125 0.021875
0 0.86796875 0.0796875 0.075 0.03125
0 0.7390625 0.10390625 0.078125 0.021875
0 0.39921875 0.2140625 0.090625 0.040625
0 0.4109375 0.24296875 0.125 0.021875
0 0.31171875 0.23828125 0.040625 0.028125
0 0.5125 0.30625 0.071875 0.0359375
0 0.93046875 0.18671875 0.065625 0.0328125
0 0.96015625 0.2046875 0.046875 0.0328125
0 0.021875 0.1890625 0.04375 0.034375
0 0.54296875 0.4765625 0.0921875 0.034375
0 0.30390625 0.484375 0.0953125 0.0359375
0 0.165625 0.4671875 0.0765625 0.034375
0 0.39921875 0.5234375 0.053125 0.0265625
0 0.80390625 0.4953125 0.084375 0.0359375
0 0.82890625 0.58828125 0.08125 0.0359375
0 0.734375 0.65703125 0.06875 0.028125
0 0.7640625 0.6734375 0.0625 0.021875
0 0.48671875 0.65546875 0.0546875 0.034375
0 0.3140625 0.621875 0.096875 0.04375
0 0.12734375 0.68203125 0.059375 0.0328125
0 0.1359375 0.6609375 0.065625 0.021875
0 0.7765625 0.73203125 0.0546875 0.0390625
0 0.96484375 0.71640625 0.05625 0.025
0 0.96484375 0.7984375 0.05625 0.01875
0 0.96484375 0.8234375 0.065625 0.021875
0 0.6890625 0.803125 0.06875 0.0265625
0 0.46484375 0.765625 0.0609375 0.03125
0 0.2171875 0.70859375 0.0578125 0.021875
0 0.31875 0.79765625 0.059375 0.03125
0 0.20546875 0.84453125 0.0640625 0.0390625
0 0.1515625 0.8875 0.05 0.028125
0 0.5203125 0.91015625 0.0546875 0.0390625
0 0.68671875 0.91484375 0.103125 0.025
0 0.7640625 0.88203125 0.0640625 0.028125
0 0.2078125 0.9140625 0.0484375 0.01875
0 0.38125 0.8234375 0.0640625 0.028125