0 0.259375 0.85546875 0.01875 0.05625
0 0.24375 0.528125 0.028125 0.046875
0 0.22109375 0.6171875 0.021875 0.1015625
0 0.18828125 0.690625 0.028125 0.0625
0 0.27734375 0.4078125 0.03125 0.065625
0 0.2421875 0.3375 0.028125 0.059375
0 0.26328125 0.61640625 0.015625 0.05625
0 0.19921875 0.303125 0.025 0.103125
0 0.29296875 0.0484375 0.0359375 0.090625
0 0.16015625 0.3546875 0.021875 0.046875
0 0.1625 0.5765625 0.025 0.065625
0 0.12421875 0.659375 0.028125 0.0765625
0 0.1375 0.75703125 0.0265625 0.0890625
0 0.0890625 0.690625 0.0171875 0.084375
0 0.08359375 0.72109375 0.021875 0.065625
0 0.10703125 0.1078125 0.034375 0.078125
0 0.12109375 0.3078125 0.0296875 0.0640625
0 0.07109375 0.01953125 0.025 0.0390625
0 0.03515625 0.1234375 0.034375 0.0734375
0 0.3203125 0.40234375 0.015625 0.0578125
0 0.33515625 0.4734375 0.028125 0.05
0 0.29375 0.6015625 0.0203125 0.0625
0 0.28984375 0.50078125 0.021875 0.075
0 0.3359375 0.70625 0.0265625 0.0546875
0 0.34296875 0.86953125 0.015625 0.034375
0 0.36328125 0.86328125 0.0171875 0.046875
0 0.39296875 0.88125 0.0203125 0.04375
0 0.375 0.59453125 0.0234375 0.0546875
0 0.41171875 0.5 0.03125 0.05625
0 0.43359375 0.28125 0.0203125 0.05
0 0.45859375 0.140625 0.01875 0.06875
0 0.5140625 0.84140625 0.034375 0.084375
0 0.53671875 0.47421875 0.021875 0.0625
0 0.4984375 0.5421875 0.01875 0.0578125
0 0.6265625 0.58046875 0.03125 0.046875
0 0.65703125 0.3453125 0.025 0.078125
0 0.7 0.63828125 0.021875 0.0671875
0 0.78984375 0.28203125 0.0359375 0.065625
0 0.759375 0.26796875 0.01875 0.0671875
0 0.75390625 0.753125 0.015625 0.078125
0 0.559375 0.6578125 0.025 0.0734375
0 0.79453125 0.87421875 0.025 0.0515625
0 0.8515625 0.63359375 0.0328125 0.0875
0 0.82265625 0.2546875 0.0203125 0.0640625
0 0.85546875 0.22578125 0.025 0.0875
0 0.890625 0.09296875 0.0125 0.0578125
0 0.93828125 0.74453125 0.0375 0.05625
0 0.925 0.9578125 0.0359375 0.0484375
0 0.98125 0.23828125 0.0125 0.078125
0 0.9875 0.24296875 0.0125 0.078125
0 0.9859375 0.94765625 0.009375 0.071875
0 0.7796875 0.97421875 0.028125 0.0515625
0 0.48984375 0.90234375 0.028125 0.071875
0 0.4546875 0.95859375 0.025 0.05625