0 0.46875 0.07109375 0.071875 0.0328125
0 0.4375 0.00703125 0.0875 0.0140625
0 0.96015625 0.0265625 0.05 0.025
0 0.81953125 0.0203125 0.065625 0.028125
0 0.1875 0.1671875 0.0765625 0.03125
0 0.30703125 0.23203125 0.0671875 0.0328125
0 0.590625 0.19609375 0.059375 0.025
0 0.415625 0.13828125 0.05625 0.01875
0 0.60859375 0.14609375 0.05 0.025
0 0.89140625 0.15234375 0.06875 0.0203125
0 0.91328125 0.22265625 0.0625 0.028125
0 0.70234375 0.14375 0.059375 0.021875
0 0.9796875 0.128125 0.040625 0.0203125
0 0.3546875 0.12890625 0.0703125 0.01875
0 0.05859375 0.28515625 0.084375 0.021875
0 0.11953125 0.296875 0.06875 0.025
0 0.32421875 0.34375 0.0578125 0.034375
0 0.6078125 0.465625 0.04375 0.046875
0 0.68359375 0.4953125 0.046875 0.028125
0 0.10703125 0.61328125 0.046875 0.03125
0 0.1578125 0.58046875 0.05625 0.0234375
0 0.56875 0.5921875 0.0578125 0.028125
0 0.84609375 0.459375 0.08125 0.025
0 0.6234375 0.4140625 0.040625 0.0265625
0 0.7453125 0.378125 0.053125 0.021875
0 0.51796875 0.62421875 0.059375 0.028125
0 0.55078125 0.69453125 0.059375 0.0296875
0 0.29375 0.7265625 0.0328125 0.028125
0 0.35078125 0.74453125 0.0515625 0.0375
0 0.79921875 0.78203125 0.0421875 0.028125
0 0.44375 0.840625 0.065625 0.025
0 0.490625 0.80546875 0.065625 0.0171875
0 0.55859375 0.790625 0.059375 0.028125
0 0.68203125 0.90078125 0.0625 0.025
0 0.34765625 0.91484375 0.065625 0.025
0 0.41796875 0.934375 0.06875 0.01875
0 0.06015625 0.86171875 0.05625 0.0234375
0 0.57265625 0.85390625 0.065625 0.0171875
0 0.42734375 0.88125 0.06875 0.0234375
0 0.8859375 0.85703125 0.053125 0.025
0 0.81796875 0.66796875 0.053125 0.0203125
0 0.84765625 0.65625 0.0453125 0.01875
0 0.4203125 0.50703125 0.0375 0.028125
0 0.1 0.12109375 0.0625 0.0203125
0 0.0203125 0.2515625 0.040625 0.0234375
0 0.88359375 0.028125 0.0625 0.0234375