0 0.92265625 0.42890625 0.025 0.06875
0 0.93515625 0.43046875 0.0234375 0.065625
0 0.88125 0.15859375 0.01875 0.084375
0 0.8484375 0.4390625 0.0234375 0.0828125
0 0.85390625 0.065625 0.021875 0.06875
0 0.8484375 0.153125 0.0234375 0.05625
0 0.8625 0.67421875 0.015625 0.0625
0 0.87265625 0.696875 0.021875 0.0546875
0 0.74609375 0.4734375 0.025 0.05625
0 0.72734375 0.2109375 0.0375 0.046875
0 0.72578125 0.79375 0.01875 0.05625
0 0.8328125 0.71328125 0.015625 0.05
0 0.7953125 0.91171875 0.0171875 0.059375
0 0.77109375 0.69140625 0.025 0.0375
0 0.78359375 0.72734375 0.0203125 0.0265625
0 0.7546875 0.97109375 0.025 0.04375
0 0.68515625 0.9546875 0.025 0.04375
0 0.52421875 0.065625 0.0265625 0.0421875
0 0.5015625 0.253125 0.01875 0.053125
0 0.503125 0.41171875 0.025 0.065625
0 0.4296875 0.6234375 0.03125 0.059375
0 0.39609375 0.3625 0.03125 0.04375
0 0.42421875 0.115625 0.028125 0.053125
0 0.33359375 0.075 0.034375 0.04375
0 0.35078125 0.60859375 0.01875 0.059375
0 0.4453125 0.6921875 0.034375 0.0546875
0 0.40546875 0.7515625 0.01875 0.05
0 0.4078125 0.828125 0.021875 0.053125
0 0.49921875 0.77890625 0.0203125 0.046875
0 0.36171875 0.82265625 0.025 0.04375
0 0.23359375 0.278125 0.028125 0.04375
0 0.2296875 0.58515625 0.0203125 0.04375
0 0.28359375 0.975 0.0328125 0.05
0 0.1984375 0.1359375 0.0203125 0.0703125
0 0.16171875 0.478125 0.01875 0.05625
0 0.0671875 0.29765625 0.028125 0.059375
0 0.0375 0.2109375 0.03125 0.0625
0 0.07265625 0.13828125 0.021875 0.05625
0 0.04296875 0.36484375 0.0265625 0.075
0 0.0484375 0.50859375 0.021875 0.0625