0 0.9296875 0.534375 0.0203125 0.046875
0 0.85390625 0.6578125 0.040625 0.0703125
0 0.8984375 0.70234375 0.025 0.04375
0 0.878125 0.48125 0.0265625 0.046875
0 0.865625 0.5484375 0.025 0.084375
0 0.83515625 0.6109375 0.0296875 0.040625
0 0.85859375 0.421875 0.025 0.084375
0 0.8609375 0.246875 0.03125 0.121875
0 0.77890625 0.296875 0.0375 0.14375
0 0.74609375 0.38359375 0.0546875 0.103125
0 0.73984375 0.5328125 0.0421875 0.0625
0 0.70390625 0.82421875 0.05 0.0890625
0 0.553125 0.48515625 0.03125 0.05
0 0.52265625 0.3671875 0.025 0.071875
0 0.3828125 0.2453125 0.046875 0.05625
0 0.3703125 0.309375 0.03125 0.05
0 0.3203125 0.33203125 0.025 0.0359375
0 0.28125 0.27734375 0.025 0.084375
0 0.246875 0.60703125 0.046875 0.078125
0 0.31484375 0.7296875 0.0390625 0.115625
0 0.44765625 0.74609375 0.028125 0.04375
0 0.13671875 0.53828125 0.034375 0.078125
0 0.15 0.63359375 0.028125 0.0375
0 0.196875 0.5125 0.0390625 0.0515625
0 0.15390625 0.35546875 0.0203125 0.053125
0 0.14609375 0.1078125 0.01875 0.0625
0 0.2015625 0.225 0.034375 0.065625
0 0.38046875 0.94453125 0.03125 0.0390625
0 0.58046875 0.78359375 0.025 0.06875
0 0.68828125 0.60234375 0.034375 0.0703125
0 0.934375 0.44375 0.03125 0.065625
0 0.8546875 0.80625 0.021875 0.034375