0 0.94765625 0.421875 0.021875 0.071875
0 0.94140625 0.6734375 0.015625 0.071875
0 0.97890625 0.6734375 0.015625 0.053125
0 0.9078125 0.1265625 0.0234375 0.046875
0 0.8734375 0.53671875 0.021875 0.0453125
0 0.9015625 0.84921875 0.021875 0.0484375
0 0.9203125 0.96484375 0.0234375 0.06875
0 0.86484375 0.77109375 0.025 0.0515625
0 0.7984375 0.290625 0.025 0.09375
0 0.79765625 0.18046875 0.034375 0.0390625
0 0.74765625 0.140625 0.01875 0.0640625
0 0.740625 0.365625 0.0265625 0.0828125
0 0.6859375 0.64609375 0.04375 0.078125
0 0.69609375 0.56015625 0.0265625 0.0625
0 0.7203125 0.88203125 0.021875 0.0765625
0 0.709375 0.98046875 0.025 0.0390625
0 0.815625 0.5703125 0.040625 0.0625
0 0.64609375 0.34609375 0.025 0.084375
0 0.66796875 0.053125 0.034375 0.078125
0 0.56796875 0.34921875 0.03125 0.0546875
0 0.52109375 0.60546875 0.01875 0.059375
0 0.47890625 0.778125 0.028125 0.071875
0 0.3953125 0.8890625 0.028125 0.0703125
0 0.42734375 0.8 0.01875 0.059375
0 0.4234375 0.396875 0.0328125 0.08125
0 0.45859375 0.10625 0.015625 0.0890625
0 0.3796875 0.3421875 0.0125 0.0328125
0 0.309375 0.3390625 0.0296875 0.046875
0 0.3 0.06484375 0.0265625 0.075
0 0.265625 0.83515625 0.021875 0.0515625
0 0.246875 0.9359375 0.015625 0.06875
0 0.25234375 0.71171875 0.0265625 0.0375
0 0.21484375 0.7125 0.034375 0.053125
0 0.2171875 0.46640625 0.021875 0.04375
0 0.25078125 0.321875 0.01875 0.0703125
0 0.16015625 0.35546875 0.021875 0.034375
0 0.196875 0.2171875 0.025 0.05625
0 0.12265625 0.1390625 0.028125 0.0625
0 0.0640625 0.4375 0.028125 0.059375
0 0.12421875 0.66953125 0.0265625 0.0609375
0 0.096875 0.6203125 0.021875 0.034375
0 0.15 0.6609375 0.021875 0.071875
0 0.17578125 0.76640625 0.0171875 0.05
0 0.14765625 0.60234375 0.0171875 0.0640625
0 0.16171875 0.59375 0.01875 0.053125
0 0.0609375 0.18125 0.0265625 0.04375
0 0.0453125 0.09140625 0.0390625 0.075
0 0.3265625 0.7421875 0.03125 0.05625
0 0.33125 0.4875 0.025 0.0390625
0 0.84140625 0.03828125 0.01875 0.05