0 0.046875 0.02265625 0.05234375 0.0234375
0 0.2234375 0.021875 0.06796875 0.02109375
0 0.45234375 0.06953125 0.034375 0.03046875
0 0.10234375 0.1140625 0.06328125 0.02421875
0 0.18203125 0.14140625 0.03203125 0.0296875
0 0.12421875 0.14609375 0.05 0.01328125
0 0.45625 0.17734375 0.05703125 0.0203125
0 0.64765625 0.159375 0.07734375 0.01640625
0 0.70078125 0.1359375 0.0140625 0.0171875
0 0.77890625 0.14921875 0.0546875 0.01640625
0 0.653125 0.1171875 0.05234375 0.021875
0 0.83515625 0.125 0.03671875 0.034375
0 0.7203125 0.05390625 0.03828125 0.034375
0 0.5015625 0.23125 0.046875 0.02890625
0 0.3359375 0.3734375 0.0515625 0.028125
0 0.0234375 0.32734375 0.046875 0.0234375
0 0.03359375 0.42265625 0.0671875 0.0265625
0 0.22109375 0.5453125 0.04765625 0.0359375
0 0.0421875 0.5203125 0.04375 0.0359375
0 0.115625 0.56328125 0.0484375 0.01796875
0 0.26171875 0.50390625 0.05078125 0.025
0 0.35859375 0.5421875 0.06640625 0.03203125
0 0.515625 0.6234375 0.07109375 0.0234375
0 0.50234375 0.61484375 0.0421875 0.025
0 0.0875 0.71875 0.0671875 0.01875
0 0.05390625 0.77109375 0.03984375 0.01796875
0 0.125 0.8015625 0.05703125 0.0296875
0 0.2234375 0.7578125 0.06328125 0.02109375
0 0.2234375 0.78125 0.05078125 0.0171875
0 0.42890625 0.75625 0.0578125 0.025
0 0.79453125 0.4015625 0.0546875 0.02890625
0 0.77890625 0.5046875 0.06328125 0.02421875
0 0.6390625 0.21171875 0.06328125 0.01796875
0 0.92578125 0.675 0.03515625 0.0265625
0 0.8484375 0.678125 0.06640625 0.03828125
0 0.81171875 0.86171875 0.0515625 0.01875
0 0.53984375 0.87578125 0.084375 0.02421875
0 0.3765625 0.925 0.08203125 0.0140625
0 0.4640625 0.96015625 0.06640625 0.02265625
0 0.03984375 0.94765625 0.0796875 0.028125
0 0.221875 0.828125 0.05234375 0.01875
0 0.43203125 0.81484375 0.0640625 0.0203125
0 0.725 0.815625 0.059375 0.02421875
0 0.528125 0.81875 0.06171875 0.01328125
0 0.546875 0.840625 0.0609375 0.0234375