0 0.02578125 0.0484375 0.05078125 0.0234375
0 0.48671875 0.00546875 0.08203125 0.0109375
0 0.39453125 0.071875 0.078125 0.0296875
0 0.79921875 0.0109375 0.06015625 0.021875
0 0.94296875 0.0296875 0.040625 0.0203125
0 0.984375 0.02578125 0.03125 0.0359375
0 0.815625 0.06484375 0.040625 0.02734375
0 0.625 0.15 0.06875 0.01796875
0 0.74609375 0.13046875 0.05859375 0.0140625
0 0.9546875 0.12421875 0.05859375 0.02890625
0 0.4140625 0.13515625 0.07421875 0.02890625
0 0.28515625 0.1765625 0.06875 0.0234375
0 0.48828125 0.153125 0.05859375 0.021875
0 0.63671875 0.19609375 0.06484375 0.0296875
0 0.96875 0.24140625 0.0484375 0.02421875
0 0.31015625 0.22734375 0.0625 0.028125
0 0.08203125 0.275 0.07265625 0.01953125
0 0.34453125 0.35234375 0.075 0.03515625
0 0.73984375 0.38046875 0.071875 0.01953125
0 0.41328125 0.5015625 0.05 0.021875
0 0.840625 0.45859375 0.06171875 0.01875
0 0.95546875 0.453125 0.07265625 0.0203125
0 0.59765625 0.4375 0.04765625 0.02734375
0 0.5359375 0.6203125 0.05234375 0.02109375
0 0.11640625 0.57109375 0.053125 0.021875
0 0.1 0.61875 0.040625 0.03203125
0 0.0265625 0.6046875 0.053125 0.02109375
0 0.53671875 0.70078125 0.046875 0.02265625
0 0.29140625 0.71484375 0.02734375 0.02421875
0 0.3625 0.73828125 0.05625 0.01796875
0 0.4671875 0.753125 0.03984375 0.02734375
0 0.534375 0.76484375 0.03671875 0.02578125
0 0.69296875 0.78203125 0.046875 0.02421875
0 0.371875 0.909375 0.0640625 0.01796875
0 0.7203125 0.9015625 0.05546875 0.015625
0 0.465625 0.8453125 0.059375 0.01640625
0 0.53203125 0.84296875 0.0609375 0.015625
0 0.815625 0.78125 0.04453125 0.02109375
0 0.86171875 0.8671875 0.03046875 0.025
0 0.1109375 0.87421875 0.05625 0.01953125
0 0.18359375 0.8125 0.05625 0.015625
0 0.58125 0.5875 0.075 0.0203125
0 0.93203125 0.659375 0.05078125 0.02109375
0 0.51484375 0.8078125 0.04453125 0.01875
0 0.58828125 0.81015625 0.0515625 0.0140625