2 0.90078125 0.3796875 0.01875 0.0640625
2 0.940625 0.1578125 0.028125 0.04375
2 0.90390625 0.2015625 0.01875 0.0515625
2 0.8796875 0.05546875 0.028125 0.040625
2 0.815625 0.0625 0.0203125 0.05
2 0.67578125 0.1875 0.03125 0.0265625
2 0.63828125 0.20390625 0.0296875 0.025
2 0.77734375 0.16953125 0.028125 0.046875
2 0.82265625 0.2171875 0.028125 0.0328125
2 0.83828125 0.28984375 0.0171875 0.0375
2 0.76171875 0.01640625 0.028125 0.0328125
2 0.4421875 0.0703125 0.028125 0.053125
2 0.37109375 0.71875 0.01875 0.053125
2 0.53046875 0.6828125 0.0265625 0.0546875
2 0.3703125 0.07265625 0.0265625 0.046875
2 0.23203125 0.5328125 0.0140625 0.0375
2 0.28359375 0.7453125 0.025 0.0640625
2 0.27265625 0.80625 0.034375 0.0296875
2 0.1921875 0.41796875 0.015625 0.053125
2 0.17421875 0.615625 0.015625 0.05
2 0.140625 0.77265625 0.015625 0.053125
2 0.14921875 0.771875 0.0140625 0.06875
2 0.1609375 0.89140625 0.0125 0.0515625
2 0.1359375 0.42734375 0.0171875 0.0703125
2 0.75703125 0.31328125 0.01875 0.0640625
2 0.91171875 0.87890625 0.021875 0.05
2 0.1328125 0.98984375 0.028125 0.0203125