0 0.08515625 0.01328125 0.0609375 0.0265625
0 0.14765625 0.01484375 0.08984375 0.02265625
0 0.26640625 0.084375 0.0703125 0.01875
0 0.36484375 0.07734375 0.0703125 0.0234375
0 0.47578125 0.06328125 0.08046875 0.02734375
0 0.290625 0.1375 0.059375 0.025
0 0.465625 0.16015625 0.08828125 0.01875
0 0.45703125 0.16484375 0.05625 0.02109375
0 0.39921875 0.215625 0.04765625 0.02578125
0 0.51796875 0.2109375 0.06796875 0.0234375
0 0.35 0.2546875 0.07421875 0.025
0 0.3875 0.28359375 0.05078125 0.01953125
0 0.73671875 0.21953125 0.040625 0.0203125
0 0.628125 0.22421875 0.05859375 0.015625
0 0.6546875 0.25625 0.04921875 0.0171875
0 0.9328125 0.19921875 0.0421875 0.0265625
0 0.74765625 0.30390625 0.02421875 0.0234375
0 0.8734375 0.37578125 0.046875 0.015625
0 0.54140625 0.3765625 0.05234375 0.021875
0 0.34765625 0.446875 0.06328125 0.0234375
0 0.69765625 0.5625 0.071875 0.02734375
0 0.2 0.58515625 0.05390625 0.0234375
0 0.82890625 0.47109375 0.040625 0.03359375
0 0.03671875 0.609375 0.0625 0.0203125
0 0.26640625 0.77890625 0.059375 0.0203125
0 0.28671875 0.7625 0.04140625 0.01875
0 0.03984375 0.71796875 0.04375 0.03125
0 0.1015625 0.69296875 0.075 0.0171875
0 0.43515625 0.8078125 0.05703125 0.028125
0 0.49609375 0.84296875 0.05546875 0.0234375
0 0.30859375 0.8390625 0.04453125 0.0203125
0 0.2046875 0.80703125 0.05546875 0.02109375
0 0.76171875 0.896875 0.06171875 0.02109375
0 0.23203125 0.9546875 0.06328125 0.021875
0 0.2421875 0.91875 0.0453125 0.02890625
0 0.6953125 0.86171875 0.05234375 0.025