2 0.90703125 0.8171875 0.04140625 0.01796875
2 0.71484375 0.71328125 0.0390625 0.02265625
2 0.63359375 0.7875 0.0375 0.01796875
2 0.51015625 0.73515625 0.04375 0.0171875
2 0.471875 0.82421875 0.0390625 0.0140625
2 0.3453125 0.8125 0.05390625 0.01796875
2 0.43671875 0.8453125 0.0484375 0.01875
2 0.59140625 0.85703125 0.04765625 0.0203125
2 0.73359375 0.74921875 0.02890625 0.0171875
2 0.59453125 0.6734375 0.02890625 0.02109375
2 0.5953125 0.69296875 0.0484375 0.0171875
2 0.20546875 0.65859375 0.06015625 0.01796875
2 0.134375 0.79453125 0.03359375 0.0296875
2 0.10703125 0.8171875 0.05234375 0.0234375
2 0.48046875 0.690625 0.05859375 0.02890625
2 0.43203125 0.51171875 0.04453125 0.02734375
2 0.30703125 0.5625 0.0421875 0.02734375
2 0.1578125 0.525 0.053125 0.0296875
2 0.12734375 0.51015625 0.07421875 0.0296875
2 0.5046875 0.43203125 0.06171875 0.021875
2 0.48046875 0.40625 0.04140625 0.02421875
2 0.3984375 0.32109375 0.071875 0.0328125
2 0.53671875 0.2765625 0.0953125 0.0265625
2 0.5921875 0.2953125 0.078125 0.03984375
2 0.08359375 0.4015625 0.0375 0.02109375
2 0.05859375 0.33359375 0.071875 0.0203125
2 0.034375 0.25546875 0.03125 0.021875
2 0.06796875 0.178125 0.03984375 0.02578125
2 0.3453125 0.146875 0.06328125 0.015625
2 0.3984375 0.16796875 0.02734375 0.0265625
2 0.53828125 0.1265625 0.08125 0.0171875
2 0.6421875 0.125 0.0234375 0.02890625
2 0.7765625 0.19453125 0.03046875 0.01875
2 0.75625 0.10703125 0.05625 0.02578125
2 0.84296875 0.1859375 0.03046875 0.01796875
2 0.43515625 0.11171875 0.07734375 0.01875