2 0.3953125 0.5375 0.06328125 0.0203125
2 0.16328125 0.4703125 0.0453125 0.03125
2 0.09609375 0.4328125 0.04609375 0.0328125
2 0.07578125 0.54921875 0.03828125 0.03203125
2 0.37578125 0.6421875 0.0453125 0.02734375
2 0.4078125 0.61015625 0.0578125 0.03671875
2 0.15390625 0.60078125 0.05078125 0.0234375
2 0.18125 0.6671875 0.0515625 0.02109375
2 0.29375 0.79140625 0.04609375 0.02109375
2 0.31484375 0.775 0.03359375 0.02734375
2 0.38828125 0.79453125 0.0515625 0.02109375
2 0.31875 0.7484375 0.0421875 0.0234375
2 0.28203125 0.85 0.02734375 0.02421875
2 0.14296875 0.82578125 0.03203125 0.021875
2 0.11953125 0.7609375 0.03125 0.025
2 0.6609375 0.80546875 0.053125 0.02421875
2 0.75703125 0.8375 0.05078125 0.028125
2 0.74296875 0.80625 0.04921875 0.01796875
2 0.60078125 0.75234375 0.0609375 0.02421875
2 0.725 0.7453125 0.06796875 0.0265625
2 0.8765625 0.7984375 0.0609375 0.01796875
2 0.9546875 0.8359375 0.05234375 0.0203125
2 0.89375 0.78203125 0.06328125 0.01796875
2 0.96484375 0.746875 0.04296875 0.0359375
2 0.95 0.81796875 0.04609375 0.01484375
2 0.6453125 0.87890625 0.06953125 0.0171875
2 0.44609375 0.528125 0.059375 0.02109375
2 0.7 0.35390625 0.0640625 0.01875
2 0.9203125 0.35078125 0.065625 0.02734375
2 0.71796875 0.275 0.06484375 0.02734375
2 0.9140625 0.08359375 0.0765625 0.021875
2 0.74140625 0.15625 0.06953125 0.015625
2 0.74140625 0.1328125 0.0515625 0.01875
2 0.521875 0.1171875 0.0578125 0.0171875
2 0.4953125 0.10703125 0.065625 0.01640625
2 0.55390625 0.14453125 0.0515625 0.0203125
2 0.609375 0.13671875 0.0375 0.01875
2 0.415625 0.24765625 0.0609375 0.02265625
2 0.2796875 0.28203125 0.0515625 0.01640625
2 0.28125 0.2578125 0.0453125 0.01640625
2 0.10390625 0.28828125 0.0453125 0.01875
2 0.0453125 0.215625 0.0328125 0.03046875
2 0.07265625 0.20625 0.034375 0.028125
2 0.18671875 0.24296875 0.0421875 0.015625
2 0.21484375 0.26484375 0.04453125 0.01796875
2 0.171875 0.35 0.03046875 0.025
2 0.090625 0.17734375 0.04921875 0.021875
2 0.096875 0.1546875 0.0421875 0.0234375
2 0.08671875 0.12890625 0.065625 0.02265625
2 0.35859375 0.0984375 0.06484375 0.01171875
2 0.38359375 0.10859375 0.0421875 0.01484375
2 0.3859375 0.1015625 0.05859375 0.01328125
2 0.11640625 0.1125 0.05703125 0.01484375
2 0.20546875 0.12578125 0.065625 0.009375
2 0.20546875 0.10703125 0.04140625 0.015625
2 0.24453125 0.184375 0.0703125 0.01328125
2 0.153125 0.18828125 0.04140625 0.01640625
2 0.4125 0.2171875 0.059375 0.025