0 0.421875 0.03671875 0.08125 0.0171875
0 0.1640625 0.04921875 0.0359375 0.025
0 0.11953125 0.0921875 0.046875 0.0203125
0 0.096875 0.11484375 0.046875 0.021875
0 0.2125 0.128125 0.040625 0.025
0 0.30625 0.159375 0.046875 0.01875
0 0.29296875 0.215625 0.040625 0.025
0 0.440625 0.1625 0.0625 0.03125
0 0.48046875 0.13828125 0.06875 0.0203125
0 0.5703125 0.19609375 0.05625 0.021875
0 0.69453125 0.2203125 0.053125 0.028125
0 0.89296875 0.26328125 0.0734375 0.03125
0 0.9 0.13203125 0.0515625 0.034375
0 0.85 0.0609375 0.0625 0.034375
0 0.9421875 0.034375 0.05 0.03125
0 0.71328125 0.0890625 0.046875 0.034375
0 0.22734375 0.378125 0.075 0.0375
0 0.41796875 0.35 0.053125 0.0265625
0 0.671875 0.35390625 0.0625 0.025
0 0.5484375 0.503125 0.05625 0.025
0 0.42421875 0.578125 0.05625 0.0296875
0 0.44140625 0.61484375 0.046875 0.0203125
0 0.3765625 0.46015625 0.0546875 0.025
0 0.153125 0.46328125 0.04375 0.0265625
0 0.384375 0.41015625 0.04375 0.021875
0 0.9234375 0.56015625 0.0703125 0.025
0 0.97890625 0.76328125 0.0421875 0.028125
0 0.77734375 0.8046875 0.05625 0.028125
0 0.475 0.85078125 0.046875 0.0234375
0 0.5390625 0.83046875 0.053125 0.01875
0 0.2140625 0.89296875 0.05 0.025
0 0.15234375 0.77109375 0.0625 0.0328125
0 0.18203125 0.69453125 0.0703125 0.034375
0 0.3234375 0.76640625 0.065625 0.03125
0 0.59921875 0.90625 0.08125 0.0234375
0 0.19140625 0.86875 0.0765625 0.0296875
0 0.48984375 0.71015625 0.0609375 0.028125
0 0.6703125 0.6421875 0.053125 0.03125
0 0.6484375 0.728125 0.040625 0.025
0 0.67578125 0.7046875 0.046875 0.0234375
0 0.49140625 0.78984375 0.0484375 0.021875
0 0.46171875 0.8234375 0.0484375 0.021875