0 0.94765625 0.578125 0.021875 0.0734375
0 0.94140625 0.3265625 0.015625 0.071875
0 0.97890625 0.3265625 0.015625 0.053125
0 0.9140625 0.825 0.0234375 0.046875
0 0.8734375 0.46328125 0.021875 0.0453125
0 0.9015625 0.15078125 0.021875 0.0484375
0 0.9203125 0.0609375 0.0234375 0.06875
0 0.87265625 0.2328125 0.025 0.05
0 0.7984375 0.709375 0.025 0.09375
0 0.79765625 0.81953125 0.034375 0.0390625
0 0.76484375 0.81328125 0.01875 0.0640625
0 0.728125 0.62421875 0.0265625 0.0828125
0 0.6859375 0.35390625 0.04375 0.078125
0 0.69609375 0.43984375 0.0265625 0.0625
0 0.7203125 0.11796875 0.021875 0.078125
0 0.709375 0.01953125 0.025 0.0390625
0 0.8359375 0.39453125 0.040625 0.0625
0 0.64609375 0.65390625 0.025 0.084375
0 0.68515625 0.959375 0.034375 0.078125
0 0.56796875 0.65078125 0.03125 0.0546875
0 0.52109375 0.39453125 0.01875 0.059375
0 0.46953125 0.2640625 0.028125 0.071875
0 0.38046875 0.053125 0.028125 0.0703125
0 0.43828125 0.15859375 0.01875 0.059375
0 0.4234375 0.603125 0.0328125 0.08125
0 0.45859375 0.89375 0.015625 0.0890625
0 0.3796875 0.6578125 0.0125 0.0328125
0 0.32421875 0.69375 0.0296875 0.046875
0 0.3 0.93515625 0.0265625 0.0765625
0 0.265625 0.16484375 0.021875 0.0515625
0 0.246875 0.0640625 0.015625 0.06875
0 0.25234375 0.28828125 0.0265625 0.0375
0 0.19453125 0.1859375 0.034375 0.053125
0 0.22265625 0.53515625 0.021875 0.04375
0 0.25078125 0.678125 0.01875 0.0703125
0 0.16015625 0.64453125 0.021875 0.034375
0 0.21484375 0.71484375 0.025 0.05625
0 0.12421875 0.92421875 0.028125 0.0625
0 0.0640625 0.5625 0.028125 0.059375
0 0.12421875 0.33046875 0.0265625 0.059375
0 0.096875 0.3796875 0.021875 0.034375
0 0.165625 0.321875 0.021875 0.071875
0 0.1578125 0.13671875 0.0171875 0.05
0 0.14765625 0.39765625 0.0171875 0.0640625
0 0.16171875 0.40625 0.01875 0.053125
0 0.0609375 0.81875 0.0265625 0.04375
0 0.0453125 0.90859375 0.0390625 0.075
0 0.40859375 0.0875 0.03125 0.05625
0 0.33828125 0.6296875 0.025 0.0390625
0 0.8390625 0.9109375 0.01875 0.05
0 0.9078125 0.21328125 0.025 0.0609375
0 0.95234375 0.51875 0.0234375 0.040625
0 0.98046875 0.52265625 0.0171875 0.0609375