0 0.60859375 0.05859375 0.05234375 0.01796875
0 0.40625 0.21171875 0.04140625 0.0171875
0 0.38828125 0.34453125 0.0515625 0.02578125
0 0.38125 0.3015625 0.06328125 0.025
0 0.3328125 0.134375 0.05859375 0.02421875
0 0.05078125 0.165625 0.075 0.0234375
0 0.67265625 0.5 0.05390625 0.03359375
0 0.19453125 0.8828125 0.05234375 0.0328125
0 0.05390625 0.87265625 0.06171875 0.01875
0 0.21953125 0.74453125 0.05234375 0.02109375
0 0.05703125 0.83125 0.05625 0.03125
0 0.64296875 0.7 0.0484375 0.0296875
0 0.59921875 0.12890625 0.090625 0.0265625
0 0.71484375 0.85703125 0.075 0.02109375
0 0.06953125 0.33984375 0.03359375 0.02578125
0 0.57578125 0.73046875 0.04375 0.0328125
0 0.3515625 0.8734375 0.05390625 0.02421875
0 0.51796875 0.0953125 0.0609375 0.01796875
0 0.27421875 0.67734375 0.0515625 0.03125
0 0.14765625 0.15234375 0.07421875 0.025
0 0.6453125 0.9046875 0.06015625 0.0265625
0 0.57265625 0.68125 0.0453125 0.028125
0 0.08203125 0.4171875 0.04375 0.02421875
0 0.83125 0.259375 0.04140625 0.01953125
0 0.93359375 0.23671875 0.05625 0.02109375
0 0.27109375 0.390625 0.053125 0.0265625
0 0.56796875 0.0109375 0.06640625 0.021875
0 0.05546875 0.05703125 0.0421875 0.0234375
0 0.740625 0.6765625 0.0625 0.025
0 0.5953125 0.8515625 0.05546875 0.0171875
0 0.18125 0.0625 0.0625 0.0203125
0 0.02265625 0.346875 0.0453125 0.025
0 0.275 0.33046875 0.05 0.021875
0 0.53125 0.5765625 0.05078125 0.01875
0 0.075 0.559375 0.06328125 0.01640625
0 0.54765625 0.40234375 0.0640625 0.02109375
0 0.2375 0.68046875 0.0609375 0.03046875
0 0.36328125 0.6515625 0.06328125 0.02734375