0 0.91015625 0.4359375 0.03125 0.03125
0 0.9234375 0.71484375 0.0375 0.04375
0 0.9390625 0.83984375 0.0484375 0.05
0 0.95390625 0.5 0.021875 0.0515625
0 0.890625 0.0953125 0.025 0.065625
0 0.825 0.15390625 0.01875 0.053125
0 0.82265625 0.2078125 0.021875 0.0125
0 0.86015625 0.125 0.021875 0.034375
0 0.86015625 0.18046875 0.01875 0.046875
0 0.73671875 0.0546875 0.0171875 0.053125
0 0.6109375 0.284375 0.03125 0.059375
0 0.6234375 0.325 0.0296875 0.0375
0 0.7703125 0.51015625 0.03125 0.0546875
0 0.66953125 0.84296875 0.0375 0.06875
0 0.61015625 0.83515625 0.03125 0.046875
0 0.55546875 0.2328125 0.0375 0.0671875
0 0.503125 0.28359375 0.025 0.05625
0 0.4421875 0.484375 0.03125 0.0578125
0 0.425 0.3375 0.0296875 0.040625
0 0.271875 0.82578125 0.0328125 0.05
0 0.3171875 0.91328125 0.025 0.0921875
0 0.34140625 0.34765625 0.028125 0.1
0 0.375 0.32578125 0.0234375 0.0875
0 0.3140625 0.15 0.0265625 0.1
0 0.28828125 0.34453125 0.028125 0.0625
0 0.14296875 0.034375 0.0359375 0.06875
0 0.20390625 0.2609375 0.025 0.05
0 0.1625 0.40234375 0.0484375 0.075
0 0.22578125 0.4875 0.025 0.065625
0 0.85625 0.29453125 0.028125 0.09375
0 0.8203125 0.76484375 0.0375 0.1015625
0 0.77265625 0.7765625 0.040625 0.0671875
0 0.85859375 0.91640625 0.025 0.06875
0 0.42265625 0.8234375 0.021875 0.0578125
0 0.45625 0.75 0.0265625 0.028125