2 0.89765625 0.88515625 0.028125 0.05
2 0.90078125 0.63203125 0.025 0.046875
2 0.909375 0.2703125 0.028125 0.0625
2 0.95546875 0.08515625 0.025 0.0515625
2 0.9609375 0.02109375 0.028125 0.040625
2 0.88359375 0.2234375 0.01875 0.059375
2 0.9234375 0.1171875 0.0265625 0.046875
2 0.72734375 0.596875 0.025 0.03125
2 0.68984375 0.62890625 0.0109375 0.0265625
2 0.62734375 0.5 0.025 0.0484375
2 0.6203125 0.8484375 0.034375 0.05625
2 0.6984375 0.95703125 0.025 0.0640625
2 0.54296875 0.0265625 0.03125 0.046875
2 0.5 0.05859375 0.025 0.040625
2 0.3703125 0.16875 0.04375 0.0578125
2 0.3734375 0.30078125 0.03125 0.0625
2 0.3078125 0.26484375 0.040625 0.059375
2 0.175 0.54375 0.025 0.046875
2 0.13203125 0.65390625 0.034375 0.05625
2 0.15859375 0.78359375 0.025 0.05
2 0.171875 0.91171875 0.01875 0.040625
2 0.11796875 0.27421875 0.025 0.065625
2 0.128125 0.25546875 0.0234375 0.053125
2 0.46171875 0.80390625 0.028125 0.075
2 0.57734375 0.79140625 0.028125 0.046875
2 0.43125 0.0921875 0.01875 0.034375
2 0.48515625 0.10078125 0.01875 0.0515625