0 0.61015625 0.13515625 0.06796875 0.01953125
0 0.57421875 0.0625 0.05234375 0.01796875
0 0.37890625 0.29921875 0.04140625 0.0171875
0 0.378125 0.34296875 0.0515625 0.02578125
0 0.03125 0.346875 0.0625 0.025
0 0.03359375 0.0609375 0.0421875 0.01796875
0 0.40859375 0.20546875 0.05859375 0.02421875
0 0.05078125 0.165625 0.075 0.0234375
0 0.55390625 0.68828125 0.05390625 0.03359375
0 0.0484375 0.86875 0.05234375 0.0328125
0 0.45625 0.8515625 0.05625 0.0234375
0 0.04453125 0.8953125 0.0828125 0.01875
0 0.275 0.6953125 0.05234375 0.02109375
0 0.4234375 0.9046875 0.05390625 0.02421875
0 0.165625 0.834375 0.05625 0.03125
0 0.52578125 0.76484375 0.0484375 0.0296875
0 0.51875 0.1625 0.090625 0.0265625
0 0.64140625 0.853125 0.075 0.02109375
0 0.0171875 0.371875 0.03359375 0.02578125
0 0.58359375 0.72421875 0.04375 0.0328125
0 0.2234375 0.83671875 0.05390625 0.02421875
0 0.48515625 0.090625 0.0609375 0.01796875
0 0.2359375 0.68203125 0.0515625 0.03125
0 0.1625 0.15234375 0.07421875 0.025
0 0.653125 0.8953125 0.06015625 0.0265625
0 0.6546875 0.703125 0.0453125 0.028125
0 0.97578125 0.1703125 0.0484375 0.01640625
0 0.57265625 0.0125 0.04609375 0.025
0 0.88359375 0.553125 0.04296875 0.02890625
0 0.51875 0.58203125 0.08125 0.021875
0 0.8296875 0.26328125 0.04140625 0.01953125
0 0.95546875 0.23828125 0.05625 0.02109375
0 0.546875 0.40625 0.053125 0.0265625
0 0.44765625 0.9734375 0.0546875 0.028125
0 0.5046875 0.0109375 0.06640625 0.021875
0 0.11328125 0.11015625 0.0421875 0.0234375
0 0.321875 0.8046875 0.0625 0.025
0 0.42734375 0.8765625 0.05546875 0.0171875
0 0.2 0.0578125 0.0625 0.0203125
0 0.28515625 0.34296875 0.04609375 0.02421875
0 0.27890625 0.4 0.05 0.021875
0 0.08984375 0.565625 0.0546875 0.02265625
0 0.3 0.64296875 0.06171875 0.01796875
0 0.259375 0.74140625 0.05234375 0.02421875