0 0.33359375 0.04140625 0.0484375 0.01875
0 0.48203125 0.07265625 0.06328125 0.01875
0 0.5125 0.09453125 0.03984375 0.021875
0 0.5046875 0.05546875 0.0609375 0.03203125
0 0.4171875 0.2515625 0.05703125 0.0234375
0 0.48671875 0.21953125 0.06796875 0.02734375
0 0.13203125 0.15859375 0.084375 0.034375
0 0.11875 0.321875 0.0640625 0.021875
0 0.19609375 0.425 0.0546875 0.021875
0 0.15546875 0.1203125 0.07578125 0.0171875
0 0.76328125 0.50703125 0.07109375 0.0328125
0 0.6796875 0.5859375 0.07734375 0.03359375
0 0.36796875 0.55234375 0.07890625 0.0328125
0 0.0359375 0.5125 0.07109375 0.03203125
0 0.37109375 0.77109375 0.05546875 0.02890625
0 0.19609375 0.8078125 0.0796875 0.02421875
0 0.17421875 0.78671875 0.05390625 0.02265625
0 0.33203125 0.81875 0.04296875 0.02109375
0 0.559375 0.32890625 0.06328125 0.0234375
0 0.546875 0.30078125 0.0578125 0.01875
0 0.64140625 0.3109375 0.065625 0.02265625
0 0.90859375 0.103125 0.04609375 0.02109375
0 0.93203125 0.3265625 0.0546875 0.028125
0 0.621875 0.9 0.06171875 0.03125
0 0.64296875 0.8 0.03671875 0.03203125