2 0.115625 0.075 0.0765625 0.01875
2 0.20703125 0.0828125 0.05 0.0328125
2 0.76484375 0.09921875 0.09375 0.015625
2 0.74765625 0.084375 0.0796875 0.01875
2 0.81796875 0.1046875 0.0765625 0.021875
2 0.96171875 0.08828125 0.075 0.025
2 0.86640625 0.1203125 0.071875 0.0171875
2 0.484375 0.10546875 0.078125 0.01875
2 0.4125 0.1046875 0.0625 0.0265625
2 0.13359375 0.1078125 0.04375 0.028125
2 0.85703125 0.1859375 0.0578125 0.0125
2 0.8546875 0.1625 0.065625 0.01875
2 0.58046875 0.21875 0.08125 0.015625
2 0.39296875 0.18359375 0.046875 0.021875
2 0.325 0.15234375 0.0453125 0.025
2 0.18671875 0.2125 0.0390625 0.0328125
2 0.0734375 0.21796875 0.0359375 0.0390625
2 0.809375 0.22265625 0.065625 0.021875
2 0.9484375 0.215625 0.065625 0.025
2 0.421875 0.45 0.05 0.028125
2 0.1390625 0.42578125 0.046875 0.034375
2 0.16640625 0.4390625 0.028125 0.025
2 0.1828125 0.50078125 0.04375 0.03125
2 0.1921875 0.46796875 0.0359375 0.0328125
2 0.2234375 0.44609375 0.046875 0.034375
2 0.6703125 0.475 0.03125 0.03125
2 0.7625 0.46796875 0.05 0.028125
2 0.7578125 0.4328125 0.0625 0.01875
2 0.07890625 0.64140625 0.040625 0.034375
2 0.18125 0.61171875 0.0359375 0.040625
2 0.203125 0.6078125 0.04375 0.040625
2 0.6171875 0.75390625 0.065625 0.021875
2 0.68046875 0.78203125 0.05625 0.028125
2 0.4484375 0.80234375 0.071875 0.021875
2 0.81484375 0.7375 0.0640625 0.021875
2 0.90078125 0.753125 0.0625 0.021875
2 0.08828125 0.803125 0.0625 0.025
2 0.090625 0.76171875 0.0515625 0.028125
2 0.190625 0.85546875 0.0765625 0.028125
2 0.946875 0.7671875 0.053125 0.021875
2 0.4 0.5890625 0.025 0.03125
2 0.12578125 0.646875 0.04375 0.028125
2 0.728125 0.88046875 0.053125 0.0125
2 0.14375 0.83125 0.053125 0.01875