0 0.675 0.9109375 0.09609375 0.02265625
0 0.7171875 0.92421875 0.07734375 0.02109375
0 0.7890625 0.91640625 0.03203125 0.015625
0 0.9109375 0.96796875 0.0734375 0.02578125
0 0.65625 0.8890625 0.03046875 0.0265625
0 0.74453125 0.87890625 0.05859375 0.02421875
0 0.625 0.8546875 0.040625 0.01953125
0 0.32421875 0.88125 0.0921875 0.01953125
0 0.06328125 0.87890625 0.096875 0.02109375
0 0.5390625 0.96953125 0.0921875 0.02578125
0 0.27890625 0.8125 0.0828125 0.03046875
0 0.1875 0.78359375 0.0578125 0.01796875
0 0.16953125 0.81796875 0.06796875 0.0171875
0 0.40234375 0.79765625 0.05390625 0.021875
0 0.26328125 0.7390625 0.07421875 0.03671875
0 0.5796875 0.76640625 0.05703125 0.02890625
0 0.63671875 0.7984375 0.03828125 0.02265625
0 0.72265625 0.828125 0.0609375 0.02109375
0 0.60078125 0.72421875 0.03828125 0.03046875
0 0.48046875 0.7203125 0.0515625 0.02578125
0 0.45078125 0.69140625 0.04765625 0.025
0 0.4046875 0.67421875 0.03984375 0.025
0 0.48828125 0.6578125 0.0546875 0.021875
0 0.103125 0.72421875 0.05546875 0.0390625
0 0.63203125 0.73828125 0.0484375 0.0203125
0 0.70703125 0.665625 0.07734375 0.0234375
0 0.85859375 0.6578125 0.04921875 0.015625
0 0.528125 0.590625 0.06484375 0.0296875
0 0.396875 0.58125 0.065625 0.0265625
0 0.23515625 0.5453125 0.04140625 0.0265625
0 0.13125 0.54140625 0.06640625 0.03203125
0 0.54609375 0.50546875 0.059375 0.03203125
0 0.64296875 0.43984375 0.065625 0.0390625
0 0.8359375 0.4953125 0.046875 0.0328125
0 0.5765625 0.39609375 0.065625 0.03359375
0 0.3515625 0.3484375 0.0609375 0.02578125
0 0.6375 0.3125 0.07734375 0.0359375
0 0.27109375 0.23515625 0.109375 0.03515625
0 0.28671875 0.20625 0.04765625 0.03359375
0 0.20234375 0.18125 0.08671875 0.03515625
0 0.30390625 0.16953125 0.05 0.02421875
0 0.7703125 0.2515625 0.11328125 0.015625
0 0.92265625 0.3125 0.0375 0.01796875
0 0.86171875 0.1875 0.090625 0.034375
0 0.134375 0.11328125 0.05 0.01484375
0 0.7046875 0.146875 0.05625 0.0171875
0 0.8484375 0.1609375 0.03828125 0.02421875
0 0.6796875 0.05703125 0.0625 0.034375
0 0.40859375 0.015625 0.078125 0.03125