0 0.08359375 0.60859375 0.021875 0.0640625
0 0.07421875 0.4109375 0.025 0.0859375
0 0.02421875 0.47890625 0.01875 0.059375
0 0.190625 0.434375 0.025 0.09375
0 0.15 0.21328125 0.028125 0.0625
0 0.25625 0.0484375 0.025 0.0578125
0 0.22734375 0.05546875 0.0265625 0.06875
0 0.27734375 0.3265625 0.0203125 0.09375
0 0.23984375 0.48515625 0.0265625 0.0625
0 0.29296875 0.5140625 0.040625 0.071875
0 0.24453125 0.78046875 0.0375 0.08125
0 0.21484375 0.7859375 0.025 0.0640625
0 0.19140625 0.83203125 0.0421875 0.071875
0 0.365625 0.83203125 0.034375 0.0515625
0 0.48046875 0.825 0.028125 0.08125
0 0.425 0.82578125 0.025 0.078125
0 0.528125 0.7484375 0.025 0.08125
0 0.525 0.68671875 0.0359375 0.065625
0 0.5015625 0.34453125 0.0296875 0.06875
0 0.459375 0.171875 0.025 0.046875
0 0.50546875 0.1171875 0.034375 0.0625
0 0.646875 0.18671875 0.0328125 0.0640625
0 0.58359375 0.5109375 0.0234375 0.05625
0 0.60390625 0.44296875 0.021875 0.0578125
0 0.6796875 0.43203125 0.03125 0.05
0 0.73828125 0.265625 0.028125 0.065625
0 0.78984375 0.39453125 0.0265625 0.046875
0 0.73359375 0.71640625 0.025 0.05625
0 0.7703125 0.73828125 0.0265625 0.046875
0 0.83984375 0.59765625 0.0234375 0.059375
0 0.87421875 0.67578125 0.028125 0.0515625
0 0.859375 0.2640625 0.0390625 0.05
0 0.89609375 0.26953125 0.0234375 0.06875
0 0.9671875 0.44296875 0.0328125 0.078125
0 0.92578125 0.5484375 0.028125 0.065625