2 0.96640625 0.1390625 0.0328125 0.0484375
2 0.89765625 0.5515625 0.01875 0.06875
2 0.8546875 0.6546875 0.0234375 0.059375
2 0.8078125 0.49765625 0.021875 0.0859375
2 0.6953125 0.63359375 0.0171875 0.0453125
2 0.72734375 0.6796875 0.01875 0.04375
2 0.67421875 0.94375 0.028125 0.046875
2 0.846875 0.0296875 0.0375 0.053125
2 0.88046875 0.04921875 0.021875 0.05
2 0.6859375 0.04921875 0.034375 0.0484375
2 0.903125 0.065625 0.021875 0.05625
2 0.625 0.53046875 0.03125 0.0390625
2 0.64140625 0.86953125 0.015625 0.0578125
2 0.4828125 0.196875 0.028125 0.05625
2 0.5 0.04921875 0.0296875 0.04375
2 0.38984375 0.30390625 0.021875 0.0390625
2 0.37109375 0.7953125 0.0375 0.0375
2 0.34453125 0.23046875 0.021875 0.0609375
2 0.33203125 0.075 0.0265625 0.05625
2 0.2796875 0.30859375 0.03125 0.065625
2 0.31015625 0.3234375 0.021875 0.078125
2 0.06484375 0.08125 0.021875 0.0859375
2 0.1296875 0.86875 0.01875 0.0484375
2 0.68515625 0.09140625 0.0265625 0.053125
2 0.3234375 0.1671875 0.0171875 0.04375
2 0.4578125 0.1265625 0.0328125 0.040625
2 0.43203125 0.7546875 0.015625 0.075
2 0.91015625 0.82578125 0.0234375 0.0703125
2 0.83125 0.9265625 0.0234375 0.0875