0 0.89453125 0.5890625 0.034375 0.0671875
0 0.92734375 0.5734375 0.015625 0.075
0 0.93671875 0.88515625 0.0265625 0.0625
0 0.89765625 0.434375 0.0296875 0.0703125
0 0.925 0.39375 0.0234375 0.0875
0 0.88046875 0.91796875 0.0265625 0.05625
0 0.82734375 0.25859375 0.0265625 0.0875
0 0.784375 0.446875 0.01875 0.065625
0 0.790625 0.8 0.0265625 0.0734375
0 0.82109375 0.8171875 0.028125 0.0515625
0 0.83828125 0.94375 0.025 0.05625
0 0.86015625 0.9 0.0265625 0.05625
0 0.7859375 0.3359375 0.01875 0.065625
0 0.803125 0.44921875 0.015625 0.046875
0 0.68671875 0.61015625 0.0375 0.0546875
0 0.84765625 0.5484375 0.0234375 0.06875
0 0.865625 0.6984375 0.0265625 0.0640625
0 0.61328125 0.925 0.028125 0.046875
0 0.5890625 0.7703125 0.025 0.046875
0 0.53671875 0.6765625 0.025 0.05625
0 0.5109375 0.8125 0.0203125 0.053125
0 0.521875 0.9421875 0.0203125 0.0546875
0 0.47421875 0.903125 0.034375 0.0375
0 0.4546875 0.83984375 0.01875 0.05
0 0.7421875 0.09921875 0.025 0.05625
0 0.3921875 0.4046875 0.0375 0.05625
0 0.45625 0.32421875 0.034375 0.0484375
0 0.503125 0.2234375 0.021875 0.04375
0 0.52734375 0.29296875 0.028125 0.06875
0 0.41484375 0.18984375 0.0234375 0.05
0 0.32734375 0.70546875 0.0328125 0.0375
0 0.23046875 0.85625 0.034375 0.0421875
0 0.35078125 0.08125 0.0234375 0.053125
0 0.35703125 0.2265625 0.0296875 0.0546875
0 0.3 0.440625 0.021875 0.06875
0 0.159375 0.971875 0.0375 0.046875
0 0.18671875 0.96015625 0.021875 0.0796875
0 0.0390625 0.86484375 0.028125 0.0484375
0 0.10078125 0.50234375 0.0234375 0.0703125
0 0.08828125 0.34609375 0.021875 0.0625
0 0.1328125 0.40859375 0.0234375 0.03125
0 0.275 0.1421875 0.025 0.05625
0 0.23671875 0.09921875 0.0234375 0.0359375
0 0.0546875 0.43828125 0.0265625 0.0875
0 0.871875 0.97578125 0.0265625 0.0484375
0 0.07578125 0.90625 0.025 0.053125