0 0.59609375 0.015625 0.05859375 0.02578125
0 0.2109375 0.0578125 0.071875 0.02890625
0 0.36328125 0.05859375 0.06328125 0.03203125
0 0.41171875 0.0984375 0.05625 0.01796875
0 0.321875 0.11875 0.04375 0.028125
0 0.24765625 0.13671875 0.059375 0.01640625
0 0.1625 0.14453125 0.05703125 0.01875
0 0.94765625 0.10546875 0.0640625 0.015625
0 0.71328125 0.1328125 0.05703125 0.01796875
0 0.22734375 0.20078125 0.05234375 0.01875
0 0.2640625 0.1859375 0.0515625 0.03203125
0 0.27578125 0.16171875 0.05546875 0.01796875
0 0.315625 0.23125 0.04609375 0.01953125
0 0.79609375 0.26171875 0.04921875 0.021875
0 0.69296875 0.21796875 0.0578125 0.01953125
0 0.871875 0.18828125 0.0515625 0.0234375
0 0.5984375 0.17265625 0.0484375 0.021875
0 0.5328125 0.19140625 0.04375 0.02109375
0 0.55625 0.18046875 0.0640625 0.01875
0 0.3609375 0.35 0.046875 0.0265625
0 0.2703125 0.34375 0.04453125 0.0328125
0 0.0375 0.35078125 0.0375 0.0375
0 0.05390625 0.45546875 0.05546875 0.01875
0 0.01953125 0.50078125 0.0390625 0.0234375
0 0.02734375 0.5875 0.0546875 0.0203125
0 0.58046875 0.56875 0.0625 0.021875
0 0.43828125 0.690625 0.040625 0.03359375
0 0.87421875 0.33203125 0.0359375 0.0265625
0 0.91953125 0.28828125 0.0390625 0.02109375
0 0.84921875 0.14765625 0.0796875 0.01875
0 0.09375 0.04375 0.04921875 0.01640625
0 0.5046875 0.778125 0.05703125 0.021875
0 0.75234375 0.71328125 0.02734375 0.0265625
0 0.86484375 0.73046875 0.04609375 0.01484375
0 0.9375 0.76015625 0.03515625 0.02578125
0 0.06171875 0.74765625 0.02734375 0.0296875
0 0.0296875 0.84765625 0.03359375 0.02890625
0 0.13359375 0.82265625 0.04453125 0.01953125
0 0.15859375 0.81640625 0.075 0.01640625
0 0.46171875 0.82890625 0.0640625 0.01953125
0 0.56171875 0.84375 0.06640625 0.0140625
0 0.6359375 0.85 0.059375 0.01875
0 0.1484375 0.92421875 0.03046875 0.02421875
0 0.14453125 0.89765625 0.03828125 0.0234375
0 0.73984375 0.98046875 0.065625 0.021875
0 0.72109375 0.87734375 0.04140625 0.02109375