0 0.89453125 0.9 0.015625 0.065625
0 0.89140625 0.9828125 0.021875 0.034375
0 0.87890625 0.6484375 0.0140625 0.059375
0 0.84453125 0.91953125 0.015625 0.05
0 0.83125 0.609375 0.01875 0.053125
0 0.8765625 0.39609375 0.015625 0.059375
0 0.865625 0.46796875 0.0203125 0.0625
0 0.953125 0.13984375 0.0203125 0.071875
0 0.88984375 0.12265625 0.015625 0.0625
0 0.821875 0.4484375 0.01875 0.071875
0 0.8421875 0.446875 0.0171875 0.0625
0 0.82421875 0.71171875 0.025 0.06875
0 0.77421875 0.7875 0.015625 0.053125
0 0.7625 0.396875 0.025 0.05625
0 0.73515625 0.45 0.021875 0.05
0 0.671875 0.33671875 0.021875 0.0578125
0 0.86171875 0.1359375 0.015625 0.046875
0 0.53828125 0.71171875 0.021875 0.0390625
0 0.6015625 0.625 0.021875 0.0640625
0 0.496875 0.9515625 0.01875 0.05625
0 0.45078125 0.63984375 0.015625 0.065625
0 0.440625 0.5625 0.01875 0.05
0 0.471875 0.23359375 0.0203125 0.0484375
0 0.58203125 0.021875 0.021875 0.04375
0 0.70078125 0.06328125 0.028125 0.0375
0 0.696875 0.03046875 0.01875 0.04375
0 0.89375 0.74375 0.021875 0.065625
0 0.5203125 0.47890625 0.0203125 0.0421875
0 0.48828125 0.7578125 0.01875 0.0375
0 0.2484375 0.5609375 0.0140625 0.046875
0 0.2296875 0.7625 0.0171875 0.053125
0 0.21015625 0.8421875 0.015625 0.0375
0 0.18359375 0.728125 0.021875 0.059375
0 0.16875 0.57890625 0.0125 0.059375
0 0.2578125 0.5140625 0.03125 0.0359375
0 0.15546875 0.3453125 0.01875 0.059375
0 0.2296875 0.22734375 0.025 0.0375
0 0.09765625 0.4890625 0.0171875 0.06875
0 0.0734375 0.50078125 0.015625 0.06875
0 0.09296875 0.66875 0.021875 0.04375
0 0.11796875 0.77578125 0.0203125 0.0578125
0 0.1125 0.821875 0.01875 0.0484375
0 0.03046875 0.765625 0.025 0.0625
0 0.43046875 0.30546875 0.01875 0.059375