0 0.95703125 0.05078125 0.046875 0.0328125
0 0.44140625 0.1765625 0.04453125 0.025
0 0.4109375 0.14375 0.05703125 0.02578125
0 0.70703125 0.11953125 0.0640625 0.02734375
0 0.7484375 0.14375 0.046875 0.0265625
0 0.62265625 0.21796875 0.06640625 0.0203125
0 0.6421875 0.17890625 0.065625 0.021875
0 0.3203125 0.121875 0.0515625 0.0171875
0 0.18828125 0.14609375 0.06015625 0.0140625
0 0.175 0.24921875 0.059375 0.034375
0 0.05078125 0.115625 0.03515625 0.021875
0 0.6390625 0.284375 0.071875 0.0375
0 0.6984375 0.34375 0.075 0.0375
0 0.9359375 0.2796875 0.0375 0.0265625
0 0.86484375 0.12421875 0.059375 0.03671875
0 0.4171875 0.40078125 0.06171875 0.0375
0 0.26953125 0.503125 0.059375 0.0328125
0 0.28203125 0.46953125 0.06171875 0.02734375
0 0.3359375 0.55390625 0.090625 0.02890625
0 0.06015625 0.5015625 0.06171875 0.0390625
0 0.48125 0.55390625 0.03203125 0.01953125
0 0.70390625 0.5765625 0.04765625 0.02421875
0 0.771875 0.52578125 0.0890625 0.021875
0 0.45390625 0.70859375 0.05625 0.0265625
0 0.46796875 0.7484375 0.0515625 0.02421875
0 0.35703125 0.7703125 0.05234375 0.0296875
0 0.271875 0.8953125 0.04140625 0.0265625
0 0.20625 0.8078125 0.0390625 0.0296875
0 0.2875 0.8796875 0.05546875 0.0171875