0 0.09765625 0.04140625 0.06015625 0.02734375
0 0.36484375 0.26953125 0.07109375 0.028125
0 0.03125 0.2640625 0.0625 0.02109375
0 0.065625 0.17421875 0.06640625 0.0296875
0 0.428125 0.071875 0.05390625 0.02734375
0 0.13828125 0.0953125 0.0734375 0.02265625
0 0.25234375 0.11796875 0.05234375 0.02421875
0 0.31171875 0.128125 0.0625 0.028125
0 0.6 0.084375 0.04921875 0.0265625
0 0.665625 0.10546875 0.04921875 0.025
0 0.60546875 0.03984375 0.05234375 0.028125
0 0.5625 0.1578125 0.0625 0.02578125
0 0.7609375 0.165625 0.084375 0.02734375
0 0.9265625 0.2140625 0.07109375 0.03046875
0 0.05390625 0.321875 0.04375 0.0265625
0 0.246875 0.44296875 0.04375 0.02421875
0 0.7734375 0.32109375 0.05078125 0.01953125
0 0.821875 0.3078125 0.053125 0.021875
0 0.89921875 0.27734375 0.059375 0.03046875
0 0.79296875 0.4046875 0.05390625 0.02265625
0 0.271875 0.49140625 0.0515625 0.021875
0 0.28828125 0.50234375 0.04765625 0.01640625
0 0.33828125 0.56796875 0.0390625 0.01953125
0 0.23515625 0.60234375 0.05703125 0.02890625
0 0.33203125 0.64375 0.05390625 0.0203125
0 0.1390625 0.66796875 0.03046875 0.02421875
0 0.740625 0.490625 0.04296875 0.02421875
0 0.9484375 0.60078125 0.0484375 0.0171875
0 0.77890625 0.5703125 0.05859375 0.02890625
0 0.875 0.634375 0.03515625 0.03046875
0 0.746875 0.7109375 0.0375 0.025
0 0.5453125 0.7578125 0.06328125 0.028125
0 0.4453125 0.80078125 0.05078125 0.02265625
0 0.75625 0.8265625 0.05 0.02578125
0 0.825 0.78828125 0.04296875 0.0203125
0 0.7 0.8859375 0.04921875 0.0203125
0 0.59296875 0.89609375 0.03046875 0.01953125
0 0.84609375 0.90234375 0.04453125 0.01875
0 0.3875 0.8640625 0.05625 0.0234375
0 0.03515625 0.81875 0.06953125 0.02109375
0 0.05078125 0.9375 0.0484375 0.028125
0 0.2578125 0.98984375 0.05078125 0.0203125
0 0.71875 0.94375 0.04375 0.02421875
0 0.49296875 0.82890625 0.0421875 0.01875
0 0.90234375 0.13359375 0.05234375 0.0171875
0 0.98359375 0.1515625 0.0328125 0.0140625
0 0.55859375 0.1328125 0.0453125 0.01875
0 0.4921875 0.13046875 0.04140625 0.01875
0 0.3453125 0.196875 0.04609375 0.02109375
0 0.30234375 0.18828125 0.0515625 0.02109375
0 0.025 0.14765625 0.04765625 0.025
0 0.134375 0.93984375 0.0671875 0.02109375
0 0.02578125 0.75859375 0.05 0.0234375