2 0.90078125 0.92109375 0.028125 0.046875
2 0.91640625 0.890625 0.0421875 0.0453125
2 0.91796875 0.44140625 0.015625 0.05625
2 0.89296875 0.40546875 0.01875 0.071875
2 0.9234375 0.41171875 0.01875 0.0515625
2 0.83984375 0.2578125 0.015625 0.0546875
2 0.87734375 0.22109375 0.0171875 0.075
2 0.8578125 0.1671875 0.015625 0.0328125
2 0.84296875 0.5515625 0.025 0.075
2 0.840625 0.4875 0.0203125 0.028125
2 0.8 0.43984375 0.01875 0.04375
2 0.765625 0.17109375 0.021875 0.053125
2 0.88359375 0.70078125 0.0171875 0.0375
2 0.87265625 0.6 0.021875 0.05
2 0.92890625 0.7703125 0.0125 0.053125
2 0.92421875 0.68671875 0.0171875 0.0453125
2 0.9265625 0.6078125 0.0140625 0.0359375
2 0.7484375 0.86796875 0.025 0.059375
2 0.76015625 0.89140625 0.0265625 0.040625
2 0.77421875 0.97265625 0.0171875 0.0375
2 0.609375 0.82578125 0.03125 0.046875
2 0.60859375 0.94140625 0.040625 0.028125
2 0.609375 0.94140625 0.01875 0.040625
2 0.4 0.83828125 0.03125 0.040625
2 0.39921875 0.7390625 0.0140625 0.053125
2 0.46796875 0.80859375 0.01875 0.040625
2 0.46640625 0.76875 0.015625 0.040625
2 0.49453125 0.44296875 0.0125 0.06875
2 0.61484375 0.29453125 0.028125 0.04375
2 0.503125 0.27421875 0.0125 0.0625
2 0.27265625 0.928125 0.0140625 0.04375
2 0.2828125 0.884375 0.01875 0.0625
2 0.18359375 0.82890625 0.015625 0.0734375
2 0.20546875 0.84765625 0.0125 0.059375
2 0.14921875 0.82578125 0.0171875 0.075
2 0.23046875 0.646875 0.015625 0.0296875
2 0.25 0.61171875 0.0390625 0.046875
2 0.24765625 0.6046875 0.0125 0.0515625
2 0.18046875 0.315625 0.0125 0.04375
2 0.16953125 0.29921875 0.03125 0.0375
2 0.19453125 0.26171875 0.0234375 0.05
2 0.20078125 0.24140625 0.015625 0.059375
2 0.1921875 0.04140625 0.021875 0.046875
2 0.20703125 0.04375 0.00625 0.0484375
2 0.24375 0.853125 0.015625 0.0375
2 0.2453125 0.78125 0.01875 0.0375