0 0.0703125 0.09375 0.0765625 0.021875
0 0.578125 0.01875 0.090625 0.0203125
0 0.67421875 0.11171875 0.078125 0.0515625
0 0.05546875 0.121875 0.09375 0.028125
0 0.078125 0.15390625 0.05625 0.0265625
0 0.615625 0.1828125 0.103125 0.0359375
0 0.30234375 0.225 0.0578125 0.046875
0 0.1265625 0.2125 0.084375 0.0375
0 0.22265625 0.33125 0.10625 0.0625
0 0.3625 0.1390625 0.0703125 0.025
0 0.71015625 0.14140625 0.071875 0.028125
0 0.83515625 0.12578125 0.10625 0.040625
0 0.51328125 0.134375 0.0953125 0.0328125
0 0.76953125 0.4015625 0.0609375 0.05625
0 0.3265625 0.34609375 0.121875 0.0375
0 0.22734375 0.4859375 0.0890625 0.01875
0 0.07890625 0.509375 0.059375 0.0421875
0 0.525 0.76875 0.046875 0.046875
0 0.2140625 0.7234375 0.0625 0.034375
0 0.3375 0.72734375 0.0546875 0.025
0 0.33515625 0.76328125 0.065625 0.025
0 0.17109375 0.6890625 0.0671875 0.0265625
0 0.04921875 0.66796875 0.0734375 0.034375
0 0.05859375 0.79140625 0.075 0.0375
0 0.43359375 0.88125 0.0578125 0.028125
0 0.24296875 0.8375 0.053125 0.0296875
0 0.915625 0.61171875 0.059375 0.03125
0 0.53671875 0.70234375 0.0984375 0.03125
0 0.4875 0.50234375 0.0671875 0.0328125
0 0.05078125 0.85703125 0.09375 0.034375
0 0.26015625 0.88984375 0.0671875 0.021875
0 0.28984375 0.8875 0.06875 0.025
0 0.678125 0.8640625 0.0625 0.021875
0 0.0375 0.95546875 0.075 0.0375
0 0.5171875 0.5875 0.084375 0.0359375
0 0.9421875 0.534375 0.0875 0.034375
0 0.43203125 0.78046875 0.065625 0.0234375
0 0.21875 0.53203125 0.06875 0.028125
0 0.95703125 0.3125 0.0859375 0.046875
0 0.69921875 0.459375 0.08125 0.0453125
0 0.21796875 0.7703125 0.071875 0.025
0 0.43828125 0.62890625 0.078125 0.0390625
0 0.79296875 0.65390625 0.084375 0.0375
0 0.47265625 0.16953125 0.059375 0.0265625