0 0.64375 0.02890625 0.08984375 0.03046875
0 0.63671875 0.09609375 0.06171875 0.021875
0 0.846875 0.1296875 0.0578125 0.02578125
0 0.7859375 0.15 0.0359375 0.021875
0 0.62578125 0.20546875 0.06015625 0.02890625
0 0.396875 0.15 0.0578125 0.0234375
0 0.465625 0.1375 0.0625 0.0234375
0 0.1953125 0.1625 0.05390625 0.0265625
0 0.0640625 0.1234375 0.05390625 0.02265625
0 0.0328125 0.040625 0.0625 0.0265625
0 0.16875 0.1203125 0.05625 0.02109375
0 0.0578125 0.29453125 0.0515625 0.03203125
0 0.4109375 0.33515625 0.07109375 0.034375
0 0.77265625 0.29765625 0.07265625 0.02734375
0 0.83125 0.2578125 0.059375 0.025
0 0.3421875 0.43828125 0.0703125 0.02109375
0 0.2625 0.41015625 0.0921875 0.0328125
0 0.5984375 0.60703125 0.0734375 0.03203125
0 0.58984375 0.67734375 0.053125 0.0265625
0 0.278125 0.66953125 0.04921875 0.03046875
0 0.8375 0.7890625 0.04296875 0.02734375
0 0.90703125 0.6859375 0.03828125 0.021875
0 0.78203125 0.68046875 0.0515625 0.03203125
0 0.32421875 0.80703125 0.05390625 0.021875
0 0.3625 0.7390625 0.06875 0.02421875
0 0.5984375 0.8546875 0.0734375 0.0265625
0 0.30390625 0.9640625 0.04453125 0.02421875
0 0.134375 0.884375 0.04921875 0.02890625
0 0.1734375 0.9578125 0.04453125 0.03046875
0 0.52734375 0.05 0.0890625 0.0296875
0 0.75234375 0.89375 0.07734375 0.03515625