0 0.9703125 0.86796875 0.021875 0.0890625
0 0.92734375 0.6296875 0.021875 0.075
0 0.871875 0.57890625 0.028125 0.06875
0 0.88671875 0.54765625 0.021875 0.06875
0 0.896875 0.7125 0.0328125 0.084375
0 0.8484375 0.9671875 0.040625 0.065625
0 0.8640625 0.91015625 0.0328125 0.05
0 0.80859375 0.16015625 0.0234375 0.078125
0 0.8921875 0.45 0.028125 0.090625
0 0.9203125 0.09765625 0.021875 0.0765625
0 0.98046875 0.2609375 0.015625 0.0703125
0 0.825 0.29921875 0.021875 0.096875
0 0.85859375 0.20546875 0.025 0.0640625
0 0.8640625 0.05078125 0.021875 0.06875
0 0.78359375 0.58671875 0.0296875 0.0703125
0 0.775 0.25703125 0.025 0.059375
0 0.7296875 0.090625 0.0234375 0.05
0 0.73359375 0.09375 0.0234375 0.078125
0 0.70625 0.290625 0.040625 0.04375
0 0.603125 0.07109375 0.03125 0.046875
0 0.684375 0.07265625 0.015625 0.0546875
0 0.63984375 0.98671875 0.0265625 0.0265625
0 0.58984375 0.73203125 0.01875 0.0578125
0 0.596875 0.9625 0.0421875 0.046875
0 0.60625 0.92265625 0.0265625 0.0390625
0 0.55390625 0.96640625 0.01875 0.04375
0 0.534375 0.94140625 0.021875 0.05
0 0.45859375 0.2828125 0.01875 0.04375
0 0.50546875 0.28203125 0.025 0.0640625
0 0.4203125 0.36015625 0.01875 0.046875
0 0.4109375 0.2875 0.0203125 0.0640625
0 0.27421875 0.3375 0.0234375 0.0375
0 0.3546875 0.4421875 0.015625 0.0546875
0 0.3578125 0.47421875 0.034375 0.06875
0 0.37109375 0.37421875 0.015625 0.0625
0 0.353125 0.95625 0.015625 0.06875
0 0.36796875 0.93671875 0.01875 0.05625
0 0.33515625 0.3015625 0.025 0.053125
0 0.31328125 0.153125 0.015625 0.0640625
0 0.3390625 0.1515625 0.01875 0.04375
0 0.40859375 0.14765625 0.025 0.053125
0 0.20625 0.81796875 0.0265625 0.03125
0 0.22109375 0.76953125 0.021875 0.053125
0 0.1703125 0.93515625 0.021875 0.04375
0 0.21796875 0.37109375 0.01875 0.075
0 0.2125 0.659375 0.01875 0.0609375
0 0.2765625 0.98671875 0.0140625 0.0265625
0 0.06015625 0.87421875 0.01875 0.075
0 0.09375 0.56953125 0.015625 0.0484375
0 0.1078125 0.621875 0.025 0.04375
0 0.06796875 0.42578125 0.025 0.04375
0 0.03515625 0.1 0.0234375 0.071875
0 0.13046875 0.36015625 0.028125 0.040625