0 0.06328125 0.4375 0.03125 0.0484375
0 0.02421875 0.478125 0.021875 0.05
0 0.02578125 0.61484375 0.025 0.0515625
0 0.1015625 0.5421875 0.0515625 0.0875
0 0.02890625 0.79375 0.028125 0.0609375
0 0.07890625 0.83671875 0.03125 0.0828125
0 0.14453125 0.77734375 0.046875 0.065625
0 0.121875 0.28515625 0.028125 0.053125
0 0.16875 0.19921875 0.028125 0.071875
0 0.175 0.115625 0.03125 0.053125
0 0.21015625 0.053125 0.028125 0.040625
0 0.20546875 0.196875 0.025 0.103125
0 0.321875 0.12578125 0.034375 0.05
0 0.3453125 0.06796875 0.05 0.059375
0 0.52578125 0.475 0.0375 0.090625
0 0.59375 0.60703125 0.021875 0.053125
0 0.6015625 0.734375 0.034375 0.084375
0 0.49296875 0.94609375 0.021875 0.059375
0 0.47890625 0.7859375 0.028125 0.0609375
0 0.50625 0.75 0.046875 0.078125
0 0.63125 0.44609375 0.0453125 0.0703125
0 0.60859375 0.2046875 0.03125 0.08125
0 0.6734375 0.07421875 0.021875 0.071875
0 0.746875 0.31640625 0.03125 0.0578125
0 0.83671875 0.2015625 0.04375 0.0765625
0 0.68125 0.8796875 0.0515625 0.0671875
0 0.72421875 0.70546875 0.034375 0.04375
0 0.83359375 0.77734375 0.03125 0.05
0 0.88671875 0.5203125 0.0359375 0.0640625
0 0.8296875 0.88359375 0.028125 0.059375
0 0.89140625 0.29140625 0.03125 0.0671875
0 0.7703125 0.6578125 0.025 0.0890625