0 0.07421875 0.95546875 0.021875 0.0484375
0 0.065625 0.63203125 0.0265625 0.09375
0 0.0609375 0.5078125 0.0265625 0.078125
0 0.109375 0.0515625 0.028125 0.059375
0 0.20390625 0.43984375 0.021875 0.0625
0 0.1828125 0.46015625 0.028125 0.053125
0 0.17265625 0.396875 0.021875 0.0703125
0 0.1796875 0.05390625 0.021875 0.0703125
0 0.16953125 0.15703125 0.0234375 0.065625
0 0.209375 0.37109375 0.01875 0.0859375
0 0.125 0.97890625 0.025 0.0421875
0 0.16171875 0.67421875 0.021875 0.0625
0 0.1984375 0.7375 0.0203125 0.059375
0 0.1875 0.74140625 0.0203125 0.071875
0 0.23828125 0.8046875 0.021875 0.0484375
0 0.27265625 0.67578125 0.028125 0.05
0 0.2890625 0.840625 0.01875 0.065625
0 0.35859375 0.503125 0.025 0.0625
0 0.2359375 0.10234375 0.03125 0.05625
0 0.29375 0.284375 0.0203125 0.065625
0 0.43984375 0.5875 0.01875 0.046875
0 0.40703125 0.24921875 0.021875 0.040625
0 0.56796875 0.30859375 0.025 0.0546875
0 0.596875 0.75234375 0.01875 0.0671875
0 0.60859375 0.9578125 0.0171875 0.04375
0 0.71484375 0.68359375 0.0203125 0.0625
0 0.775 0.74296875 0.01875 0.0625
0 0.7546875 0.93125 0.028125 0.034375
0 0.7921875 0.68671875 0.025 0.05625
0 0.815625 0.63359375 0.025 0.05625
0 0.821875 0.67734375 0.025 0.040625
0 0.81171875 0.50390625 0.028125 0.059375
0 0.85078125 0.80234375 0.0125 0.0515625
0 0.8703125 0.68828125 0.03125 0.0375
0 0.925 0.8578125 0.0265625 0.059375
0 0.91796875 0.6390625 0.025 0.09375
0 0.95859375 0.58359375 0.025 0.078125
0 0.88515625 0.20703125 0.021875 0.059375
0 0.8625 0.19921875 0.01875 0.06875
0 0.83125 0.1671875 0.0296875 0.059375