0 0.1421875 0.35234375 0.01875 0.05
0 0.1875 0.2046875 0.028125 0.046875
0 0.1421875 0.14140625 0.01875 0.046875
0 0.12734375 0.21328125 0.01875 0.046875
0 0.246875 0.06484375 0.01875 0.0421875
0 0.2859375 0.06015625 0.028125 0.0390625
0 0.33203125 0.1953125 0.025 0.053125
0 0.375 0.21875 0.028125 0.059375
0 0.184375 0.38046875 0.021875 0.04375
0 0.13515625 0.72265625 0.01875 0.0453125
0 0.16171875 0.64921875 0.0125 0.05
0 0.146875 0.84453125 0.025 0.0421875
0 0.12890625 0.90390625 0.021875 0.04375
0 0.46875 0.64765625 0.0265625 0.0640625
0 0.4984375 0.75078125 0.021875 0.0453125
0 0.50703125 0.93984375 0.021875 0.04375
0 0.52578125 0.4578125 0.025 0.065625
0 0.571875 0.6375 0.021875 0.0484375
0 0.58984375 0.56640625 0.01875 0.0375
0 0.59921875 0.484375 0.015625 0.0453125
0 0.62265625 0.66171875 0.01875 0.040625
0 0.75625 0.45625 0.025 0.0375
0 0.83203125 0.3375 0.021875 0.046875
0 0.84765625 0.38828125 0.028125 0.06875
0 0.81015625 0.4125 0.021875 0.05
0 0.79296875 0.58984375 0.028125 0.04375
0 0.72265625 0.7125 0.01875 0.0578125
0 0.84921875 0.84296875 0.025 0.0375
0 0.83046875 0.9109375 0.0328125 0.0515625
0 0.9046875 0.43203125 0.0265625 0.0515625
0 0.88203125 0.43203125 0.015625 0.04375
0 0.76875 0.34921875 0.01875 0.071875
0 0.7984375 0.75390625 0.028125 0.03125
0 0.45390625 0.48046875 0.025 0.04375
0 0.52265625 0.22109375 0.028125 0.05