2 0.171875 0.05234375 0.0671875 0.034375
2 0.284375 0.140625 0.04140625 0.0265625
2 0.3171875 0.1359375 0.04609375 0.02578125
2 0.7921875 0.08515625 0.0625 0.0203125
2 0.8640625 0.0890625 0.07265625 0.0328125
2 0.809375 0.215625 0.04921875 0.02890625
2 0.1109375 0.13046875 0.04921875 0.03046875
2 0.07109375 0.1921875 0.04375 0.0375
2 0.13828125 0.3390625 0.0421875 0.0296875
2 0.08046875 0.38828125 0.0328125 0.02109375
2 0.5546875 0.4140625 0.03828125 0.0328125
2 0.396875 0.44609375 0.0578125 0.01953125
2 0.59140625 0.56640625 0.040625 0.03359375
2 0.64453125 0.5640625 0.0453125 0.025
2 0.52734375 0.59453125 0.034375 0.02421875
2 0.49765625 0.63203125 0.053125 0.02734375
2 0.375 0.690625 0.0734375 0.028125
2 0.390625 0.74296875 0.04296875 0.0203125
2 0.453125 0.76640625 0.05546875 0.025
2 0.53125 0.81328125 0.0515625 0.028125
2 0.54296875 0.83515625 0.0453125 0.01875
2 0.22109375 0.81015625 0.05234375 0.02265625
2 0.7359375 0.740625 0.06328125 0.03203125
2 0.8703125 0.7265625 0.04140625 0.0328125
2 0.8203125 0.85625 0.040625 0.025
2 0.85703125 0.88671875 0.059375 0.021875
2 0.15 0.57890625 0.05 0.05234375
2 0.1140625 0.60546875 0.03671875 0.02734375
2 0.18515625 0.67734375 0.046875 0.03671875