0 0.90625 0.5484375 0.0296875 0.04375
0 0.92109375 0.2671875 0.0296875 0.059375
0 0.93828125 0.19453125 0.03125 0.065625
0 0.94609375 0.503125 0.028125 0.0609375
0 0.7734375 0.2203125 0.03125 0.109375
0 0.6640625 0.12421875 0.040625 0.0953125
0 0.60390625 0.2375 0.028125 0.071875
0 0.56875 0.15703125 0.028125 0.0546875
0 0.59609375 0.16484375 0.0359375 0.0546875
0 0.6046875 0.70078125 0.034375 0.065625
0 0.62421875 0.6578125 0.03125 0.075
0 0.5671875 0.7984375 0.021875 0.0625
0 0.5140625 0.74296875 0.0140625 0.0421875
0 0.48515625 0.715625 0.04375 0.0453125
0 0.725 0.96953125 0.0375 0.0484375
0 0.74765625 0.940625 0.0171875 0.0578125
0 0.859375 0.91796875 0.025 0.028125
0 0.88515625 0.8640625 0.0265625 0.03125
0 0.93515625 0.95390625 0.028125 0.0625
0 0.8546875 0.821875 0.025 0.040625
0 0.7921875 0.353125 0.03125 0.0796875
0 0.79375 0.5765625 0.046875 0.0375
0 0.77109375 0.484375 0.034375 0.075
0 0.85859375 0.059375 0.034375 0.0390625
0 0.83046875 0.26796875 0.028125 0.04375
0 0.80703125 0.196875 0.034375 0.0703125
0 0.8578125 0.42734375 0.021875 0.06875
0 0.4390625 0.51484375 0.025 0.0515625
0 0.4140625 0.19140625 0.021875 0.078125
0 0.43046875 0.65546875 0.0265625 0.0734375
0 0.36796875 0.6796875 0.03125 0.0625
0 0.31875 0.8390625 0.0265625 0.0734375
0 0.2921875 0.6734375 0.040625 0.0375
0 0.23359375 0.503125 0.021875 0.04375
0 0.24765625 0.45390625 0.03125 0.03125
0 0.19140625 0.53203125 0.025 0.05625
0 0.21015625 0.72890625 0.021875 0.065625
0 0.15078125 0.715625 0.028125 0.0421875
0 0.11171875 0.27578125 0.0359375 0.0515625
0 0.1046875 0.4359375 0.025 0.046875
0 0.26875 0.1546875 0.0375 0.0890625
0 0.3234375 0.1125 0.0328125 0.0703125
0 0.20390625 0.32734375 0.0375 0.075