0 0.98515625 0.3203125 0.015625 0.075
0 0.96640625 0.37734375 0.021875 0.065625
0 0.9296875 0.3921875 0.028125 0.0453125
0 0.903125 0.2625 0.021875 0.065625
0 0.90390625 0.61328125 0.01875 0.0859375
0 0.89296875 0.9109375 0.0265625 0.078125
0 0.86796875 0.35703125 0.0171875 0.071875
0 0.88828125 0.0765625 0.0171875 0.0453125
0 0.70390625 0.3578125 0.0296875 0.046875
0 0.76328125 0.6109375 0.015625 0.0640625
0 0.84765625 0.60703125 0.015625 0.065625
0 0.80234375 0.94140625 0.021875 0.065625
0 0.7140625 0.95234375 0.0265625 0.0625
0 0.64296875 0.80859375 0.021875 0.053125
0 0.5953125 0.63828125 0.028125 0.0375
0 0.609375 0.59921875 0.03125 0.05625
0 0.47421875 0.17421875 0.034375 0.0390625
0 0.49453125 0.43984375 0.0234375 0.05
0 0.41328125 0.3546875 0.028125 0.078125
0 0.4046875 0.034375 0.025 0.040625
0 0.365625 0.0828125 0.03125 0.046875
0 0.35234375 0.340625 0.028125 0.0453125
0 0.40546875 0.89609375 0.0359375 0.046875
0 0.31640625 0.2796875 0.021875 0.065625
0 0.290625 0.22265625 0.025 0.05625
0 0.1875 0.28046875 0.03125 0.046875
0 0.22734375 0.1734375 0.0265625 0.05625
0 0.20625 0.2921875 0.021875 0.05
0 0.17578125 0.196875 0.0171875 0.05
0 0.16171875 0.08515625 0.0296875 0.05625
0 0.13671875 0.28203125 0.025 0.0703125
0 0.30390625 0.8921875 0.028125 0.06875
0 0.06328125 0.634375 0.0265625 0.08125
0 0.05 0.46484375 0.03125 0.0703125
0 0.0953125 0.725 0.025 0.0640625
0 0.33203125 0.96796875 0.01875 0.034375
0 0.5359375 0.85234375 0.025 0.04375
0 0.15546875 0.59140625 0.01875 0.075
0 0.18671875 0.36328125 0.0234375 0.05625
0 0.08515625 0.42890625 0.0171875 0.0734375