0 0.84375 0.00859375 0.0765625 0.0171875
0 0.49140625 0.034375 0.0734375 0.021875
0 0.33671875 0.04609375 0.053125 0.01875
0 0.8375 0.0578125 0.08125 0.021875
0 0.96640625 0.06953125 0.0671875 0.0234375
0 0.846875 0.11484375 0.06875 0.0203125
0 0.66640625 0.10703125 0.075 0.01875
0 0.73671875 0.140625 0.059375 0.0171875
0 0.68515625 0.23515625 0.0578125 0.028125
0 0.57734375 0.21328125 0.0515625 0.0125
0 0.41953125 0.18515625 0.075 0.015625
0 0.303125 0.16015625 0.046875 0.01875
0 0.159375 0.21328125 0.059375 0.01875
0 0.1328125 0.19609375 0.0515625 0.021875
0 0.78203125 0.3953125 0.04375 0.03125
0 0.653125 0.3484375 0.0375 0.0234375
0 0.971875 0.434375 0.040625 0.034375
0 0.73125 0.509375 0.065625 0.01875
0 0.571875 0.48828125 0.05 0.03125
0 0.4203125 0.56875 0.06875 0.015625
0 0.60625 0.59765625 0.0796875 0.021875
0 0.78046875 0.60546875 0.06875 0.0234375
0 0.240625 0.41171875 0.05 0.021875
0 0.515625 0.67421875 0.046875 0.0265625
0 0.22109375 0.67109375 0.059375 0.03125
0 0.8890625 0.67421875 0.046875 0.015625
0 0.8953125 0.71640625 0.0375 0.03125
0 0.865625 0.80390625 0.0375 0.03125
0 0.94375 0.7890625 0.05 0.021875
0 0.2875 0.7625 0.053125 0.021875
0 0.39765625 0.878125 0.0640625 0.0296875
0 0.56015625 0.89921875 0.0265625 0.0234375
0 0.83046875 0.8734375 0.05625 0.028125
0 0.96171875 0.9640625 0.05 0.025
0 0.69609375 0.95859375 0.0578125 0.015625
0 0.05234375 0.98125 0.046875 0.0234375
0 0.7171875 0.7765625 0.0484375 0.01875