0 0.06640625 0.16328125 0.028125 0.10625
0 0.07578125 0.43046875 0.021875 0.071875
0 0.06328125 0.43125 0.0203125 0.0890625
0 0.13828125 0.321875 0.01875 0.053125
0 0.16796875 0.4953125 0.025 0.0546875
0 0.19921875 0.67109375 0.021875 0.05
0 0.228125 0.596875 0.03125 0.0671875
0 0.21953125 0.46328125 0.0234375 0.0578125
0 0.21484375 0.31640625 0.0296875 0.05
0 0.20859375 0.228125 0.028125 0.04375
0 0.2015625 0.33671875 0.025 0.0625
0 0.26328125 0.26640625 0.025 0.059375
0 0.27578125 0.3640625 0.0203125 0.05
0 0.1890625 0.971875 0.021875 0.05625
0 0.32265625 0.66953125 0.025 0.0375
0 0.28203125 0.7875 0.028125 0.0453125
0 0.3671875 0.51953125 0.0265625 0.05625
0 0.4359375 0.38203125 0.021875 0.075
0 0.56328125 0.68984375 0.0234375 0.0578125
0 0.4671875 0.65234375 0.021875 0.0546875
0 0.5921875 0.22578125 0.015625 0.06875
0 0.60625 0.03359375 0.0234375 0.046875
0 0.70390625 0.203125 0.021875 0.0453125
0 0.734375 0.065625 0.0328125 0.05
0 0.77578125 0.2828125 0.01875 0.0625
0 0.83203125 0.4734375 0.025 0.075
0 0.809375 0.4671875 0.025 0.065625
0 0.728125 0.6765625 0.028125 0.0578125
0 0.771875 0.7484375 0.021875 0.075
0 0.821875 0.38984375 0.01875 0.059375
0 0.83515625 0.4171875 0.021875 0.0578125
0 0.8421875 0.23984375 0.021875 0.06875
0 0.8859375 0.290625 0.03125 0.05
0 0.95078125 0.3125 0.021875 0.071875
0 0.89296875 0.77421875 0.025 0.053125
0 0.8484375 0.8734375 0.0234375 0.08125
0 0.8015625 0.1625 0.028125 0.075