0 0.4359375 0.08984375 0.03046875 0.03046875
0 0.71484375 0.0765625 0.04375 0.0375
0 0.83984375 0.0609375 0.05 0.0484375
0 0.5 0.04609375 0.0515625 0.021875
0 0.0953125 0.109375 0.06484375 0.025
0 0.15390625 0.175 0.053125 0.01953125
0 0.2078125 0.17734375 0.0125 0.02265625
0 0.125 0.13984375 0.03515625 0.02109375
0 0.18046875 0.13984375 0.04765625 0.01796875
0 0.0546875 0.26328125 0.05234375 0.0171875
0 0.284375 0.3890625 0.05859375 0.03046875
0 0.325 0.3765625 0.03671875 0.0296875
0 0.51015625 0.2296875 0.0546875 0.03203125
0 0.84296875 0.33046875 0.06875 0.03828125
0 0.83515625 0.38984375 0.04609375 0.03203125
0 0.2328125 0.44453125 0.0671875 0.0375
0 0.28359375 0.496875 0.05703125 0.025
0 0.484375 0.5578125 0.0578125 0.03203125
0 0.3375 0.575 0.04140625 0.0296875
0 0.82578125 0.728125 0.05 0.0328125
0 0.91328125 0.6828125 0.0921875 0.025
0 0.34765625 0.65859375 0.10078125 0.02890625
0 0.32578125 0.625 0.08671875 0.0234375
0 0.15 0.6859375 0.1 0.0265625
0 0.34453125 0.71171875 0.06171875 0.02734375
0 0.034375 0.85703125 0.06875 0.0359375
0 0.2609375 0.79609375 0.05078125 0.025
0 0.40234375 0.8375 0.07421875 0.0484375
0 0.4875 0.77421875 0.06640625 0.025
0 0.29453125 0.14375 0.09453125 0.02734375
0 0.76484375 0.1796875 0.10078125 0.03671875
0 0.7765625 0.22734375 0.0671875 0.040625
0 0.91640625 0.14140625 0.06875 0.02421875
0 0.8234375 0.57734375 0.0578125 0.021875
0 0.75 0.54375 0.028125 0.0265625