0 0.9109375 0.325 0.021875 0.096875
0 0.92421875 0.2828125 0.021875 0.078125
0 0.91640625 0.2109375 0.015625 0.03125
0 0.96796875 0.0890625 0.025 0.0734375
0 0.8890625 0.34375 0.0265625 0.03125
0 0.87890625 0.25546875 0.025 0.059375
0 0.8546875 0.375 0.01875 0.040625
0 0.88125 0.67578125 0.01875 0.0921875
0 0.87890625 0.93671875 0.021875 0.096875
0 0.96953125 0.4609375 0.025 0.0921875
0 0.8125 0.72109375 0.03125 0.0828125
0 0.78359375 0.8125 0.01875 0.0578125
0 0.81796875 0.83046875 0.0171875 0.0671875
0 0.79765625 0.59765625 0.021875 0.053125
0 0.7390625 0.73671875 0.0375 0.075
0 0.76640625 0.4203125 0.028125 0.05625
0 0.7984375 0.36328125 0.021875 0.0375
0 0.828125 0.27734375 0.021875 0.0609375
0 0.72421875 0.39921875 0.03125 0.0375
0 0.7203125 0.51953125 0.025 0.0515625
0 0.69140625 0.54921875 0.025 0.046875
0 0.67421875 0.5953125 0.025 0.040625
0 0.6578125 0.51171875 0.021875 0.0546875
0 0.72421875 0.896875 0.0390625 0.05625
0 0.73828125 0.36796875 0.0203125 0.0484375
0 0.665625 0.29296875 0.0234375 0.078125
0 0.6578125 0.14140625 0.015625 0.05
0 0.590625 0.471875 0.0296875 0.065625
0 0.58125 0.603125 0.0265625 0.065625
0 0.5453125 0.76484375 0.0265625 0.040625
0 0.54140625 0.86875 0.03125 0.065625
0 0.50546875 0.45390625 0.03125 0.059375
0 0.43984375 0.35703125 0.0390625 0.065625
0 0.4953125 0.1640625 0.0328125 0.046875
0 0.39609375 0.4234375 0.034375 0.065625
0 0.3484375 0.6484375 0.025 0.0609375
0 0.3125 0.3625 0.0359375 0.078125
0 0.23515625 0.72890625 0.034375 0.109375
0 0.20625 0.71328125 0.034375 0.046875
0 0.18125 0.79765625 0.034375 0.0875
0 0.16953125 0.69609375 0.025 0.05
0 0.2515625 0.2296875 0.015625 0.1125
0 0.3125 0.07734375 0.01875 0.0375
0 0.1875 0.13828125 0.034375 0.090625
0 0.11328125 0.865625 0.015625 0.05
0 0.146875 0.2953125 0.0171875 0.05625
0 0.1609375 0.1515625 0.025 0.0375
0 0.05703125 0.3203125 0.034375 0.0625
0 0.015625 0.59140625 0.03125 0.078125