2 0.0953125 0.45546875 0.0234375 0.046875
2 0.05078125 0.14609375 0.0328125 0.046875
2 0.121875 0.97109375 0.015625 0.05625
2 0.08671875 0.859375 0.028125 0.0625
2 0.2046875 0.4546875 0.015625 0.05625
2 0.1375 0.04921875 0.0375 0.0375
2 0.09609375 0.0921875 0.03125 0.071875
2 0.18359375 0.2765625 0.03125 0.03125
2 0.175 0.55 0.025 0.059375
2 0.16796875 0.11484375 0.025 0.03125
2 0.234375 0.01328125 0.03125 0.0265625
2 0.296875 0.1046875 0.034375 0.0328125
2 0.3015625 0.6421875 0.01875 0.0578125
2 0.28046875 0.64921875 0.021875 0.059375
2 0.22109375 0.3828125 0.0140625 0.0703125
2 0.4046875 0.196875 0.028125 0.046875
2 0.39375 0.209375 0.028125 0.021875
2 0.38671875 0.93046875 0.021875 0.0375
2 0.6140625 0.14296875 0.025 0.05625
2 0.578125 0.84140625 0.03125 0.04375
2 0.65 0.06796875 0.025 0.03125
2 0.69921875 0.1921875 0.021875 0.040625
2 0.79140625 0.51640625 0.021875 0.0453125
2 0.76328125 0.53046875 0.021875 0.059375
2 0.66328125 0.86953125 0.01875 0.0375
2 0.87265625 0.73515625 0.01875 0.059375
2 0.84453125 0.76484375 0.021875 0.06875
2 0.875 0.7859375 0.015625 0.05
2 0.92578125 0.1046875 0.01875 0.05625
2 0.78125 0.07734375 0.0265625 0.0296875