0 0.6671875 0.01953125 0.0515625 0.03125
0 0.5703125 0.034375 0.06796875 0.028125
0 0.28125 0.04140625 0.0765625 0.021875
0 0.534375 0.053125 0.06484375 0.0234375
0 0.73984375 0.05234375 0.040625 0.02734375
0 0.81796875 0.07421875 0.07265625 0.01796875
0 0.8046875 0.1125 0.06484375 0.03125
0 0.56875 0.09453125 0.08125 0.03046875
0 0.74609375 0.278125 0.05859375 0.03046875
0 0.60234375 0.2453125 0.071875 0.02265625
0 0.32421875 0.3484375 0.0796875 0.0390625
0 0.59765625 0.46796875 0.0625 0.02890625
0 0.50625 0.47109375 0.07578125 0.02421875
0 0.28203125 0.56015625 0.06953125 0.0375
0 0.12578125 0.5703125 0.0765625 0.01171875
0 0.15859375 0.5109375 0.0578125 0.025
0 0.38984375 0.50859375 0.040625 0.0171875
0 0.67109375 0.5625 0.08828125 0.02734375
0 0.55703125 0.63515625 0.059375 0.02734375
0 0.15546875 0.64375 0.06640625 0.025
0 0.0265625 0.6125 0.05234375 0.02265625
0 0.05234375 0.665625 0.075 0.02578125
0 0.22578125 0.68515625 0.07890625 0.02734375
0 0.8390625 0.64765625 0.071875 0.0296875
0 0.9109375 0.67734375 0.06953125 0.03671875
0 0.825 0.7046875 0.05859375 0.03125
0 0.81640625 0.77578125 0.0671875 0.03984375
0 0.290625 0.76640625 0.065625 0.03203125
0 0.034375 0.73203125 0.04453125 0.0234375
0 0.0953125 0.79453125 0.07421875 0.034375
0 0.22734375 0.81953125 0.06328125 0.025
0 0.30625 0.79140625 0.07734375 0.02421875
0 0.33828125 0.8421875 0.06640625 0.02421875
0 0.22109375 0.92578125 0.0375 0.0234375
0 0.12578125 0.85625 0.0453125 0.02421875
0 0.975 0.7984375 0.04921875 0.02890625
0 0.21015625 0.94921875 0.09765625 0.02578125
0 0.45 0.9453125 0.0796875 0.0359375
0 0.58828125 0.9390625 0.0625 0.02734375
0 0.4109375 0.87421875 0.06015625 0.03046875
0 0.56640625 0.86796875 0.059375 0.0234375
0 0.62109375 0.85234375 0.08046875 0.02734375
0 0.68359375 0.4765625 0.071875 0.02890625
0 0.18984375 0.14140625 0.07578125 0.0359375
0 0.0828125 0.125 0.0625 0.028125
0 0.8671875 0.36796875 0.059375 0.0359375
0 0.809375 0.42890625 0.0625 0.02734375
0 0.9140625 0.53125 0.04765625 0.03125