0 0.5234375 0.11640625 0.0734375 0.0265625
0 0.24296875 0.03203125 0.05859375 0.025
0 0.2625 0.14296875 0.09453125 0.025
0 0.771875 0.1375 0.06953125 0.01875
0 0.9125 0.18671875 0.08125 0.02421875
0 0.94609375 0.31484375 0.0375 0.025
0 0.928125 0.34296875 0.053125 0.02109375
0 0.5328125 0.53515625 0.08203125 0.0375
0 0.1921875 0.490625 0.06640625 0.02265625
0 0.24609375 0.5 0.059375 0.03203125
0 0.046875 0.49140625 0.0640625 0.02265625
0 0.47890625 0.60234375 0.06953125 0.0390625
0 0.38515625 0.58828125 0.06015625 0.02734375
0 0.2640625 0.60703125 0.0796875 0.028125
0 0.85 0.55625 0.07109375 0.03046875
0 0.78984375 0.603125 0.0609375 0.0296875
0 0.7125 0.6453125 0.05625 0.02890625
0 0.47578125 0.6828125 0.0625 0.0359375
0 0.06171875 0.64921875 0.0609375 0.02734375
0 0.33359375 0.715625 0.0703125 0.0234375
0 0.90234375 0.66953125 0.04921875 0.02890625
0 0.83984375 0.734375 0.075 0.02578125
0 0.78984375 0.75234375 0.0515625 0.02421875
0 0.69296875 0.71875 0.075 0.028125
0 0.6921875 0.7484375 0.07421875 0.01953125
0 0.4625 0.7703125 0.04296875 0.025
0 0.08203125 0.85 0.053125 0.0234375
0 0.23671875 0.83984375 0.075 0.03203125
0 0.3078125 0.80859375 0.071875 0.0234375
0 0.46484375 0.92109375 0.05703125 0.02890625
0 0.04375 0.8875 0.05546875 0.02265625
0 0.5765625 0.8828125 0.07578125 0.02109375
0 0.94140625 0.91484375 0.06328125 0.02421875
0 0.85859375 0.83828125 0.0453125 0.02265625
0 0.92890625 0.85546875 0.04921875 0.02421875
0 0.42890625 0.96796875 0.0640625 0.025
0 0.20078125 0.10546875 0.04140625 0.00078125
0 0.7328125 0.05546875 0.06953125 0.0453125
0 0.56953125 0.1203125 0.06484375 0.03515625
0 0.809375 0.3171875 0.06484375 0.02734375
0 0.49921875 0.884375 0.0765625 0.02578125
0 0.021875 0.8328125 0.0421875 0.03046875
0 0.1765625 0.92734375 0.08671875 0.02109375
0 0.22734375 0.09375 0.0890625 0.03359375