0 0.52109375 0.13203125 0.06875 0.01875
0 0.28046875 0.078125 0.053125 0.01875
0 0.490625 0.28359375 0.040625 0.0171875
0 0.6078125 0.32421875 0.0515625 0.025
0 0.96640625 0.26484375 0.0625 0.025
0 0.35859375 0.009375 0.0421875 0.01875
0 0.771875 0.12578125 0.059375 0.025
0 0.94375 0.17578125 0.075 0.0234375
0 0.46796875 0.62890625 0.053125 0.034375
0 0.1625 0.72265625 0.046875 0.025
0 0.728125 0.8015625 0.053125 0.0328125
0 0.64296875 0.84375 0.05625 0.0234375
0 0.85234375 0.88203125 0.0828125 0.01875
0 0.52734375 0.75390625 0.053125 0.021875
0 0.6171875 0.9109375 0.078125 0.025
0 0.7609375 0.87109375 0.05625 0.03125
0 0.4421875 0.78828125 0.0484375 0.0296875
0 0.8 0.8546875 0.075 0.025
0 0.59921875 0.1 0.090625 0.0265625
0 0.06875 0.37578125 0.0796875 0.028125
0 0.4453125 0.834375 0.075 0.021875
0 0.9828125 0.36796875 0.034375 0.025
0 0.87265625 0.94609375 0.071875 0.0265625
0 0.11875 0.66015625 0.04375 0.0328125
0 0.68515625 0.86640625 0.053125 0.025
0 0.96953125 0.14140625 0.0609375 0.01875
0 0.75625 0.6703125 0.0515625 0.03125
0 0.76875 0.15 0.075 0.025
0 0.246875 0.8328125 0.0734375 0.034375
0 0.25703125 0.67265625 0.0453125 0.028125
0 0.3328125 0.0609375 0.06875 0.015625
0 0.5578125 0.0984375 0.046875 0.025
0 0.1984375 0.44296875 0.0375 0.0296875
0 0.45234375 0.2015625 0.08125 0.021875
0 0.04453125 0.2671875 0.040625 0.01875
0 0.040625 0.3078125 0.05625 0.021875
0 0.9734375 0.48984375 0.053125 0.0265625
0 0.12890625 0.521875 0.05 0.0359375
0 0.1828125 0.9328125 0.096875 0.03125
0 0.7921875 0.9484375 0.05 0.03125
0 0.7765625 0.940625 0.0546875 0.028125
0 0.771875 0.9046875 0.06875 0.028125