2 0.5375 0.6046875 0.0203125 0.0625
2 0.4703125 0.83671875 0.03125 0.0453125
2 0.4328125 0.90390625 0.0328125 0.046875
2 0.54921875 0.92421875 0.03125 0.0375
2 0.6421875 0.62421875 0.028125 0.0453125
2 0.61015625 0.5921875 0.0375 0.0578125
2 0.60078125 0.84609375 0.0234375 0.05
2 0.6671875 0.81875 0.021875 0.0515625
2 0.79140625 0.70625 0.021875 0.046875
2 0.775 0.68515625 0.028125 0.034375
2 0.79453125 0.61171875 0.021875 0.0515625
2 0.7484375 0.68125 0.0234375 0.0421875
2 0.85 0.71796875 0.025 0.028125
2 0.82578125 0.85703125 0.021875 0.03125
2 0.7609375 0.88046875 0.025 0.03125
2 0.80546875 0.3390625 0.025 0.053125
2 0.8375 0.24296875 0.028125 0.05
2 0.80625 0.25703125 0.01875 0.05
2 0.75234375 0.39921875 0.025 0.0609375
2 0.7453125 0.275 0.0265625 0.06875
2 0.7984375 0.1234375 0.01875 0.0609375
2 0.8359375 0.0453125 0.0203125 0.053125
2 0.78203125 0.10625 0.01875 0.0625
2 0.746875 0.03515625 0.0359375 0.04375
2 0.81796875 0.05 0.015625 0.046875
2 0.87890625 0.3546875 0.0171875 0.06875
2 0.528125 0.55390625 0.021875 0.059375
2 0.35390625 0.3 0.01875 0.0640625
2 0.35078125 0.0796875 0.028125 0.065625
2 0.275 0.28203125 0.028125 0.065625
2 0.08359375 0.0859375 0.021875 0.0765625
2 0.15625 0.25859375 0.015625 0.06875
2 0.1328125 0.25859375 0.01875 0.0515625
2 0.1171875 0.478125 0.0171875 0.0578125
2 0.10703125 0.5046875 0.015625 0.065625
2 0.14453125 0.44609375 0.0203125 0.0515625
2 0.13671875 0.390625 0.01875 0.0375
2 0.24765625 0.584375 0.021875 0.0609375
2 0.28203125 0.7203125 0.015625 0.0515625
2 0.2578125 0.71875 0.015625 0.0453125
2 0.28828125 0.89609375 0.01875 0.0453125
2 0.215625 0.9546875 0.03125 0.0328125
2 0.20625 0.92734375 0.028125 0.034375
2 0.24296875 0.81328125 0.015625 0.0421875
2 0.26484375 0.78515625 0.01875 0.0453125
2 0.35 0.828125 0.025 0.03125
2 0.17734375 0.909375 0.021875 0.05
2 0.1546875 0.903125 0.0234375 0.0421875
2 0.12890625 0.91328125 0.021875 0.065625
2 0.0984375 0.64140625 0.0125 0.065625
2 0.10859375 0.61640625 0.015625 0.0421875
2 0.1015625 0.6140625 0.0125 0.059375
2 0.1125 0.88359375 0.015625 0.05625
2 0.12578125 0.79453125 0.009375 0.065625
2 0.10703125 0.79453125 0.015625 0.040625
2 0.184375 0.75546875 0.0125 0.0703125
2 0.18828125 0.846875 0.015625 0.040625
2 0.2171875 0.5875 0.025 0.059375