0 0.03125 0.87109375 0.015625 0.05625
0 0.0203125 0.85546875 0.015625 0.06875
0 0.00859375 0.14921875 0.015625 0.075
0 0.04375 0.18125 0.01875 0.0625
0 0.0796875 0.08046875 0.021875 0.0625
0 0.159375 0.6296875 0.028125 0.0625
0 0.22421875 0.265625 0.0234375 0.053125
0 0.2453125 0.13515625 0.0390625 0.040625
0 0.09375 0.978125 0.015625 0.04375
0 0.1296875 0.871875 0.015625 0.071875
0 0.19609375 0.71640625 0.025 0.040625
0 0.2359375 0.74140625 0.0265625 0.046875
0 0.296875 0.38828125 0.0203125 0.05625
0 0.27578125 0.18203125 0.0234375 0.0484375
0 0.36015625 0.409375 0.0296875 0.04375
0 0.346875 0.640625 0.028125 0.059375
0 0.46015625 0.54140625 0.021875 0.040625
0 0.46953125 0.12578125 0.021875 0.053125
0 0.540625 0.8609375 0.015625 0.040625
0 0.5734375 0.60859375 0.015625 0.040625
0 0.58359375 0.55234375 0.0125 0.0546875
0 0.66015625 0.42578125 0.021875 0.034375
0 0.69453125 0.465625 0.021875 0.0546875
0 0.6546875 0.57265625 0.01875 0.053125
0 0.665625 0.28515625 0.0125 0.05625
0 0.60234375 0.1515625 0.0171875 0.0515625
0 0.69296875 0.621875 0.0140625 0.0640625
0 0.74140625 0.64453125 0.0265625 0.0296875
0 0.76875 0.525 0.01875 0.05625
0 0.79921875 0.63984375 0.015625 0.053125
0 0.77109375 0.3578125 0.015625 0.0625
0 0.725 0.3953125 0.0234375 0.0296875
0 0.840625 0.74140625 0.0140625 0.0640625
0 0.84921875 0.5296875 0.0171875 0.0578125
0 0.86484375 0.33671875 0.021875 0.0625
0 0.8640625 0.2640625 0.01875 0.05
0 0.84375 0.2359375 0.015625 0.05
0 0.91171875 0.278125 0.015625 0.046875
0 0.90390625 0.3078125 0.0140625 0.053125
0 0.91640625 0.8046875 0.0234375 0.0609375
0 0.87265625 0.79609375 0.025 0.0609375