0 0.02421875 0.7421875 0.0234375 0.08125
0 0.08125 0.46015625 0.01875 0.071875
0 0.046875 0.06796875 0.015625 0.08125
0 0.1515625 0.73359375 0.028125 0.065625
0 0.2359375 0.8671875 0.0234375 0.08125
0 0.21796875 0.92109375 0.0265625 0.05
0 0.13984375 0.48125 0.0171875 0.071875
0 0.234375 0.57265625 0.021875 0.059375
0 0.090625 0.040625 0.025 0.065625
0 0.0171875 0.16328125 0.015625 0.0734375
0 0.2875 0.475 0.021875 0.0875
0 0.28828125 0.81484375 0.0265625 0.0609375
0 0.24140625 0.15078125 0.025 0.0953125
0 0.4390625 0.884375 0.025 0.090625
0 0.46171875 0.734375 0.0203125 0.08125
0 0.421875 0.27578125 0.034375 0.034375
0 0.60390625 0.94765625 0.034375 0.0421875
0 0.54765625 0.9078125 0.0375 0.05
0 0.60859375 0.51328125 0.0234375 0.075
0 0.5828125 0.52421875 0.0203125 0.071875
0 0.64921875 0.53828125 0.0171875 0.059375
0 0.66953125 0.48671875 0.0328125 0.059375
0 0.6671875 0.76015625 0.021875 0.059375
0 0.74609375 0.690625 0.0265625 0.05
0 0.72734375 0.69296875 0.0234375 0.0640625
0 0.7125 0.571875 0.021875 0.06875
0 0.4703125 0.20390625 0.03125 0.0625
0 0.4953125 0.528125 0.03125 0.040625
0 0.81796875 0.6515625 0.021875 0.0625
0 0.790625 0.65546875 0.0125 0.0625
0 0.8328125 0.71796875 0.028125 0.04375
0 0.82890625 0.53515625 0.021875 0.0796875
0 0.734375 0.46796875 0.025 0.0640625
0 0.83359375 0.1953125 0.0234375 0.06875
0 0.79375 0.1296875 0.025 0.0453125
0 0.72109375 0.18046875 0.0234375 0.06875
0 0.6984375 0.14765625 0.03125 0.053125
0 0.8421875 0.34296875 0.0265625 0.08125
0 0.8828125 0.8390625 0.021875 0.08125
0 0.92109375 0.46953125 0.025 0.0453125
0 0.084375 0.5046875 0.01875 0.059375
0 0.16328125 0.8484375 0.01875 0.05625
0 0.19296875 0.33046875 0.0234375 0.0625
0 0.19375 0.26015625 0.021875 0.084375
0 0.784375 0.31484375 0.01875 0.05625