0 0.028125 0.08125 0.05546875 0.02265625
0 0.4296875 0.053125 0.03359375 0.0265625
0 0.5 0.05859375 0.06875 0.0171875
0 0.709375 0.0203125 0.06484375 0.0203125
0 0.86875 0.0859375 0.0421875 0.02265625
0 0.9125 0.0703125 0.040625 0.02265625
0 0.9765625 0.0828125 0.03984375 0.02890625
0 0.7671875 0.15234375 0.0296875 0.021875
0 0.84375 0.259375 0.053125 0.02578125
0 0.6296875 0.18203125 0.065625 0.0203125
0 0.43359375 0.1296875 0.04921875 0.01875
0 0.37109375 0.14921875 0.05234375 0.02265625
0 0.13203125 0.1890625 0.04453125 0.01484375
0 0.28046875 0.21171875 0.040625 0.025
0 0.3453125 0.24921875 0.04765625 0.01953125
0 0.134375 0.26015625 0.0296875 0.01640625
0 0.640625 0.31953125 0.04765625 0.01171875
0 0.54375 0.29140625 0.028125 0.02734375
0 0.97265625 0.296875 0.03515625 0.02578125
0 0.3453125 0.35625 0.0453125 0.021875
0 0.05703125 0.35859375 0.028125 0.02265625
0 0.603125 0.4796875 0.05546875 0.015625
0 0.459375 0.428125 0.059375 0.01640625
0 0.13671875 0.5390625 0.059375 0.01796875
0 0.79765625 0.51171875 0.0625 0.02109375
0 0.74296875 0.57734375 0.040625 0.021875
0 0.76328125 0.5984375 0.05234375 0.02421875
0 0.3859375 0.57734375 0.04921875 0.021875
0 0.7 0.7359375 0.040625 0.025
0 0.86015625 0.76015625 0.0453125 0.01796875
0 0.92578125 0.57578125 0.025 0.02421875
0 0.4203125 0.725 0.0421875 0.0203125
0 0.18359375 0.79375 0.04921875 0.01796875
0 0.26796875 0.87109375 0.05234375 0.01640625
0 0.68203125 0.896875 0.04765625 0.01953125
0 0.6125 0.89921875 0.05546875 0.01328125
0 0.25625 0.7265625 0.06328125 0.01484375
0 0.37578125 0.746875 0.05234375 0.01328125
0 0.50703125 0.9265625 0.0484375 0.02265625
0 0.634375 0.84296875 0.040625 0.02109375
0 0.421875 0.8375 0.04609375 0.01484375