2 0.875 0.76328125 0.028125 0.04375
2 0.90703125 0.75078125 0.021875 0.0484375
2 0.83046875 0.728125 0.0125 0.075
2 0.809375 0.71328125 0.021875 0.046875
2 0.84140625 0.715625 0.0171875 0.05625
2 0.83125 0.5984375 0.0171875 0.040625
2 0.85546875 0.52734375 0.01875 0.04375
2 0.790625 0.9265625 0.0203125 0.053125
2 0.85859375 0.13046875 0.01875 0.034375
2 0.884375 0.053125 0.0125 0.071875
2 0.9125 0.040625 0.01875 0.075
2 0.89765625 0.0890625 0.01875 0.053125
2 0.884375 0.51328125 0.0140625 0.071875
2 0.634375 0.684375 0.0265625 0.0296875
2 0.71640625 0.91796875 0.03125 0.034375
2 0.79453125 0.28671875 0.021875 0.059375
2 0.5125 0.80390625 0.0140625 0.0375
2 0.47421875 0.9125 0.0390625 0.040625
2 0.46796875 0.90390625 0.0375 0.034375
2 0.48046875 0.78515625 0.01875 0.0515625
2 0.45703125 0.39140625 0.03125 0.03125
2 0.4171875 0.11484375 0.0140625 0.05
2 0.409375 0.59140625 0.021875 0.028125
2 0.41484375 0.4078125 0.025 0.040625
2 0.28046875 0.853125 0.034375 0.0375
2 0.3890625 0.8796875 0.03125 0.040625
2 0.1515625 0.62265625 0.021875 0.0515625
2 0.165625 0.30859375 0.0125 0.053125
2 0.13125 0.03203125 0.01875 0.0484375
2 0.228125 0.30859375 0.01875 0.053125
2 0.1953125 0.6109375 0.01875 0.05625
2 0.71875 0.08828125 0.021875 0.040625
2 0.67578125 0.84921875 0.0265625 0.028125
2 0.18671875 0.54375 0.01875 0.0515625
2 0.225 0.84765625 0.01875 0.0375