0 0.946875 0.11171875 0.028125 0.0703125
0 0.91796875 0.053125 0.025 0.05625
0 0.90703125 0.23359375 0.028125 0.0625
0 0.86953125 0.6890625 0.028125 0.0578125
0 0.9140625 0.82890625 0.015625 0.0640625
0 0.8203125 0.9375 0.034375 0.05625
0 0.825 0.64609375 0.021875 0.0453125
0 0.746875 0.32109375 0.025 0.05625
0 0.74375 0.1546875 0.028125 0.05625
0 0.83125 0.1125 0.021875 0.0578125
0 0.7390625 0.4921875 0.034375 0.0640625
0 0.70546875 0.48203125 0.025 0.0703125
0 0.65703125 0.24609375 0.025 0.059375
0 0.63125 0.31171875 0.034375 0.053125
0 0.6390625 0.62109375 0.028125 0.0890625
0 0.6265625 0.97109375 0.021875 0.0578125
0 0.55 0.92890625 0.03125 0.06875
0 0.49140625 0.58984375 0.0296875 0.059375
0 0.475 0.2984375 0.0296875 0.08125
0 0.57421875 0.10390625 0.0203125 0.0640625
0 0.41796875 0.3921875 0.0375 0.0625
0 0.38203125 0.18359375 0.028125 0.0625
0 0.3984375 0.6140625 0.025 0.0671875
0 0.3421875 0.56953125 0.0234375 0.0640625
0 0.25625 0.8 0.025 0.0421875
0 0.2671875 0.7453125 0.021875 0.034375
0 0.32734375 0.928125 0.021875 0.053125
0 0.38984375 0.92734375 0.025 0.0765625
0 0.2234375 0.4796875 0.03125 0.0546875
0 0.21484375 0.63828125 0.015625 0.06875
0 0.16953125 0.7984375 0.0203125 0.0796875
0 0.11875 0.81640625 0.021875 0.0515625
0 0.13046875 0.5140625 0.021875 0.05
0 0.1609375 0.5 0.028125 0.0515625
0 0.14296875 0.3328125 0.0265625 0.06875
0 0.1078125 0.5453125 0.021875 0.0609375