0 0.2609375 0.04453125 0.06875 0.025
0 0.36640625 0.0671875 0.0609375 0.0234375
0 0.1015625 0.13125 0.0765625 0.0234375
0 0.1390625 0.1203125 0.0765625 0.02890625
0 0.6359375 0.09609375 0.08046875 0.02265625
0 0.61171875 0.06875 0.08828125 0.02578125
0 0.875 0.090625 0.046875 0.025
0 0.815625 0.14921875 0.0484375 0.0265625
0 0.70625 0.15625 0.08203125 0.028125
0 0.96796875 0.06953125 0.0640625 0.01953125
0 0.60234375 0.04765625 0.0765625 0.02734375
0 0.73125 0.21171875 0.0734375 0.01953125
0 0.64765625 0.2703125 0.0515625 0.0359375
0 0.4734375 0.25625 0.0671875 0.01875
0 0.478125 0.228125 0.0578125 0.03671875
0 0.159375 0.153125 0.0609375 0.01953125
0 0.06328125 0.3015625 0.06953125 0.02890625
0 0.5171875 0.3 0.0546875 0.01953125
0 0.52578125 0.35 0.03984375 0.02421875
0 0.9484375 0.334375 0.03046875 0.0296875
0 0.7609375 0.50390625 0.06640625 0.01796875
0 0.9203125 0.5703125 0.05078125 0.025
0 0.36484375 0.546875 0.07109375 0.02109375
0 0.265625 0.5078125 0.04921875 0.021875
0 0.14375 0.4625 0.04453125 0.03046875
0 0.04921875 0.51953125 0.05703125 0.015625
0 0.3546875 0.7546875 0.06953125 0.02265625
0 0.1390625 0.78125 0.05625 0.015625
0 0.35234375 0.80703125 0.05546875 0.01875
0 0.409375 0.821875 0.05703125 0.02578125
0 0.58203125 0.9046875 0.07890625 0.025
0 0.1671875 0.89765625 0.0640625 0.01796875
0 0.03046875 0.96328125 0.06015625 0.02265625
0 0.65625 0.79375 0.06875 0.021875
0 0.6140625 0.67265625 0.05859375 0.02421875
0 0.82265625 0.61796875 0.0609375 0.02109375
0 0.92421875 0.6109375 0.0359375 0.03046875
0 0.9828125 0.76015625 0.034375 0.03046875
0 0.97578125 0.1671875 0.0484375 0.021875
0 0.71640625 0.03203125 0.0734375 0.01796875
0 0.02734375 0.10078125 0.0546875 0.0203125
0 0.1453125 0.4234375 0.07265625 0.021875
0 0.6640625 0.76796875 0.05859375 0.0203125
0 0.0375 0.821875 0.05859375 0.02265625