0 0.5171875 0.04296875 0.05625 0.02734375
0 0.6390625 0.06640625 0.05625 0.028125
0 0.90546875 0.04609375 0.06640625 0.0265625
0 0.9328125 0.115625 0.05 0.01875
0 0.98125 0.196875 0.03671875 0.028125
0 0.69609375 0.19921875 0.06171875 0.01796875
0 0.60546875 0.20234375 0.040625 0.025
0 0.4625 0.184375 0.06953125 0.025
0 0.27265625 0.17109375 0.0390625 0.01875
0 0.33671875 0.171875 0.07421875 0.02578125
0 0.19453125 0.12734375 0.03828125 0.01953125
0 0.10234375 0.16875 0.03828125 0.02578125
0 0.12578125 0.1140625 0.046875 0.02265625
0 0.3359375 0.084375 0.04375 0.01796875
0 0.2234375 0.37421875 0.0609375 0.0265625
0 0.275 0.34921875 0.05625 0.01796875
0 0.75546875 0.31640625 0.046875 0.025
0 0.75703125 0.36328125 0.078125 0.0296875
0 0.76875 0.41875 0.0421875 0.0171875
0 0.82890625 0.396875 0.0484375 0.03515625
0 0.43203125 0.53359375 0.084375 0.0328125
0 0.215625 0.4765625 0.08671875 0.02421875
0 0.32578125 0.6296875 0.0625 0.025
0 0.15625 0.68125 0.0640625 0.028125
0 0.82578125 0.64296875 0.08125 0.04140625
0 0.85234375 0.55078125 0.0546875 0.0234375
0 0.38671875 0.67734375 0.0765625 0.02421875
0 0.42109375 0.73359375 0.06640625 0.03125
0 0.2125 0.803125 0.0890625 0.0359375
0 0.1015625 0.81171875 0.05859375 0.0265625
0 0.47265625 0.91953125 0.0671875 0.01953125
0 0.77578125 0.88203125 0.06015625 0.03515625
0 0.221875 0.84921875 0.04609375 0.02890625
0 0.48203125 0.78984375 0.025 0.0390625
0 0.8953125 0.6671875 0.06953125 0.02578125
0 0.290625 0.50703125 0.01796875 0.021875
0 0.06328125 0.5625 0.084375 0.03203125
0 0.81875 0.44453125 0.05546875 0.046875
0 0.85703125 0.15546875 0.05546875 0.0359375
0 0.93984375 0.33515625 0.065625 0.03828125