0 0.93359375 0.353125 0.025 0.046875
0 0.91640625 0.446875 0.0265625 0.059375
0 0.896875 0.73359375 0.021875 0.065625
0 0.98671875 0.7046875 0.0265625 0.0828125
0 0.78046875 0.69609375 0.0375 0.0796875
0 0.74453125 0.775 0.03125 0.0578125
0 0.91015625 0.625 0.03125 0.065625
0 0.834375 0.825 0.0234375 0.0578125
0 0.83515625 0.58828125 0.028125 0.04375
0 0.85390625 0.04765625 0.025 0.0703125
0 0.95703125 0.22421875 0.0265625 0.046875
0 0.9015625 0.296875 0.0234375 0.0484375
0 0.91328125 0.18984375 0.0234375 0.046875
0 0.8796875 0.20859375 0.021875 0.04375
0 0.70234375 0.46171875 0.034375 0.05625
0 0.75703125 0.025 0.01875 0.05
0 0.3046875 0.01796875 0.028125 0.0359375
0 0.603125 0.34609375 0.021875 0.071875
0 0.3328125 0.37421875 0.0359375 0.071875
0 0.42109375 0.165625 0.040625 0.034375
0 0.3625 0.60234375 0.01875 0.05
0 0.42109375 0.8671875 0.0203125 0.053125
0 0.4046875 0.7234375 0.0265625 0.040625
0 0.18984375 0.15390625 0.0234375 0.0546875
0 0.21015625 0.38359375 0.021875 0.046875
0 0.22421875 0.4921875 0.0125 0.046875
0 0.10234375 0.215625 0.028125 0.059375
0 0.2625 0.82578125 0.021875 0.0703125
0 0.1703125 0.39140625 0.01875 0.05625
0 0.396875 0.09921875 0.0296875 0.0765625
0 0.22734375 0.02421875 0.0390625 0.0484375
0 0.83515625 0.3109375 0.025 0.0734375
0 0.55234375 0.8484375 0.021875 0.059375
0 0.66796875 0.65390625 0.03125 0.071875
0 0.1671875 0.55234375 0.021875 0.078125
0 0.86484375 0.41953125 0.021875 0.06875
0 0.82421875 0.959375 0.021875 0.0546875
0 0.871875 0.040625 0.021875 0.08125