0 0.3 0.03828125 0.07890625 0.021875
0 0.4015625 0.034375 0.08671875 0.028125
0 0.2375 0.05078125 0.0765625 0.01640625
0 0.08046875 0.05859375 0.03359375 0.0375
0 0.15546875 0.13125 0.0546875 0.01640625
0 0.05078125 0.11484375 0.05859375 0.0203125
0 0.34140625 0.16171875 0.06875 0.01484375
0 0.32265625 0.15234375 0.0296875 0.0265625
0 0.56640625 0.1359375 0.05859375 0.01015625
0 0.975 0.034375 0.04921875 0.028125
0 0.79453125 0.10703125 0.0703125 0.01796875
0 0.95546875 0.140625 0.05078125 0.02421875
0 0.740625 0.1546875 0.05 0.0234375
0 0.62265625 0.15859375 0.06796875 0.0265625
0 0.934375 0.184375 0.0578125 0.01875
0 0.88046875 0.165625 0.06875 0.0234375
0 0.7890625 0.21484375 0.05234375 0.0234375
0 0.63984375 0.23984375 0.06171875 0.02890625
0 0.646875 0.22109375 0.06640625 0.015625
0 0.31796875 0.23671875 0.04375 0.028125
0 0.64453125 0.321875 0.0421875 0.0234375
0 0.64296875 0.29609375 0.05625 0.03203125
0 0.790625 0.340625 0.034375 0.0296875
0 0.85 0.3375 0.06171875 0.02265625
0 0.9328125 0.3046875 0.06171875 0.021875
0 0.9609375 0.21953125 0.03828125 0.0203125
0 0.36640625 0.35234375 0.05 0.0265625
0 0.7296875 0.453125 0.05078125 0.0171875
0 0.76953125 0.428125 0.0640625 0.02265625
0 0.6 0.571875 0.06796875 0.0203125
0 0.4171875 0.6953125 0.03671875 0.03203125
0 0.1875 0.74453125 0.06640625 0.0234375
0 0.609375 0.73359375 0.05390625 0.02265625
0 0.70703125 0.70234375 0.05625 0.025
0 0.090625 0.77734375 0.02421875 0.03125
0 0.06171875 0.66640625 0.0484375 0.03828125
0 0.06015625 0.7203125 0.03828125 0.03125
0 0.146875 0.85703125 0.0703125 0.0265625
0 0.3796875 0.846875 0.071875 0.02109375
0 0.58359375 0.8828125 0.0703125 0.02265625
0 0.4453125 0.89765625 0.07890625 0.021875
0 0.3671875 0.9765625 0.0640625 0.02578125
0 0.59140625 0.98046875 0.05234375 0.025
0 0.15546875 0.95546875 0.0828125 0.01953125
0 0.40546875 0.8265625 0.08203125 0.0171875
0 0.21015625 0.9234375 0.084375 0.02578125