0 0.6125 0.021875 0.0609375 0.03828125
0 0.15390625 0.06796875 0.0625 0.0390625
0 0.14296875 0.04375 0.0671875 0.0375
0 0.44453125 0.09921875 0.0984375 0.0328125
0 0.33125 0.08046875 0.059375 0.028125
0 0.31953125 0.121875 0.0796875 0.0296875
0 0.09453125 0.140625 0.08515625 0.03515625
0 0.20703125 0.15546875 0.0734375 0.0296875
0 0.26171875 0.1671875 0.05078125 0.0234375
0 0.30859375 0.1875 0.05859375 0.01796875
0 0.23125 0.1953125 0.0390625 0.0234375
0 0.31875 0.23359375 0.0703125 0.02109375
0 0.51796875 0.14375 0.0359375 0.01796875
0 0.725 0.13046875 0.07734375 0.01796875
0 0.58984375 0.15625 0.03359375 0.0203125
0 0.58671875 0.1875 0.025 0.01953125
0 0.55390625 0.2015625 0.04921875 0.0203125
0 0.83203125 0.2765625 0.04453125 0.0265625
0 0.6984375 0.21875 0.0765625 0.021875
0 0.9328125 0.2515625 0.05 0.03203125
0 0.80546875 0.15078125 0.06328125 0.01796875
0 0.83359375 0.13515625 0.04765625 0.028125
0 0.91171875 0.290625 0.06171875 0.02421875
0 0.9015625 0.346875 0.04140625 0.03203125
0 0.346875 0.3515625 0.059375 0.02578125
0 0.25390625 0.32421875 0.0765625 0.03046875
0 0.0265625 0.33359375 0.053125 0.03671875
0 0.76953125 0.4203125 0.0703125 0.0296875
0 0.74375 0.44453125 0.090625 0.015625
0 0.03671875 0.46171875 0.06796875 0.02421875
0 0.6109375 0.57734375 0.08828125 0.034375
0 0.75546875 0.71875 0.0625 0.02578125
0 0.43359375 0.68671875 0.06875 0.040625
0 0.05 0.7578125 0.05234375 0.0234375
0 0.54765625 0.78359375 0.0640625 0.02265625
0 0.43515625 0.8375 0.0640625 0.03125
0 0.51953125 0.83828125 0.0578125 0.01796875
0 0.6921875 0.83203125 0.0484375 0.02421875
0 0.6578125 0.85 0.03046875 0.01484375
0 0.52734375 0.8953125 0.05390625 0.03125
0 0.953125 0.76640625 0.059375 0.02734375
0 0.7828125 0.98046875 0.07421875 0.0265625
0 0.3546875 0.87109375 0.053125 0.034375
0 0.14296875 0.92265625 0.06640625 0.02890625
0 0.02265625 0.94921875 0.03671875 0.021875
0 0.05625 0.93203125 0.05078125 0.03515625
0 0.02265625 0.84765625 0.0390625 0.025
0 0.178125 0.8328125 0.06015625 0.021875
0 0.11796875 0.81171875 0.05078125 0.01796875