0 0.3140625 0.1421875 0.06875 0.01875
0 0.55859375 0.22734375 0.040625 0.0171875
0 0.64375 0.15390625 0.059375 0.025
0 0.6109375 0.59921875 0.053125 0.034375
0 0.653125 0.90546875 0.053125 0.0328125
0 0.940625 0.89140625 0.0828125 0.01875
0 0.7375 0.68515625 0.053125 0.021875
0 0.7875 0.93984375 0.053125 0.025
0 0.7484375 0.81875 0.05625 0.03125
0 0.4578125 0.77890625 0.0484375 0.0296875
0 0.29921875 0.1765625 0.05625 0.025
0 0.65703125 0.3421875 0.053125 0.021875
0 0.9828125 0.23984375 0.034375 0.025
0 0.4578125 0.67109375 0.04375 0.0328125
0 0.93203125 0.8015625 0.053125 0.025
0 0.58828125 0.1328125 0.0609375 0.01875
0 0.890625 0.6390625 0.0515625 0.03125
0 0.29296875 0.6953125 0.0453125 0.028125
0 0.21640625 0.14140625 0.046875 0.025
0 0.04375 0.30703125 0.040625 0.01875
0 0.10234375 0.4921875 0.05 0.0359375
0 0.7359375 0.9578125 0.0546875 0.028125
0 0.315625 0.03515625 0.065625 0.021875
0 0.7921875 0.0796875 0.0421875 0.0234375
0 0.87421875 0.76484375 0.0625 0.025
0 0.865625 0.0390625 0.0625 0.0203125
0 0.66953125 0.2171875 0.046875 0.025
0 0.39375 0.24140625 0.0375 0.021875
0 0.24453125 0.6546875 0.0578125 0.025
0 0.1359375 0.55546875 0.0359375 0.0328125
0 0.5328125 0.40703125 0.06875 0.015625
0 0.3140625 0.403125 0.05625 0.021875
0 0.64609375 0.0125 0.0625 0.025