0 0.940625 0.37734375 0.0375 0.065625
0 0.9703125 0.31484375 0.0296875 0.0625
0 0.79765625 0.1109375 0.04375 0.1078125
0 0.77109375 0.14609375 0.0265625 0.0609375
0 0.7296875 0.30390625 0.0375 0.0703125
0 0.76171875 0.56484375 0.0421875 0.115625
0 0.8828125 0.90703125 0.0359375 0.06875
0 0.82109375 0.93359375 0.0328125 0.053125
0 0.984375 0.7515625 0.025 0.059375
0 0.92578125 0.7546875 0.03125 0.078125
0 0.8265625 0.33359375 0.034375 0.084375
0 0.86640625 0.50234375 0.0484375 0.0984375
0 0.55703125 0.05859375 0.03125 0.090625
0 0.6234375 0.93671875 0.034375 0.0890625
0 0.5640625 0.6765625 0.040625 0.053125
0 0.534375 0.93671875 0.03125 0.0546875
0 0.56171875 0.98359375 0.034375 0.028125
0 0.27578125 0.37578125 0.05 0.08125
0 0.38671875 0.515625 0.0375 0.0515625
0 0.38125 0.57421875 0.025 0.053125
0 0.38984375 0.40625 0.028125 0.0515625
0 0.36796875 0.24609375 0.0390625 0.0828125
0 0.2921875 0.22109375 0.0375 0.075
0 0.45859375 0.225 0.03125 0.053125
0 0.5125 0.3015625 0.034375 0.071875
0 0.3859375 0.0890625 0.03125 0.071875
0 0.05625 0.1359375 0.040625 0.075
0 0.08515625 0.50625 0.0625 0.1
0 0.21015625 0.77109375 0.05625 0.065625
0 0.22578125 0.6140625 0.034375 0.05
0 0.125 0.459375 0.0203125 0.05
0 0.22265625 0.28671875 0.0375 0.046875