0 0.13203125 0.47890625 0.01875 0.06875
0 0.078125 0.71953125 0.01875 0.053125
0 0.28359375 0.509375 0.0171875 0.040625
0 0.32421875 0.3921875 0.025 0.0515625
0 0.26484375 0.03359375 0.025 0.0625
0 0.009375 0.64140625 0.01875 0.0421875
0 0.12578125 0.228125 0.025 0.059375
0 0.17578125 0.05625 0.0234375 0.075
0 0.62890625 0.53203125 0.034375 0.053125
0 0.72265625 0.8375 0.025 0.046875
0 0.8015625 0.271875 0.0328125 0.053125
0 0.84375 0.35703125 0.0234375 0.05625
0 0.88203125 0.14765625 0.01875 0.0828125
0 0.75390625 0.47265625 0.021875 0.053125
0 0.9109375 0.3828125 0.025 0.078125
0 0.87109375 0.2390625 0.03125 0.05625
0 0.78828125 0.5578125 0.0296875 0.0484375
0 0.8546875 0.2 0.025 0.075
0 0.1 0.40078125 0.0265625 0.090625
0 0.37578125 0.93125 0.028125 0.0796875
0 0.834375 0.5546875 0.021875 0.075
0 0.36796875 0.0171875 0.025 0.034375
0 0.94609375 0.12734375 0.0265625 0.071875
0 0.66015625 0.88125 0.0328125 0.04375
0 0.86640625 0.31484375 0.025 0.053125
0 0.14140625 0.03046875 0.01875 0.0609375
0 0.6703125 0.24375 0.03125 0.0515625
0 0.15 0.23125 0.025 0.075
0 0.8328125 0.753125 0.034375 0.0734375
0 0.67265625 0.74296875 0.028125 0.0453125
0 0.0609375 0.6671875 0.015625 0.06875
0 0.0984375 0.4421875 0.025 0.046875
0 0.44296875 0.8015625 0.0296875 0.0375
0 0.2015625 0.54765625 0.021875 0.08125
0 0.2671875 0.95546875 0.01875 0.040625
0 0.3078125 0.959375 0.021875 0.05625
0 0.48984375 0.0265625 0.0265625 0.053125
0 0.521875 0.87109375 0.0359375 0.05
0 0.9328125 0.8171875 0.03125 0.096875
0 0.9484375 0.2078125 0.03125 0.05
0 0.940625 0.2234375 0.028125 0.0546875
0 0.9046875 0.228125 0.028125 0.06875