0 0.45 0.09375 0.0703125 0.01875
0 0.021875 0.1140625 0.040625 0.015625
0 0.2546875 0.125 0.0515625 0.01875
0 0.2484375 0.15703125 0.03125 0.021875
0 0.42734375 0.14375 0.059375 0.015625
0 0.31796875 0.18203125 0.046875 0.01875
0 0.81171875 0.19140625 0.04375 0.021875
0 0.8546875 0.16875 0.05 0.01875
0 0.83984375 0.13046875 0.0375 0.0140625
0 0.95625 0.121875 0.040625 0.015625
0 0.7390625 0.159375 0.059375 0.0171875
0 0.74765625 0.1171875 0.05 0.015625
0 0.4671875 0.29140625 0.040625 0.028125
0 0.4953125 0.21953125 0.0390625 0.0203125
0 0.509375 0.20703125 0.0625 0.015625
0 0.03515625 0.39921875 0.046875 0.03125
0 0.31015625 0.45 0.059375 0.025
0 0.2640625 0.5125 0.059375 0.01875
0 0.26796875 0.4953125 0.0375 0.021875
0 0.33125 0.57421875 0.040625 0.01875
0 0.33203125 0.56171875 0.046875 0.015625
0 0.35703125 0.55078125 0.05625 0.0140625
0 0.125 0.625 0.046875 0.025
0 0.29921875 0.6890625 0.04375 0.0140625
0 0.53515625 0.25625 0.0328125 0.0125
0 0.57109375 0.28828125 0.03125 0.028125
0 0.6359375 0.42890625 0.03125 0.015625
0 0.540625 0.4234375 0.040625 0.021875
0 0.8515625 0.3859375 0.03125 0.01875
0 0.92421875 0.36015625 0.0328125 0.015625
0 0.86484375 0.54609375 0.046875 0.015625
0 0.43125 0.60859375 0.053125 0.01875
0 0.47578125 0.6328125 0.03125 0.0171875
0 0.334375 0.79765625 0.06875 0.021875
0 0.31953125 0.784375 0.04375 0.01875
0 0.97578125 0.67890625 0.046875 0.01875
0 0.865625 0.66015625 0.0375 0.0234375
0 0.8578125 0.615625 0.03125 0.025
0 0.29453125 0.73515625 0.0625 0.01875
0 0.68359375 0.8171875 0.0640625 0.01875
0 0.225 0.81640625 0.0609375 0.0234375
0 0.0203125 0.82578125 0.040625 0.015625
0 0.365625 0.809375 0.0609375 0.021875
0 0.58203125 0.8734375 0.071875 0.0265625
0 0.35546875 0.85546875 0.059375 0.01875
0 0.18359375 0.94375 0.0765625 0.03125
0 0.403125 0.95 0.025 0.01875
0 0.2921875 0.94453125 0.040625 0.021875
0 0.63828125 0.98828125 0.0546875 0.0234375
0 0.9578125 0.95234375 0.0625 0.0265625