0 0.4109375 0.10546875 0.06640625 0.03359375
0 0.4265625 0.07265625 0.07421875 0.01640625
0 0.11484375 0.06328125 0.0625 0.0265625
0 0.565625 0.10234375 0.0703125 0.0296875
0 0.60625 0.075 0.0875 0.0234375
0 0.08203125 0.11953125 0.05703125 0.0265625
0 0.74140625 0.17265625 0.0875 0.0265625
0 0.553125 0.215625 0.06484375 0.01875
0 0.2 0.209375 0.0734375 0.0265625
0 0.1828125 0.17890625 0.0515625 0.02734375
0 0.05625 0.16171875 0.05703125 0.02421875
0 0.1 0.13984375 0.05703125 0.0265625
0 0.6640625 0.2140625 0.06484375 0.01953125
0 0.55078125 0.196875 0.046875 0.015625
0 0.38984375 0.31328125 0.0546875 0.03828125
0 0.4515625 0.15234375 0.06875 0.0234375
0 0.3015625 0.134375 0.0640625 0.0265625
0 0.075 0.38671875 0.04765625 0.02890625
0 0.2296875 0.4109375 0.04609375 0.02578125
0 0.3234375 0.46328125 0.05625 0.02421875
0 0.1875 0.4890625 0.05234375 0.0203125
0 0.0578125 0.478125 0.0546875 0.0203125
0 0.096875 0.52578125 0.03671875 0.03359375
0 0.16015625 0.5453125 0.05 0.01953125
0 0.90078125 0.2578125 0.05625 0.02421875
0 0.5953125 0.6078125 0.05625 0.03671875
0 0.67578125 0.54375 0.0484375 0.03515625
0 0.7765625 0.496875 0.04375 0.02109375
0 0.70703125 0.47265625 0.06875 0.028125
0 0.81015625 0.58515625 0.05078125 0.0234375
0 0.29453125 0.67265625 0.03671875 0.0328125
0 0.14375 0.76953125 0.0421875 0.03359375
0 0.91875 0.64921875 0.05390625 0.0234375
0 0.7734375 0.64296875 0.0546875 0.0296875
0 0.559375 0.7 0.06875 0.02265625
0 0.028125 0.840625 0.04609375 0.03828125
0 0.03984375 0.81328125 0.0796875 0.02265625
0 0.13515625 0.9609375 0.0484375 0.02734375
0 0.49765625 0.89921875 0.0703125 0.0234375
0 0.65390625 0.91171875 0.06171875 0.02109375
0 0.59140625 0.8671875 0.03046875 0.0234375
0 0.8578125 0.725 0.05625 0.025
0 0.90078125 0.76328125 0.0359375 0.0234375
0 0.56171875 0.9453125 0.08828125 0.0265625
0 0.02421875 0.128125 0.0484375 0.0265625
0 0.09375 0.92421875 0.053125 0.02421875