2 0.03125 0.190625 0.040625 0.0375
2 0.08984375 0.68203125 0.021875 0.0703125
2 0.103125 0.215625 0.015625 0.065625
2 0.10546875 0.1484375 0.040625 0.046875
2 0.08203125 0.2109375 0.03125 0.05625
2 0.171875 0.50546875 0.025 0.071875
2 0.15703125 0.49453125 0.025 0.0515625
2 0.184375 0.86875 0.025 0.0578125
2 0.159375 0.90546875 0.021875 0.05
2 0.28046875 0.3171875 0.0171875 0.05625
2 0.23125 0.2734375 0.034375 0.0390625
2 0.2359375 0.04296875 0.025 0.06875
2 0.2171875 0.12421875 0.021875 0.05625
2 0.26640625 0.634375 0.015625 0.053125
2 0.20390625 0.86875 0.015625 0.0578125
2 0.3046875 0.13984375 0.034375 0.046875
2 0.3921875 0.12578125 0.0390625 0.028125
2 0.37421875 0.1703125 0.034375 0.0296875
2 0.36953125 0.06640625 0.034375 0.034375
2 0.4765625 0.2375 0.028125 0.0328125
2 0.42578125 0.4703125 0.040625 0.0375
2 0.3890625 0.88046875 0.025 0.0734375
2 0.48984375 0.078125 0.0265625 0.04375
2 0.62109375 0.3015625 0.028125 0.0453125
2 0.7265625 0.09453125 0.028125 0.053125
2 0.684375 0.1203125 0.034375 0.046875
2 0.775 0.1421875 0.021875 0.0453125
2 0.8125 0.32734375 0.0140625 0.0640625
2 0.815625 0.43828125 0.01875 0.06875
2 0.8546875 0.55234375 0.03125 0.0421875
2 0.77421875 0.7734375 0.01875 0.071875
2 0.7296875 0.83203125 0.021875 0.0515625
2 0.1359375 0.559375 0.0203125 0.05625
2 0.74140625 0.22109375 0.025 0.03125