2 0.6515625 0.58515625 0.03359375 0.01875
2 0.86328125 0.53125 0.03984375 0.0171875
2 0.4046875 0.5703125 0.0484375 0.02265625
2 0.434375 0.60234375 0.07265625 0.02265625
2 0.2640625 0.70625 0.0375 0.028125
2 0.19921875 0.5859375 0.0609375 0.02578125
2 0.0609375 0.58671875 0.06796875 0.02734375
2 0.034375 0.70390625 0.046875 0.025
2 0.10703125 0.7171875 0.04375 0.025
2 0.471875 0.86484375 0.05234375 0.015625
2 0.60078125 0.84453125 0.06015625 0.02109375
2 0.659375 0.853125 0.04296875 0.021875
2 0.92578125 0.82109375 0.08046875 0.01640625
2 0.37109375 0.80703125 0.059375 0.01875
2 0.303125 0.81953125 0.0328125 0.0203125
2 0.353125 0.3921875 0.06953125 0.021875
2 0.29453125 0.4859375 0.04765625 0.0359375
2 0.175 0.41875 0.04453125 0.0203125
2 0.2125 0.34609375 0.04765625 0.028125
2 0.721875 0.36875 0.08203125 0.0234375
2 0.096875 0.3703125 0.053125 0.02578125
2 0.08125 0.48125 0.0421875 0.0453125
2 0.10234375 0.2796875 0.04453125 0.03046875
2 0.1546875 0.22734375 0.0484375 0.021875
2 0.06328125 0.21796875 0.0578125 0.028125
2 0.49765625 0.27578125 0.05390625 0.0265625
2 0.56171875 0.215625 0.06171875 0.0296875
2 0.7078125 0.209375 0.103125 0.0265625
2 0.7421875 0.284375 0.028125 0.0328125
2 0.86875 0.1703125 0.0578125 0.0203125
2 0.8765625 0.153125 0.08671875 0.02578125
2 0.9390625 0.0875 0.06015625 0.02578125
2 0.65234375 0.14296875 0.06640625 0.025
2 0.4078125 0.13515625 0.065625 0.01484375
2 0.43671875 0.16171875 0.040625 0.0359375
2 0.3234375 0.0890625 0.078125 0.0234375
2 0.265625 0.1390625 0.0609375 0.01953125
2 0.17421875 0.19375 0.07109375 0.015625
2 0.21640625 0.678125 0.0859375 0.02265625