0 0.83046875 0.0640625 0.0390625 0.034375
0 0.859375 0.05078125 0.05078125 0.03125
0 0.7625 0.140625 0.03515625 0.02421875
0 0.81875 0.1453125 0.02734375 0.0296875
0 0.7546875 0.2171875 0.0515625 0.0234375
0 0.534375 0.23359375 0.046875 0.0390625
0 0.7375 0.3390625 0.06953125 0.05
0 0.40078125 0.3546875 0.06015625 0.04375
0 0.06875 0.1296875 0.03671875 0.0203125
0 0.065625 0.4234375 0.06484375 0.02890625
0 0.1390625 0.51953125 0.071875 0.03984375
0 0.25859375 0.50078125 0.03828125 0.025
0 0.046875 0.57421875 0.071875 0.0421875
0 0.16484375 0.75546875 0.0484375 0.0234375
0 0.1390625 0.828125 0.0828125 0.03046875
0 0.39765625 0.80703125 0.0609375 0.028125
0 0.2546875 0.82265625 0.0296875 0.021875
0 0.28515625 0.79453125 0.0625 0.021875
0 0.328125 0.77578125 0.05625 0.03515625
0 0.384375 0.87265625 0.034375 0.02578125
0 0.45859375 0.9015625 0.05546875 0.0265625
0 0.5234375 0.92421875 0.04296875 0.02578125
0 0.8046875 0.82421875 0.03046875 0.02265625
0 0.93359375 0.7078125 0.07109375 0.0328125
0 0.73515625 0.58984375 0.04140625 0.034375
0 0.7609375 0.50078125 0.03203125 0.02578125
0 0.91015625 0.29140625 0.071875 0.02265625
0 0.53984375 0.10546875 0.04765625 0.02109375
0 0.4578125 0.76875 0.0546875 0.01640625
0 0.571875 0.59921875 0.025 0.0140625
0 0.1828125 0.6859375 0.08125 0.0375