0 0.92890625 0.8859375 0.015625 0.09375
0 0.93828125 0.89140625 0.01875 0.065625
0 0.90234375 0.4640625 0.021875 0.0703125
0 0.8140625 0.36875 0.028125 0.040625
0 0.890625 0.225 0.021875 0.0625
0 0.90390625 0.19453125 0.03125 0.053125
0 0.890625 0.89140625 0.0140625 0.06875
0 0.8640625 0.8171875 0.0125 0.0671875
0 0.82734375 0.565625 0.01875 0.065625
0 0.7796875 0.7 0.0296875 0.046875
0 0.79609375 0.9640625 0.0328125 0.0359375
0 0.77109375 0.8765625 0.021875 0.05625
0 0.71796875 0.734375 0.021875 0.0390625
0 0.69296875 0.0390625 0.021875 0.078125
0 0.70390625 0.48828125 0.025 0.06875
0 0.6453125 0.3265625 0.0125 0.0625
0 0.646875 0.6625 0.01875 0.05625
0 0.52734375 0.709375 0.01875 0.0453125
0 0.4421875 0.303125 0.021875 0.05625
0 0.45625 0.859375 0.025 0.06875
0 0.4359375 0.625 0.021875 0.05625
0 0.409375 0.425 0.015625 0.090625
0 0.428125 0.76015625 0.021875 0.05625
0 0.365625 0.89765625 0.0265625 0.03125
0 0.3828125 0.86875 0.021875 0.053125
0 0.3125 0.9734375 0.021875 0.046875
0 0.23203125 0.7875 0.01875 0.0546875
0 0.23984375 0.89921875 0.0140625 0.0578125
0 0.17578125 0.7625 0.028125 0.03125
0 0.14765625 0.6203125 0.0203125 0.0578125
0 0.14609375 0.33125 0.0203125 0.0703125
0 0.16328125 0.596875 0.0125 0.071875
0 0.0765625 0.2859375 0.021875 0.059375
0 0.05 0.90703125 0.01875 0.053125
0 0.59921875 0.0625 0.0171875 0.0625
0 0.58203125 0.85546875 0.01875 0.0578125