2 0.11171875 0.05546875 0.0875 0.025
2 0.296875 0.07890625 0.084375 0.015625
2 0.3171875 0.09140625 0.0609375 0.0171875
2 0.13671875 0.10390625 0.065625 0.021875
2 0.4296875 0.134375 0.065625 0.015625
2 0.5609375 0.11953125 0.0609375 0.021875
2 0.53125 0.08828125 0.096875 0.0171875
2 0.709375 0.075 0.05625 0.021875
2 0.76953125 0.08671875 0.071875 0.021875
2 0.078125 0.21171875 0.0375 0.034375
2 0.09921875 0.19609375 0.040625 0.03125
2 0.20625 0.1765625 0.05625 0.025
2 0.14140625 0.2453125 0.03125 0.0375
2 0.6375 0.2984375 0.0734375 0.0140625
2 0.7015625 0.3234375 0.065625 0.021875
2 0.7234375 0.2234375 0.05 0.028125
2 0.10546875 0.3921875 0.0375 0.021875
2 0.5203125 0.37109375 0.034375 0.021875
2 0.59609375 0.46328125 0.0546875 0.01875
2 0.02578125 0.628125 0.040625 0.03125
2 0.11015625 0.66015625 0.034375 0.034375
2 0.38046875 0.83359375 0.0578125 0.021875
2 0.703125 0.8109375 0.075 0.025
2 0.75234375 0.8109375 0.053125 0.01875
2 0.90546875 0.74296875 0.034375 0.021875
2 0.41640625 0.76640625 0.0703125 0.0203125
2 0.02578125 0.7734375 0.034375 0.028125
2 0.10703125 0.83671875 0.059375 0.028125
2 0.03828125 0.83984375 0.04375 0.028125
2 0.30625 0.8671875 0.059375 0.028125
2 0.6703125 0.89375 0.05625 0.0234375
2 0.9796875 0.8671875 0.040625 0.028125
2 0.90390625 0.84140625 0.05625 0.01875
2 0.31953125 0.8015625 0.05 0.025
2 0.1421875 0.78203125 0.0375 0.03125
2 0.73125 0.6421875 0.0546875 0.0234375