2 0.88515625 0.10234375 0.04921875 0.028125
2 0.63203125 0.09921875 0.04765625 0.025
2 0.2703125 0.090625 0.06171875 0.02890625
2 0.08515625 0.04453125 0.0515625 0.02421875
2 0.02109375 0.0390625 0.04140625 0.028125
2 0.2234375 0.11640625 0.06015625 0.01796875
2 0.1171875 0.0765625 0.04765625 0.0265625
2 0.596875 0.27265625 0.03203125 0.02578125
2 0.62890625 0.31015625 0.0265625 0.0109375
2 0.5 0.37265625 0.0484375 0.025
2 0.8484375 0.3796875 0.05546875 0.034375
2 0.95703125 0.3015625 0.0640625 0.025
2 0.0265625 0.45703125 0.046875 0.03125
2 0.05859375 0.5 0.040625 0.02578125
2 0.16875 0.6296875 0.0578125 0.04296875
2 0.30078125 0.6265625 0.06328125 0.03203125
2 0.26484375 0.6921875 0.05859375 0.03984375
2 0.54375 0.825 0.04765625 0.02578125
2 0.65390625 0.86796875 0.05625 0.03359375
2 0.78359375 0.84140625 0.05 0.02421875
2 0.91171875 0.828125 0.03984375 0.01953125
2 0.27421875 0.88203125 0.06484375 0.02421875
2 0.25546875 0.871875 0.05234375 0.0234375
2 0.80390625 0.53828125 0.07421875 0.02890625
2 0.79140625 0.42265625 0.04765625 0.02890625
2 0.0921875 0.56875 0.03359375 0.01953125
2 0.10078125 0.51484375 0.0515625 0.01953125