0 0.01953125 0.9625 0.03125 0.075
0 0.0125 0.478125 0.025 0.103125
0 0.03671875 0.13515625 0.0171875 0.06875
0 0.11796875 0.79296875 0.021875 0.0578125
0 0.0953125 0.9734375 0.028125 0.053125
0 0.10703125 0.48984375 0.015625 0.084375
0 0.11875 0.4015625 0.03125 0.090625
0 0.14375 0.64453125 0.0171875 0.05
0 0.1640625 0.4140625 0.015625 0.08125
0 0.15625 0.32578125 0.028125 0.078125
0 0.1921875 0.27421875 0.01875 0.065625
0 0.17890625 0.6703125 0.0125 0.078125
0 0.19296875 0.73515625 0.01875 0.05
0 0.1703125 0.93828125 0.021875 0.059375
0 0.2328125 0.68984375 0.021875 0.04375
0 0.3640625 0.73984375 0.028125 0.0328125
0 0.34765625 0.6546875 0.034375 0.0515625
0 0.396875 0.2453125 0.028125 0.0703125
0 0.484375 0.96796875 0.01875 0.0640625
0 0.49765625 0.9046875 0.01875 0.053125
0 0.50625 0.6140625 0.01875 0.04375
0 0.53515625 0.52578125 0.028125 0.0375
0 0.45078125 0.29375 0.0296875 0.05625
0 0.6296875 0.4234375 0.025 0.065625
0 0.6265625 0.72265625 0.021875 0.06875
0 0.57421875 0.415625 0.021875 0.059375
0 0.70625 0.8765625 0.028125 0.04375
0 0.72265625 0.83203125 0.034375 0.059375
0 0.684375 0.8515625 0.0125 0.0703125
0 0.76171875 0.734375 0.0015625 0.096875
0 0.6890625 0.465625 0.025 0.046875
0 0.7921875 0.82890625 0.0203125 0.0875
0 0.8578125 0.49609375 0.03125 0.0296875
0 0.84375 0.52109375 0.0265625 0.059375
0 0.8828125 0.59609375 0.03125 0.0484375
0 0.87578125 0.796875 0.034375 0.0484375
0 0.81875 0.92109375 0.021875 0.065625
0 0.93515625 0.86875 0.028125 0.084375
0 0.9859375 0.8390625 0.025 0.0765625
0 0.6640625 0.1984375 0.0265625 0.0453125
0 0.56484375 0.1421875 0.0265625 0.03125