0 0.93671875 0.0953125 0.05625 0.02421875
0 0.75390625 0.02578125 0.065625 0.03359375
0 0.38046875 0.0484375 0.0765625 0.02578125
0 0.05 0.0796875 0.06015625 0.02890625
0 0.296875 0.09765625 0.07109375 0.021875
0 0.5703125 0.109375 0.06953125 0.021875
0 0.2 0.1640625 0.05703125 0.0203125
0 0.2390625 0.1546875 0.04921875 0.0234375
0 0.31953125 0.178125 0.05625 0.01875
0 0.3765625 0.19921875 0.034375 0.01328125
0 0.42109375 0.20859375 0.04375 0.01640625
0 0.31328125 0.228125 0.05 0.01484375
0 0.2234375 0.275 0.0390625 0.0203125
0 0.66171875 0.23828125 0.06328125 0.03515625
0 0.6375 0.1671875 0.06796875 0.0203125
0 0.6296875 0.14765625 0.06875 0.02734375
0 0.571875 0.24140625 0.0640625 0.02265625
0 0.7578125 0.2 0.04453125 0.0328125
0 0.68828125 0.19375 0.05546875 0.01875
0 0.84140625 0.25 0.0421875 0.02421875
0 0.86796875 0.30390625 0.06953125 0.02578125
0 0.94765625 0.32421875 0.04609375 0.02890625
0 0.9828125 0.36640625 0.034375 0.01484375
0 0.7609375 0.4234375 0.0640625 0.0234375
0 0.721875 0.44921875 0.05703125 0.021875
0 0.346875 0.34921875 0.08203125 0.02421875
0 0.02578125 0.4125 0.05078125 0.021875
0 0.0203125 0.4875 0.040625 0.02265625
0 0.58125 0.565625 0.08359375 0.02421875
0 0.43046875 0.7 0.0625 0.03046875
0 0.265625 0.64609375 0.07578125 0.02265625
0 0.02578125 0.7015625 0.03828125 0.03359375
0 0.06640625 0.7640625 0.06171875 0.02890625
0 0.95 0.6390625 0.0703125 0.03515625
0 0.7375 0.71875 0.0484375 0.03046875
0 0.79921875 0.73046875 0.040625 0.03125
0 0.825 0.71953125 0.03125 0.02578125
0 0.57109375 0.77421875 0.0484375 0.0203125
0 0.63125 0.80234375 0.04375 0.0234375
0 0.52109375 0.828125 0.06875 0.034375
0 0.5765625 0.83671875 0.0296875 0.025
0 0.73515625 0.8625 0.04765625 0.02109375
0 0.64453125 0.87734375 0.0703125 0.02265625
0 0.47109375 0.934375 0.05234375 0.02734375
0 0.371875 0.965625 0.04453125 0.01171875
0 0.84765625 0.8546875 0.04765625 0.015625
0 0.071875 0.88359375 0.059375 0.01953125
0 0.0328125 0.8515625 0.0546875 0.01796875
0 0.02265625 0.83828125 0.0421875 0.03125
0 0.07578125 0.7953125 0.03828125 0.01953125
0 0.3171875 0.83203125 0.046875 0.02734375
0 0.10546875 0.9375 0.06875 0.02890625