0 0.97578125 0.11796875 0.028125 0.09375
0 0.95625 0.24609375 0.0203125 0.09375
0 0.92890625 0.26796875 0.021875 0.075
0 0.8921875 0.03828125 0.028125 0.040625
0 0.82734375 0.07890625 0.03125 0.053125
0 0.865625 0.534375 0.021875 0.0703125
0 0.8359375 0.5234375 0.0203125 0.0703125
0 0.84296875 0.71015625 0.028125 0.0703125
0 0.82890625 0.8421875 0.01875 0.046875
0 0.8359375 0.8796875 0.025 0.034375
0 0.8140625 0.95390625 0.021875 0.0546875
0 0.790625 0.89609375 0.0203125 0.059375
0 0.69296875 0.95 0.0203125 0.05
0 0.70546875 0.96875 0.01875 0.0625
0 0.67109375 0.89921875 0.021875 0.05625
0 0.55234375 0.32578125 0.03125 0.0453125
0 0.4875 0.51484375 0.03125 0.03125
0 0.503125 0.25859375 0.0203125 0.0625
0 0.49140625 0.02265625 0.03125 0.0453125
0 0.50234375 0.05859375 0.021875 0.0546875
0 0.3984375 0.3125 0.0234375 0.065625
0 0.4109375 0.41171875 0.028125 0.05
0 0.43671875 0.7859375 0.015625 0.0625
0 0.48203125 0.7890625 0.015625 0.05625
0 0.3875 0.8765625 0.025 0.04375
0 0.4265625 0.934375 0.01875 0.05625
0 0.26328125 0.20234375 0.0234375 0.0515625
0 0.24765625 0.2671875 0.0328125 0.0515625
0 0.27421875 0.6609375 0.0171875 0.0703125
0 0.228125 0.6484375 0.015625 0.0515625
0 0.121875 0.428125 0.01875 0.059375
0 0.29609375 0.75859375 0.0203125 0.0765625
0 0.23515625 0.77578125 0.0296875 0.0453125
0 0.1921875 0.90078125 0.0265625 0.04375
0 0.1984375 0.715625 0.025 0.0484375
0 0.15859375 0.70234375 0.01875 0.059375
0 0.1140625 0.55078125 0.0359375 0.0578125
0 0.18828125 0.13671875 0.0234375 0.05625
0 0.18359375 0.034375 0.021875 0.0515625
0 0.18203125 0.2109375 0.028125 0.06875
0 0.1109375 0.02890625 0.0296875 0.0578125
0 0.025 0.69296875 0.025 0.0796875
0 0.046875 0.57734375 0.021875 0.065625
0 0.046875 0.33515625 0.021875 0.0734375