2 0.80078125 0.1 0.07109375 0.0359375
2 0.91796875 0.09296875 0.06640625 0.0234375
2 0.57109375 0.1421875 0.065625 0.02578125
2 0.66015625 0.1625 0.04609375 0.02578125
2 0.48125 0.10390625 0.046875 0.0234375
2 0.190625 0.10546875 0.0453125 0.0171875
2 0.1421875 0.1 0.04296875 0.02578125
2 0.26640625 0.1640625 0.03359375 0.0265625
2 0.30703125 0.1828125 0.034375 0.021875
2 0.36015625 0.18046875 0.0328125 0.02578125
2 0.0625 0.29296875 0.07109375 0.03515625
2 0.13515625 0.3796875 0.0609375 0.025
2 0.11953125 0.3421875 0.06015625 0.028125
2 0.09765625 0.4578125 0.025 0.01796875
2 0.21875 0.4859375 0.07421875 0.0359375
2 0.0703125 0.58671875 0.0375 0.04453125
2 0.59609375 0.58359375 0.0375 0.01953125
2 0.58359375 0.55625 0.04765625 0.0359375
2 0.27265625 0.34453125 0.05703125 0.034375
2 0.32265625 0.78671875 0.08125 0.03046875
2 0.27578125 0.79453125 0.0859375 0.021875
2 0.52734375 0.7671875 0.06171875 0.01796875
2 0.6484375 0.82421875 0.0296875 0.021875
2 0.678125 0.80234375 0.0625 0.02109375
2 0.73046875 0.834375 0.065625 0.0171875
2 0.43984375 0.8484375 0.06640625 0.02265625
2 0.3828125 0.85 0.0640625 0.02265625
2 0.73515625 0.7921875 0.03671875 0.01953125
2 0.77265625 0.771875 0.08671875 0.03203125
2 0.478125 0.69140625 0.0390625 0.03125
2 0.8375 0.60078125 0.05859375 0.025