0 0.07421875 0.17421875 0.0265625 0.0453125
0 0.08046875 0.4828125 0.034375 0.071875
0 0.1328125 0.5734375 0.021875 0.0625
0 0.10625 0.5875 0.021875 0.0453125
0 0.1578125 0.81015625 0.0234375 0.065625
0 0.28671875 0.984375 0.0234375 0.03125
0 0.3203125 0.9515625 0.028125 0.059375
0 0.325 0.88359375 0.028125 0.0453125
0 0.26953125 0.40546875 0.0375 0.05
0 0.19453125 0.20625 0.0375 0.053125
0 0.11328125 0.14609375 0.021875 0.065625
0 0.1375 0.30390625 0.01875 0.05625
0 0.16875 0.23984375 0.0203125 0.09375
0 0.18828125 0.45625 0.03125 0.053125
0 0.465625 0.30234375 0.025 0.08125
0 0.49296875 0.21640625 0.021875 0.05
0 0.4734375 0.06484375 0.0203125 0.0546875
0 0.49765625 0.0796875 0.01875 0.040625
0 0.55703125 0.10078125 0.025 0.059375
0 0.5890625 0.62265625 0.0265625 0.0484375
0 0.63984375 0.36484375 0.021875 0.1078125
0 0.6765625 0.86875 0.0328125 0.08125
0 0.78984375 0.63125 0.04375 0.084375
0 0.76640625 0.2453125 0.0390625 0.0796875
0 0.7359375 0.09140625 0.034375 0.0890625
0 0.7140625 0.09921875 0.03125 0.05625
0 0.81953125 0.0828125 0.028125 0.05
0 0.85078125 0.6515625 0.0328125 0.046875
0 0.83671875 0.6046875 0.028125 0.04375
0 0.90625 0.7171875 0.021875 0.0671875
0 0.9671875 0.51484375 0.0328125 0.05
0 0.959375 0.2359375 0.034375 0.0703125
0 0.9484375 0.13671875 0.021875 0.059375