2 0.81640625 0.0953125 0.05625 0.02578125
2 0.90234375 0.09296875 0.05234375 0.0109375
2 0.93046875 0.10703125 0.040625 0.0234375
2 0.53671875 0.13828125 0.05390625 0.0125
2 0.56953125 0.19375 0.05703125 0.02109375
2 0.63671875 0.19140625 0.06640625 0.02265625
2 0.6859375 0.16015625 0.08203125 0.02421875
2 0.746875 0.15703125 0.0625 0.02265625
2 0.90703125 0.209375 0.04375 0.025
2 0.82890625 0.27109375 0.06015625 0.04140625
2 0.653125 0.2234375 0.06640625 0.025
2 0.3265625 0.19765625 0.04921875 0.021875
2 0.40703125 0.17265625 0.053125 0.03046875
2 0.240625 0.10546875 0.05 0.0171875
2 0.28671875 0.08828125 0.046875 0.01953125
2 0.3375 0.10625 0.0390625 0.021875
2 0.0578125 0.13984375 0.04375 0.0234375
2 0.1015625 0.1125 0.053125 0.01640625
2 0.15234375 0.08984375 0.0734375 0.01484375
2 0.06875 0.19375 0.04296875 0.03984375
2 0.178125 0.17734375 0.046875 0.01875
2 0.26328125 0.1859375 0.05546875 0.03203125
2 0.2984375 0.31484375 0.0390625 0.02421875
2 0.334375 0.2890625 0.03671875 0.02265625
2 0.0546875 0.29140625 0.053125 0.021875
2 0.134375 0.278125 0.025 0.03046875
2 0.04921875 0.340625 0.03125 0.01875
2 0.07734375 0.40859375 0.0265625 0.0390625
2 0.096875 0.39375 0.03125 0.02578125
2 0.13125 0.3921875 0.040625 0.025
2 0.11875 0.35859375 0.05 0.0234375
2 0.11171875 0.44375 0.0515625 0.02421875
2 0.171875 0.559375 0.053125 0.025
2 0.35546875 0.525 0.046875 0.01640625
2 0.3625 0.39609375 0.0203125 0.0375
2 0.846875 0.54609375 0.05859375 0.0328125
2 0.61328125 0.6671875 0.0578125 0.021875
2 0.2046875 0.7546875 0.0421875 0.028125
2 0.3078125 0.7625 0.0515625 0.0203125
2 0.2984375 0.6390625 0.03046875 0.02734375
2 0.0828125 0.71484375 0.04375 0.0296875
2 0.0984375 0.70234375 0.04375 0.02734375
2 0.10078125 0.6625 0.0328125 0.0234375
2 0.1859375 0.665625 0.0484375 0.0265625
2 0.19765625 0.7203125 0.040625 0.01953125
2 0.2703125 0.840625 0.05078125 0.02421875
2 0.32890625 0.82421875 0.05703125 0.0265625
2 0.54375 0.803125 0.0375 0.02578125
2 0.60390625 0.8 0.0390625 0.0296875
2 0.56640625 0.7671875 0.0546875 0.02265625
2 0.73515625 0.83671875 0.075 0.025
2 0.8796875 0.7828125 0.06171875 0.01875