0 0.13515625 0.38984375 0.01875 0.06875
0 0.0625 0.42578125 0.01875 0.053125
0 0.29921875 0.62109375 0.0171875 0.040625
0 0.34296875 0.621875 0.025 0.0515625
0 0.346875 0.96875 0.025 0.0625
0 0.0609375 0.96640625 0.01875 0.0421875
0 0.20546875 0.59140625 0.025 0.059375
0 0.165625 0.94921875 0.0234375 0.075
0 0.68828125 0.44609375 0.034375 0.053125
0 0.86875 0.9515625 0.0328125 0.053125
0 0.8515625 0.54375 0.0234375 0.05625
0 0.8953125 0.95546875 0.01875 0.0828125
0 0.6953125 0.725 0.021875 0.053125
0 0.9046875 0.5765625 0.025 0.053125
0 0.834375 0.834375 0.03125 0.05625
0 0.76484375 0.47421875 0.0296875 0.0484375
0 0.1625 0.48125 0.0265625 0.090625
0 0.853125 0.35859375 0.021875 0.075
0 0.371875 0.9828125 0.025 0.034375
0 0.72421875 0.41640625 0.0328125 0.04375
0 0.83671875 0.7765625 0.025 0.053125
0 0.090625 0.51484375 0.01875 0.0609375
0 0.68203125 0.7640625 0.03125 0.0515625
0 0.15234375 0.8375 0.025 0.075
0 0.8953125 0.346875 0.0265625 0.059375
0 0.703125 0.3453125 0.028125 0.0453125
0 0.1703125 0.02421875 0.015625 0.0484375
0 0.0125 0.42734375 0.025 0.046875
0 0.553125 0.11640625 0.028125 0.04375
0 0.58203125 0.48125 0.021875 0.08125
0 0.26328125 0.1703125 0.01875 0.040625
0 0.23828125 0.04453125 0.021875 0.05625
0 0.40625 0.453125 0.0265625 0.053125
0 0.9734375 0.55234375 0.028125 0.0546875
0 0.0109375 0.4953125 0.021875 0.065625
0 0.11015625 0.88671875 0.0234375 0.0421875
0 0.8046875 0.678125 0.025 0.0625
0 0.8765625 0.57265625 0.0171875 0.0546875
0 0.0578125 0.8 0.0203125 0.0625
0 0.34296875 0.71484375 0.025 0.046875
0 0.4 0.72109375 0.021875 0.05
0 0.565625 0.91015625 0.021875 0.0546875
0 0.64296875 0.7 0.01875 0.0625
0 0.74140625 0.740625 0.025 0.053125