0 0.27890625 0.09921875 0.05390625 0.02265625
0 0.40078125 0.07421875 0.04609375 0.01796875
0 0.61171875 0.0828125 0.06796875 0.01953125
0 0.76328125 0.015625 0.0609375 0.02109375
0 0.92109375 0.03046875 0.05234375 0.01796875
0 0.775 0.153125 0.0546875 0.01875
0 0.94921875 0.15625 0.0484375 0.01796875
0 0.8390625 0.16796875 0.06328125 0.02578125
0 0.91171875 0.328125 0.04140625 0.01953125
0 0.5578125 0.1484375 0.0515625 0.02109375
0 0.59609375 0.17890625 0.04140625 0.02734375
0 0.21640625 0.16171875 0.040625 0.025
0 0.43671875 0.309375 0.0515625 0.02578125
0 0.20390625 0.1921875 0.05546875 0.021875
0 0.03984375 0.24609375 0.05546875 0.01484375
0 0.078125 0.14765625 0.0421875 0.028125
0 0.0515625 0.1125 0.0484375 0.01640625
0 0.4859375 0.12578125 0.04453125 0.01640625
0 0.9671875 0.29453125 0.065625 0.0203125
0 0.25546875 0.3390625 0.075 0.0234375
0 0.6453125 0.66953125 0.040625 0.0328125
0 0.19609375 0.58515625 0.05390625 0.03359375
0 0.11640625 0.65625 0.0546875 0.03671875
0 0.359375 0.54609375 0.05 0.0328125
0 0.76796875 0.4875 0.05078125 0.0234375
0 0.97578125 0.57578125 0.0484375 0.02421875
0 0.753125 0.3953125 0.05390625 0.02890625
0 0.70859375 0.72265625 0.04609375 0.02578125
0 0.86796875 0.6625 0.05234375 0.0234375
0 0.65546875 0.64296875 0.0484375 0.01875
0 0.015625 0.69609375 0.03125 0.03671875
0 0.0203125 0.77578125 0.040625 0.034375
0 0.13359375 0.853125 0.06171875 0.0234375
0 0.3140625 0.8140625 0.05546875 0.01796875
0 0.28203125 0.77265625 0.05625 0.0234375
0 0.20625 0.86484375 0.0828125 0.01875
0 0.3921875 0.84296875 0.05390625 0.02265625
0 0.42890625 0.8453125 0.05234375 0.02109375
0 0.43671875 0.821875 0.078125 0.02421875
0 0.16015625 0.89140625 0.03515625 0.03125
0 0.91953125 0.9375 0.06171875 0.0265625
0 0.11015625 0.93125 0.0609375 0.0328125
0 0.17734375 0.08515625 0.07890625 0.02734375
0 0.15546875 0.0515625 0.05546875 0.02734375
0 0.49609375 0.77890625 0.06875 0.02421875
0 0.84140625 0.2546875 0.06640625 0.01953125
0 0.79921875 0.89375 0.06484375 0.03125
0 0.19765625 0.66640625 0.0484375 0.0296875
0 0.0703125 0.87578125 0.06328125 0.02421875
0 0.025 0.93828125 0.04921875 0.02265625
0 0.05546875 0.91640625 0.07578125 0.02421875
0 0.03828125 0.06171875 0.0765625 0.0234375