0 0.37734375 0.1921875 0.05078125 0.015625
0 0.31875 0.075 0.05703125 0.02109375
0 0.3734375 0.128125 0.05546875 0.02421875
0 0.2921875 0.1375 0.0375 0.01796875
0 0.39765625 0.171875 0.0484375 0.01796875
0 0.1890625 0.13359375 0.06015625 0.0265625
0 0.053125 0.196875 0.0703125 0.02265625
0 0.2921875 0.27578125 0.0515625 0.03828125
0 0.19609375 0.27421875 0.05234375 0.028125
0 0.5625 0.25078125 0.06015625 0.03125
0 0.62890625 0.18828125 0.0734375 0.02890625
0 0.93828125 0.25234375 0.05703125 0.03125
0 0.7453125 0.17109375 0.0375 0.01875
0 0.73046875 0.13359375 0.0515625 0.021875
0 0.89296875 0.09140625 0.05703125 0.03046875
0 0.80703125 0.01796875 0.078125 0.03125
0 0.56796875 0.0546875 0.05703125 0.025
0 0.6671875 0.33125 0.05859375 0.02890625
0 0.69296875 0.36640625 0.05390625 0.0375
0 0.88671875 0.3546875 0.05234375 0.03046875
0 0.93984375 0.38125 0.0484375 0.03046875
0 0.20859375 0.37109375 0.0515625 0.0203125
0 0.17109375 0.3875 0.0875 0.02734375
0 0.36875 0.4640625 0.0703125 0.0203125
0 0.0859375 0.46875 0.06328125 0.01484375
0 0.03671875 0.50234375 0.04453125 0.0234375
0 0.03203125 0.61015625 0.04921875 0.02265625
0 0.37265625 0.61484375 0.08671875 0.0328125
0 0.58046875 0.76328125 0.06796875 0.0359375
0 0.25390625 0.78828125 0.04609375 0.02578125
0 0.2296875 0.82578125 0.0421875 0.02890625
0 0.26171875 0.865625 0.04453125 0.02578125
0 0.27578125 0.8875 0.04453125 0.025
0 0.60546875 0.8703125 0.04296875 0.02890625
0 0.875 0.934375 0.08671875 0.03125