0 0.11796875 0.02421875 0.09453125 0.02734375
0 0.24609375 0.04375 0.09453125 0.0203125
0 0.26796875 0.07109375 0.07421875 0.02265625
0 0.03828125 0.1078125 0.040625 0.02890625
0 0.07890625 0.17265625 0.05390625 0.03046875
0 0.534375 0.134375 0.0703125 0.02109375
0 0.5234375 0.1640625 0.0703125 0.0203125
0 0.71015625 0.15703125 0.0703125 0.02890625
0 0.8421875 0.17109375 0.046875 0.01875
0 0.8796875 0.1640625 0.034375 0.02421875
0 0.95390625 0.1859375 0.0546875 0.02265625
0 0.89609375 0.209375 0.05859375 0.0203125
0 0.95 0.30703125 0.04921875 0.0203125
0 0.96875 0.29453125 0.0625 0.01796875
0 0.89921875 0.32890625 0.05546875 0.021875
0 0.32578125 0.44765625 0.0453125 0.03046875
0 0.51484375 0.5125 0.03046875 0.03046875
0 0.25859375 0.496875 0.06171875 0.0203125
0 0.02265625 0.50859375 0.0453125 0.03125
0 0.05859375 0.49765625 0.0546875 0.02109375
0 0.3125 0.6015625 0.06484375 0.0234375
0 0.41171875 0.5890625 0.04921875 0.02734375
0 0.7859375 0.56328125 0.06328125 0.01640625
0 0.7890625 0.51796875 0.05703125 0.01640625
0 0.8765625 0.6125 0.04296875 0.025
0 0.934375 0.5734375 0.05703125 0.01796875
0 0.20234375 0.73671875 0.0515625 0.0234375
0 0.2671875 0.75234375 0.0515625 0.0328125
0 0.6609375 0.72578125 0.0703125 0.0171875
0 0.6484375 0.771875 0.0515625 0.01640625
0 0.428125 0.878125 0.05859375 0.01796875
0 0.75859375 0.70390625 0.0765625 0.0203125
0 0.77578125 0.76484375 0.0453125 0.0296875
0 0.90078125 0.8078125 0.04375 0.0265625
0 0.715625 0.8015625 0.0484375 0.02421875
0 0.70234375 0.84140625 0.06015625 0.01953125
0 0.55078125 0.8859375 0.0578125 0.0359375
0 0.13671875 0.81171875 0.05703125 0.0234375
0 0.034375 0.81640625 0.0515625 0.02265625
0 0.2109375 0.81796875 0.06796875 0.02890625
0 0.02890625 0.8890625 0.0578125 0.0296875
0 0.69296875 0.975 0.0796875 0.02421875
0 0.57734375 0.953125 0.06640625 0.02265625
0 0.33515625 0.953125 0.0734375 0.02265625