0 0.29921875 0.1046875 0.0640625 0.028125
0 0.55078125 0.17421875 0.0859375 0.0265625
0 0.29140625 0.165625 0.09609375 0.01875
0 0.13359375 0.184375 0.1171875 0.01953125
0 0.09765625 0.1671875 0.11015625 0.015625
0 0.66328125 0.25234375 0.05390625 0.04765625
0 0.45625 0.35546875 0.0375 0.0359375
0 0.521875 0.375 0.05625 0.0375
0 0.35859375 0.34140625 0.06171875 0.03515625
0 0.021875 0.3265625 0.04375 0.021875
0 0.59609375 0.265625 0.0609375 0.03203125
0 0.81953125 0.246875 0.06328125 0.034375
0 0.49375 0.51875 0.0703125 0.0328125
0 0.4109375 0.49375 0.05 0.03359375
0 0.39140625 0.54609375 0.0640625 0.02421875
0 0.3921875 0.5765625 0.05390625 0.025
0 0.15546875 0.5921875 0.06796875 0.0203125
0 0.31015625 0.62421875 0.09296875 0.034375
0 0.1171875 0.69765625 0.065625 0.034375
0 0.15234375 0.76328125 0.07265625 0.04765625
0 0.228125 0.79609375 0.0421875 0.0265625
0 0.34453125 0.77421875 0.05 0.03203125
0 0.4921875 0.87265625 0.10625 0.0140625
0 0.5109375 0.88359375 0.07890625 0.02265625
0 0.2265625 0.87421875 0.05234375 0.02109375
0 0.11640625 0.871875 0.04453125 0.02890625
0 0.75390625 0.8515625 0.0640625 0.0171875
0 0.84296875 0.84765625 0.053125 0.02578125
0 0.91484375 0.9515625 0.07578125 0.02890625
0 0.79765625 0.92734375 0.075 0.02890625
0 0.2078125 0.96484375 0.0640625 0.040625
0 0.428125 0.96640625 0.09375 0.03203125