2 0.7421875 0.13203125 0.075 0.0234375
2 0.58203125 0.109375 0.053125 0.0203125
2 0.63671875 0.10390625 0.0421875 0.03125
2 0.56875 0.0984375 0.065625 0.0125
2 0.55 0.0796875 0.053125 0.0125
2 0.7609375 0.0828125 0.071875 0.021875
2 0.80625 0.1109375 0.0484375 0.025
2 0.81484375 0.09296875 0.053125 0.0203125
2 0.9359375 0.11484375 0.046875 0.03125
2 0.18046875 0.078125 0.071875 0.0234375
2 0.02109375 0.0921875 0.03125 0.0296875
2 0.06015625 0.10625 0.0359375 0.0375
2 0.09140625 0.10234375 0.04375 0.021875
2 0.39765625 0.1515625 0.0484375 0.025
2 0.084375 0.17734375 0.05625 0.01875
2 0.10703125 0.1640625 0.040625 0.0203125
2 0.18125 0.2390625 0.046875 0.025
2 0.12265625 0.19609375 0.034375 0.03125
2 0.03671875 0.33125 0.040625 0.028125
2 0.065625 0.41328125 0.03125 0.034375
2 0.884375 0.284375 0.053125 0.025
2 0.23359375 0.48671875 0.059375 0.025
2 0.0375 0.49765625 0.04375 0.0171875
2 0.11953125 0.4703125 0.04375 0.0375
2 0.29453125 0.68984375 0.046875 0.034375
2 0.58046875 0.7875 0.06875 0.015625
2 0.67890625 0.81875 0.05625 0.0125
2 0.42734375 0.81640625 0.071875 0.01875
2 0.87421875 0.82265625 0.071875 0.025
2 0.10546875 0.74296875 0.0375 0.021875
2 0.18359375 0.7234375 0.046875 0.034375
2 0.1546875 0.84765625 0.0703125 0.021875
2 0.2265625 0.821875 0.034375 0.0265625
2 0.10546875 0.6046875 0.034375 0.01875
2 0.128125 0.58359375 0.04375 0.01875
2 0.08125 0.56171875 0.028125 0.03125
2 0.1140625 0.55 0.0421875 0.0203125
2 0.22578125 0.54296875 0.0234375 0.0234375
2 0.0203125 0.87109375 0.040625 0.040625
2 0.25546875 0.07734375 0.04375 0.01875