0 0.06171875 0.91015625 0.0265625 0.0578125
0 0.15703125 0.82890625 0.053125 0.0671875
0 0.16796875 0.715625 0.021875 0.0609375
0 0.23125 0.5453125 0.046875 0.1046875
0 0.2171875 0.62265625 0.0265625 0.05625
0 0.2515625 0.83203125 0.0265625 0.05625
0 0.353125 0.7171875 0.0375 0.0609375
0 0.25859375 0.46953125 0.0375 0.0296875
0 0.19609375 0.33046875 0.0296875 0.0625
0 0.21015625 0.11328125 0.03125 0.05625
0 0.1953125 0.17421875 0.021875 0.04375
0 0.09375 0.040625 0.0375 0.06875
0 0.12265625 0.12265625 0.025 0.0546875
0 0.15703125 0.121875 0.028125 0.06875
0 0.46640625 0.61015625 0.05 0.0953125
0 0.56171875 0.70625 0.03125 0.059375
0 0.5046875 0.253125 0.0390625 0.059375
0 0.50234375 0.178125 0.040625 0.1046875
0 0.61015625 0.41953125 0.028125 0.05625
0 0.64296875 0.38984375 0.046875 0.0734375
0 0.6953125 0.6890625 0.03125 0.0875
0 0.71953125 0.81640625 0.034375 0.08125
0 0.71796875 0.93359375 0.028125 0.071875
0 0.63125 0.7671875 0.021875 0.090625
0 0.8421875 0.59140625 0.034375 0.059375
0 0.83515625 0.71171875 0.034375 0.05
0 0.78125 0.21328125 0.025 0.0578125
0 0.81875 0.20234375 0.0234375 0.0515625
0 0.68203125 0.17265625 0.0359375 0.0609375
0 0.65546875 0.0546875 0.025 0.071875
0 0.59453125 0.0515625 0.034375 0.0515625
0 0.21328125 0.23046875 0.034375 0.0609375