2 0.89609375 0.10859375 0.0390625 0.046875
2 0.9078125 0.1625 0.03125 0.065625
2 0.91328125 0.3046875 0.0234375 0.084375
2 0.91015625 0.5484375 0.01875 0.09375
2 0.8984375 0.665625 0.021875 0.0515625
2 0.88359375 0.78359375 0.0203125 0.0890625
2 0.8171875 0.875 0.021875 0.059375
2 0.84765625 0.86953125 0.021875 0.0578125
2 0.81171875 0.54296875 0.0265625 0.0875
2 0.778125 0.7328125 0.0234375 0.075
2 0.75 0.63984375 0.021875 0.0578125
2 0.76796875 0.25703125 0.03125 0.0546875
2 0.75703125 0.06171875 0.0265625 0.05625
2 0.7734375 0.15 0.0375 0.03125
2 0.79921875 0.1390625 0.040625 0.05
2 0.7265625 0.08984375 0.0328125 0.034375
2 0.6296875 0.0328125 0.034375 0.05
2 0.57734375 0.46875 0.03125 0.040625
2 0.6265625 0.98359375 0.01875 0.03125
2 0.5328125 0.1515625 0.03125 0.028125
2 0.45234375 0.2734375 0.0328125 0.028125
2 0.42421875 0.33828125 0.015625 0.05
2 0.34609375 0.29375 0.0296875 0.04375
2 0.31015625 0.1109375 0.034375 0.034375
2 0.26875 0.375 0.025 0.04375
2 0.3265625 0.640625 0.025 0.05625
2 0.24375 0.76640625 0.03125 0.0625
2 0.29609375 0.971875 0.025 0.05
2 0.22265625 0.51015625 0.025 0.05
2 0.16328125 0.4328125 0.021875 0.065625
2 0.12890625 0.88203125 0.021875 0.0640625
2 0.1359375 0.97265625 0.015625 0.053125
2 0.18515625 0.20546875 0.03125 0.0359375
2 0.209375 0.2046875 0.0203125 0.06875
2 0.14375 0.04765625 0.025 0.0578125
2 0.58984375 0.08984375 0.0328125 0.046875
2 0.97578125 0.190625 0.025 0.0875