0 0.03828125 0.51640625 0.015625 0.053125
0 0.04765625 0.36328125 0.015625 0.05
0 0.1125 0.70703125 0.01875 0.046875
0 0.1453125 0.76328125 0.025 0.0453125
0 0.14296875 0.51640625 0.025 0.0359375
0 0.18515625 0.44453125 0.025 0.05
0 0.21796875 0.14609375 0.025 0.053125
0 0.22890625 0.7015625 0.021875 0.05
0 0.1578125 0.88828125 0.01875 0.034375
0 0.0796875 0.95078125 0.021875 0.075
0 0.0125 0.82109375 0.021875 0.065625
0 0.11953125 0.82578125 0.028125 0.04375
0 0.37578125 0.775 0.0359375 0.065625
0 0.34609375 0.66328125 0.025 0.0640625
0 0.403125 0.22421875 0.0375 0.078125
0 0.5234375 0.53671875 0.040625 0.065625
0 0.49921875 0.67265625 0.0328125 0.0765625
0 0.465625 0.971875 0.03125 0.0546875
0 0.61171875 0.7640625 0.01875 0.0625
0 0.575 0.4375 0.015625 0.0375
0 0.7359375 0.86171875 0.0203125 0.059375
0 0.678125 0.865625 0.025 0.0734375
0 0.70390625 0.896875 0.028125 0.0734375
0 0.721875 0.79140625 0.0234375 0.05
0 0.77890625 0.7015625 0.015625 0.0515625
0 0.8140625 0.865625 0.01875 0.053125
0 0.7859375 0.94453125 0.021875 0.05625
0 0.81484375 0.93203125 0.0171875 0.0765625
0 0.88515625 0.58046875 0.0296875 0.0625
0 0.9640625 0.9734375 0.0359375 0.053125
0 0.76015625 0.35390625 0.021875 0.05625
0 0.8734375 0.84375 0.021875 0.0421875
0 0.78671875 0.1546875 0.0265625 0.065625
0 0.896875 0.37890625 0.025 0.059375
0 0.59453125 0.65234375 0.04375 0.059375
0 0.52265625 0.05625 0.025 0.065625
0 0.421875 0.96796875 0.0328125 0.0640625
0 0.228125 0.43203125 0.0296875 0.0703125
0 0.2203125 0.55625 0.021875 0.0625
0 0.6734375 0.22578125 0.0375 0.046875
0 0.68046875 0.5234375 0.034375 0.04375
0 0.725 0.94765625 0.01875 0.046875
0 0.0609375 0.79453125 0.028125 0.065625