0 0.95390625 0.078125 0.025 0.0703125
0 0.93203125 0.36484375 0.034375 0.090625
0 0.88828125 0.56953125 0.0296875 0.075
0 0.8703125 0.4765625 0.0171875 0.078125
0 0.8625 0.03515625 0.04375 0.0375
0 0.865625 0.1109375 0.03125 0.04375
0 0.95703125 0.73984375 0.0234375 0.071875
0 0.96953125 0.78125 0.021875 0.0734375
0 0.93203125 0.86953125 0.021875 0.071875
0 0.84140625 0.86796875 0.0171875 0.046875
0 0.7875 0.6828125 0.0296875 0.040625
0 0.8140625 0.62578125 0.021875 0.0609375
0 0.846875 0.9125 0.025 0.059375
0 0.68828125 0.49765625 0.0171875 0.0578125
0 0.71015625 0.515625 0.0234375 0.0484375
0 0.76953125 0.496875 0.0328125 0.034375
0 0.5875 0.12578125 0.0265625 0.0375
0 0.49609375 0.2515625 0.0171875 0.053125
0 0.47421875 0.09453125 0.0203125 0.0609375
0 0.453125 0.37890625 0.0171875 0.065625
0 0.403125 0.2984375 0.021875 0.05
0 0.2203125 0.29453125 0.0203125 0.04375
0 0.25625 0.040625 0.0140625 0.05625
0 0.2625 0.1640625 0.015625 0.0546875
0 0.33984375 0.49375 0.01875 0.053125
0 0.42265625 0.684375 0.0171875 0.04375
0 0.50390625 0.765625 0.0125 0.059375
0 0.48359375 0.878125 0.025 0.03125
0 0.65546875 0.93984375 0.0234375 0.040625
0 0.61640625 0.95703125 0.0234375 0.0296875
0 0.6703125 0.88359375 0.021875 0.0421875
0 0.5828125 0.55 0.0234375 0.040625
0 0.2578125 0.2859375 0.01875 0.0515625
0 0.234375 0.5515625 0.0171875 0.0375
0 0.18203125 0.5078125 0.01875 0.0484375
0 0.2 0.52890625 0.01875 0.0375
0 0.16796875 0.284375 0.0171875 0.05625
0 0.16953125 0.1203125 0.01875 0.0375
0 0.1734375 0.03125 0.0203125 0.040625
0 0.1296875 0.16484375 0.0234375 0.0375
0 0.1109375 0.01328125 0.021875 0.0265625
0 0.21015625 0.0953125 0.0109375 0.0453125
0 0.03359375 0.09609375 0.01875 0.0625
0 0.2609375 0.96640625 0.01875 0.034375
0 0.06484375 0.6765625 0.015625 0.053125
0 0.5921875 0.01875 0.015625 0.0375