2 0.7953125 0.06328125 0.040625 0.0203125
2 0.8265625 0.06875 0.06171875 0.02578125
2 0.9125 0.146875 0.04296875 0.021875
2 0.9484375 0.134375 0.06875 0.02734375
2 0.69921875 0.1484375 0.040625 0.025
2 0.8984375 0.209375 0.0625 0.021875
2 0.9640625 0.17265625 0.0484375 0.03046875
2 0.7890625 0.17890625 0.0390625 0.025
2 0.6453125 0.1984375 0.06953125 0.02265625
2 0.51484375 0.09140625 0.06484375 0.01875
2 0.1984375 0.11953125 0.05859375 0.01875
2 0.22421875 0.1109375 0.0390625 0.01953125
2 0.2578125 0.0875 0.05390625 0.01484375
2 0.159375 0.07578125 0.059375 0.025
2 0.07109375 0.11015625 0.0515625 0.0234375
2 0.41875 0.1515625 0.0953125 0.0125
2 0.42578125 0.14296875 0.09140625 0.01015625
2 0.36015625 0.11875 0.06953125 0.01484375
2 0.02109375 0.1546875 0.03125 0.0203125
2 0.090625 0.2890625 0.03203125 0.02578125
2 0.03046875 0.259375 0.03046875 0.0265625
2 0.01484375 0.38984375 0.0296875 0.0390625
2 0.05 0.365625 0.03359375 0.02890625
2 0.07265625 0.4671875 0.0421875 0.0203125
2 0.053125 0.53046875 0.0359375 0.028125
2 0.1078125 0.5484375 0.04609375 0.01484375
2 0.07421875 0.5984375 0.04921875 0.03203125
2 0.10390625 0.6546875 0.040625 0.02890625
2 0.1484375 0.62890625 0.03671875 0.03125
2 0.465625 0.48125 0.06484375 0.021875
2 0.465625 0.58125 0.04453125 0.02421875
2 0.49609375 0.67734375 0.04921875 0.0203125
2 0.74140625 0.68046875 0.04375 0.0203125
2 0.821875 0.80546875 0.05546875 0.01796875
2 0.6234375 0.82265625 0.0296875 0.0234375
2 0.48984375 0.8265625 0.0671875 0.0203125
2 0.33984375 0.778125 0.0546875 0.01953125
2 0.07109375 0.73671875 0.0421875 0.028125
2 0.10625 0.81171875 0.065625 0.01875
2 0.13125 0.75859375 0.0421875 0.015625
2 0.10859375 0.7171875 0.04453125 0.01328125
2 0.21640625 0.60859375 0.05390625 0.01953125
2 0.19140625 0.75078125 0.06015625 0.025
2 0.2078125 0.7375 0.05859375 0.02734375
2 0.98046875 0.665625 0.0390625 0.03125
2 0.76796875 0.60390625 0.046875 0.021875
2 0.071875 0.22109375 0.046875 0.02109375