0 0.04375 0.08515625 0.0875 0.028125
0 0.590625 0.08671875 0.0734375 0.0265625
0 0.665625 0.04296875 0.059375 0.025
0 0.665625 0.0125 0.0734375 0.025
0 0.1921875 0.1578125 0.06875 0.01875
0 0.0875 0.18671875 0.08125 0.025
0 0.22421875 0.35390625 0.046875 0.015625
0 0.64375 0.28125 0.0375 0.025
0 0.396875 0.2390625 0.053125 0.021875
0 0.45859375 0.2234375 0.08125 0.0375
0 0.8078125 0.50703125 0.065625 0.021875
0 0.35625 0.39375 0.059375 0.03125
0 0.51796875 0.465625 0.0640625 0.021875
0 0.50390625 0.490625 0.06875 0.0390625
0 0.65 0.6125 0.059375 0.028125
0 0.57421875 0.59375 0.0796875 0.028125
0 0.3234375 0.5671875 0.071875 0.03125
0 0.1875 0.45078125 0.0609375 0.0296875
0 0.42109375 0.4671875 0.05625 0.028125
0 0.1109375 0.52734375 0.0625 0.0359375
0 0.96953125 0.59609375 0.0609375 0.028125
0 0.94140625 0.671875 0.0703125 0.0234375
0 0.096875 0.6828125 0.05 0.028125
0 0.8953125 0.6390625 0.075 0.025
0 0.21015625 0.75234375 0.0515625 0.025
0 0.30703125 0.71875 0.075 0.028125
0 0.3078125 0.7484375 0.075 0.01875
0 0.38828125 0.73203125 0.04375 0.025
0 0.86953125 0.80546875 0.053125 0.0234375
0 0.7640625 0.7171875 0.075 0.03125
0 0.7046875 0.8078125 0.071875 0.0234375
0 0.3390625 0.9203125 0.05625 0.028125
0 0.78046875 0.83046875 0.05625 0.021875
0 0.4234375 0.8828125 0.075 0.021875
0 0.359375 0.846875 0.0625 0.025
0 0.67890625 0.70390625 0.0453125 0.021875
0 0.053125 0.7453125 0.05 0.025
0 0.88359375 0.95234375 0.0640625 0.025
0 0.1453125 0.10234375 0.06875 0.0453125
0 0.475 0.1078125 0.065625 0.034375
0 0.1046875 0.2609375 0.065625 0.028125
0 0.62890625 0.91875 0.0765625 0.025
0 0.95078125 0.84375 0.0421875 0.03125
0 0.95703125 0.934375 0.0859375 0.021875
0 0.14609375 0.3703125 0.0421875 0.0234375
0 0.40859375 0.38046875 0.0625 0.03125
0 0.32890625 0.09609375 0.078125 0.0296875