0 0.18515625 0.03515625 0.0625 0.025
0 0.24765625 0.0578125 0.071875 0.025
0 0.13671875 0.121875 0.0421875 0.03125
0 0.07421875 0.12890625 0.05 0.025
0 0.53515625 0.090625 0.053125 0.025
0 0.625 0.16640625 0.05 0.03125
0 0.6734375 0.0734375 0.078125 0.01875
0 0.64140625 0.0328125 0.071875 0.01875
0 0.846875 0.0703125 0.0515625 0.01875
0 0.9703125 0.06484375 0.059375 0.0171875
0 0.6796875 0.24375 0.04375 0.03125
0 0.4765625 0.2296875 0.046875 0.040625
0 0.50859375 0.2984375 0.046875 0.025
0 0.5546875 0.375 0.04375 0.0296875
0 0.95234375 0.3390625 0.034375 0.0125
0 0.77109375 0.4984375 0.046875 0.015625
0 0.69921875 0.57578125 0.0484375 0.0171875
0 0.3703125 0.5453125 0.053125 0.015625
0 0.25390625 0.50546875 0.04375 0.015625
0 0.0203125 0.28046875 0.040625 0.0203125
0 0.125 0.425 0.03125 0.025
0 0.065625 0.52890625 0.053125 0.021875
0 0.34765625 0.7640625 0.046875 0.01875
0 0.2328125 0.7203125 0.04375 0.025
0 0.14609375 0.78046875 0.040625 0.01875
0 0.2015625 0.70390625 0.0625 0.015625
0 0.04921875 0.9625 0.0625 0.0203125
0 0.58671875 0.815625 0.059375 0.015625
0 0.47421875 0.8171875 0.05625 0.0125
0 0.7625 0.72734375 0.034375 0.028125
0 0.9859375 0.7515625 0.028125 0.021875
0 0.5484375 0.91953125 0.0515625 0.01875
0 0.57421875 0.665625 0.05 0.015625
0 0.84296875 0.640625 0.040625 0.028125
0 0.88515625 0.559375 0.040625 0.0234375
0 0.69296875 0.19921875 0.046875 0.0125
0 0.07734375 0.159375 0.05625 0.0125
0 0.30234375 0.90859375 0.046875 0.015625
0 0.053125 0.91328125 0.040625 0.021875
0 0.0734375 0.89609375 0.05625 0.021875
0 0.0875 0.9140625 0.04375 0.0140625
0 0.853125 0.94453125 0.05625 0.0171875