2 0.9671875 0.91171875 0.0375 0.0578125
2 0.98359375 0.89140625 0.03125 0.06875
2 0.90703125 0.60234375 0.01875 0.0953125
2 0.915625 0.35703125 0.025 0.0453125
2 0.90859375 0.2828125 0.025 0.05625
2 0.87890625 0.15078125 0.0265625 0.0734375
2 0.8859375 0.86640625 0.03125 0.071875
2 0.7796875 0.3875 0.0328125 0.040625
2 0.8140625 0.27890625 0.0203125 0.065625
2 0.76640625 0.175 0.034375 0.046875
2 0.77578125 0.0515625 0.025 0.059375
2 0.69921875 0.37890625 0.015625 0.059375
2 0.69375 0.23828125 0.021875 0.0515625
2 0.7234375 0.98515625 0.034375 0.0296875
2 0.7203125 0.92109375 0.0265625 0.0359375
2 0.6921875 0.88203125 0.03125 0.0421875
2 0.6828125 0.86328125 0.0375 0.0296875
2 0.62421875 0.4765625 0.0359375 0.0359375
2 0.5484375 0.55859375 0.021875 0.06875
2 0.465625 0.94453125 0.040625 0.0359375
2 0.38671875 0.53046875 0.028125 0.05625
2 0.315625 0.73828125 0.028125 0.040625
2 0.26640625 0.58828125 0.025 0.053125
2 0.23515625 0.5125 0.025 0.05625
2 0.2421875 0.378125 0.028125 0.075
2 0.24296875 0.265625 0.03125 0.05
2 0.13359375 0.6546875 0.01875 0.04375
2 0.1828125 0.71015625 0.0171875 0.053125
2 0.16953125 0.1015625 0.021875 0.040625
2 0.17890625 0.12265625 0.021875 0.0390625