2 0.2921875 0.09375 0.075 0.01796875
2 0.18203125 0.10546875 0.0625 0.0328125
2 0.05546875 0.28125 0.0546875 0.03046875
2 0.584375 0.11171875 0.0625 0.0203125
2 0.61484375 0.08984375 0.05859375 0.02109375
2 0.603125 0.096875 0.07890625 0.0140625
2 0.8671875 0.11640625 0.0546875 0.01953125
2 0.59921875 0.18359375 0.0640625 0.02109375
2 0.63203125 0.16015625 0.06484375 0.0203125
2 0.259375 0.1828125 0.03828125 0.0296875
2 0.4171875 0.16953125 0.05234375 0.03046875
2 0.08203125 0.259375 0.03984375 0.0375
2 0.34921875 0.4203125 0.05625 0.025
2 0.0734375 0.446875 0.05234375 0.02578125
2 0.07421875 0.56328125 0.0359375 0.03828125
2 0.10078125 0.55078125 0.028125 0.04140625
2 0.1359375 0.53203125 0.0296875 0.028125
2 0.1796875 0.51328125 0.0703125 0.02734375
2 0.1734375 0.484375 0.06015625 0.02421875
2 0.68515625 0.5046875 0.040625 0.02734375
2 0.40546875 0.58671875 0.0296875 0.03359375
2 0.2359375 0.53359375 0.0421875 0.025
2 0.3921875 0.44609375 0.05078125 0.02890625
2 0.178125 0.59453125 0.0296875 0.03984375
2 0.1390625 0.6328125 0.03359375 0.03203125
2 0.09140625 0.75234375 0.0296875 0.0296875
2 0.22734375 0.8078125 0.05390625 0.021875
2 0.384375 0.771875 0.04375 0.0234375
2 0.4328125 0.80546875 0.05390625 0.02421875
2 0.8328125 0.8609375 0.06875 0.01640625
2 0.896875 0.87109375 0.06640625 0.0171875
2 0.17109375 0.86015625 0.04609375 0.01953125
2 0.3734375 0.86484375 0.06640625 0.02109375
2 0.80859375 0.7625 0.0359375 0.02421875
2 0.921875 0.6203125 0.05 0.03203125
2 0.60546875 0.55234375 0.04375 0.02421875