0 0.09296875 0.0921875 0.0703125 0.0328125
0 0.39140625 0.1109375 0.0609375 0.025
0 0.37578125 0.09375 0.046875 0.028125
0 0.36953125 0.13125 0.05625 0.028125
0 0.575 0.0921875 0.0625 0.021875
0 0.815625 0.07421875 0.05 0.021875
0 0.73515625 0.09609375 0.0578125 0.01875
0 0.07890625 0.20390625 0.05 0.01875
0 0.0859375 0.18359375 0.059375 0.021875
0 0.5796875 0.2328125 0.04375 0.025
0 0.45625 0.28203125 0.05625 0.025
0 0.65703125 0.12734375 0.034375 0.025
0 0.984375 0.271875 0.03125 0.021875
0 0.925 0.1328125 0.046875 0.0125
0 0.6984375 0.3953125 0.0375 0.025
0 0.67421875 0.35703125 0.053125 0.034375
0 0.98671875 0.37109375 0.0265625 0.01875
0 0.30859375 0.41171875 0.0484375 0.01875
0 0.265625 0.490625 0.05 0.015625
0 0.29140625 0.50078125 0.04375 0.0171875
0 0.34765625 0.5875 0.04375 0.0234375
0 0.653125 0.52578125 0.0359375 0.021875
0 0.77734375 0.58125 0.046875 0.021875
0 0.85546875 0.60859375 0.05625 0.025
0 0.81015625 0.65546875 0.040625 0.01875
0 0.75625 0.63671875 0.0484375 0.0171875
0 0.86015625 0.69296875 0.0375 0.025
0 0.45546875 0.51171875 0.0375 0.0203125
0 0.66171875 0.73046875 0.03125 0.025
0 0.70390625 0.79921875 0.065625 0.015625
0 0.83359375 0.81953125 0.05 0.021875
0 0.8359375 0.84453125 0.04375 0.025
0 0.9140625 0.64609375 0.0359375 0.028125
0 0.70546875 0.88515625 0.046875 0.015625
0 0.72265625 0.88671875 0.028125 0.0234375
0 0.6125 0.8625 0.0546875 0.01875
0 0.72734375 0.9609375 0.04375 0.015625
0 0.753125 0.95078125 0.05 0.01875
0 0.484375 0.82109375 0.05 0.021875
0 0.4234375 0.834375 0.053125 0.015625
0 0.35703125 0.9515625 0.040625 0.0296875
0 0.3109375 0.821875 0.040625 0.025
0 0.165625 0.928125 0.0625 0.0203125
0 0.2734375 0.92109375 0.065625 0.025
0 0.24921875 0.90234375 0.0421875 0.0265625
0 0.28046875 0.89765625 0.0625 0.01875
0 0.04609375 0.8484375 0.059375 0.025
0 0.275 0.7125 0.0484375 0.021875
0 0.30859375 0.64765625 0.053125 0.021875
0 0.1078125 0.65625 0.040625 0.0265625
0 0.75859375 0.72421875 0.040625 0.015625