0 0.90234375 0.2765625 0.021875 0.0703125
0 0.8890625 0.0921875 0.0203125 0.0375
0 0.8515625 0.13046875 0.015625 0.0375
0 0.83203125 0.16171875 0.015625 0.0484375
0 0.80859375 0.0578125 0.021875 0.034375
0 0.82265625 0.05078125 0.015625 0.04375
0 0.909375 0.525 0.028125 0.040625
0 0.86875 0.52578125 0.0140625 0.05625
0 0.8625 0.43203125 0.0125 0.034375
0 0.98203125 0.51875 0.021875 0.0578125
0 0.93203125 0.56875 0.015625 0.05625
0 0.89921875 0.715625 0.0171875 0.0453125
0 0.8828125 0.9046875 0.021875 0.040625
0 0.8328125 0.7078125 0.01875 0.034375
0 0.790625 0.4953125 0.021875 0.0328125
0 0.74453125 0.21015625 0.01875 0.046875
0 0.79375 0.1890625 0.015625 0.03125
0 0.821875 0.2015625 0.015625 0.028125
0 0.88359375 0.1859375 0.015625 0.046875
0 0.6578125 0.21328125 0.0296875 0.053125
0 0.625 0.4296875 0.015625 0.0375
0 0.69921875 0.903125 0.015625 0.034375
0 0.9078125 0.79453125 0.025 0.0359375
0 0.6015625 0.8328125 0.015625 0.0359375
0 0.59375 0.81328125 0.015625 0.046875
0 0.50625 0.265625 0.0125 0.053125
0 0.4953125 0.28828125 0.015625 0.05
0 0.4359375 0.33984375 0.025 0.040625
0 0.43359375 0.584375 0.01875 0.0453125
0 0.3484375 0.16875 0.015625 0.046875
0 0.39765625 0.2359375 0.01875 0.03125
0 0.375 0.33984375 0.01875 0.0328125
0 0.2671875 0.4375 0.015625 0.04375
0 0.2328125 0.3953125 0.015625 0.0515625
0 0.21953125 0.3484375 0.0140625 0.028125
0 0.17734375 0.15078125 0.01875 0.040625
0 0.20390625 0.08828125 0.015625 0.025
0 0.175 0.3390625 0.01875 0.0375
0 0.16953125 0.41328125 0.015625 0.040625
0 0.1765625 0.5296875 0.01875 0.05
0 0.15703125 0.59609375 0.01875 0.05
0 0.08359375 0.16640625 0.0203125 0.0390625
0 0.1328125 0.23203125 0.01875 0.04375
0 0.8640625 0.8203125 0.0125 0.0375
0 0.82734375 0.9375 0.01875 0.0375
0 0.36875 0.82578125 0.0171875 0.0375
0 0.24921875 0.88359375 0.0234375 0.028125
0 0.56015625 0.4703125 0.021875 0.05
0 0.584375 0.69140625 0.01875 0.053125
0 0.54375 0.7265625 0.0203125 0.05
0 0.0390625 0.70703125 0.0375 0.05625