0 0.42734375 0.08203125 0.0828125 0.01796875
0 0.490625 0.01484375 0.06171875 0.01484375
0 0.7515625 0.01484375 0.07578125 0.025
0 0.9125 0.0296875 0.0640625 0.01953125
0 0.871875 0.0625 0.03359375 0.025
0 0.9625 0.13515625 0.07421875 0.025
0 0.67109375 0.1421875 0.06328125 0.0203125
0 0.59765625 0.1140625 0.05859375 0.025
0 0.70859375 0.134375 0.06328125 0.02421875
0 0.4046875 0.12734375 0.06171875 0.01484375
0 0.5890625 0.159375 0.06015625 0.0171875
0 0.046875 0.11875 0.053125 0.01953125
0 0.3046875 0.15703125 0.0484375 0.02109375
0 0.19140625 0.2359375 0.053125 0.028125
0 0.30546875 0.221875 0.04140625 0.01875
0 0.38203125 0.27421875 0.05078125 0.025
0 0.86875 0.23671875 0.0625 0.02734375
0 0.9125 0.2921875 0.04375 0.02890625
0 0.60078125 0.3546875 0.0390625 0.0359375
0 0.44140625 0.35078125 0.046875 0.021875
0 0.33671875 0.35078125 0.05703125 0.028125
0 0.73125 0.37109375 0.0421875 0.0171875
0 0.115625 0.53359375 0.0625 0.01953125
0 0.36328125 0.61484375 0.053125 0.01875
0 0.4765625 0.6453125 0.03515625 0.02421875
0 0.36328125 0.675 0.03984375 0.01953125
0 0.53203125 0.68359375 0.0390625 0.02265625
0 0.23359375 0.6984375 0.04453125 0.02109375
0 0.0625 0.715625 0.06015625 0.01875
0 0.62265625 0.6390625 0.04140625 0.03125
0 0.765625 0.63125 0.05546875 0.0203125
0 0.25546875 0.78671875 0.09140625 0.02265625
0 0.2375 0.771875 0.05078125 0.0234375
0 0.25625 0.8109375 0.06015625 0.0140625
0 0.65546875 0.740625 0.05 0.0171875
0 0.59921875 0.74140625 0.0625 0.015625
0 0.80390625 0.79375 0.0421875 0.02578125
0 0.93359375 0.79609375 0.053125 0.02421875
0 0.796875 0.86484375 0.0671875 0.0296875
0 0.9140625 0.84375 0.0546875 0.0265625
0 0.58984375 0.8921875 0.05234375 0.0265625
0 0.74375 0.8421875 0.07109375 0.01953125
0 0.04921875 0.8671875 0.06171875 0.01796875
0 0.14609375 0.8875 0.053125 0.0203125
0 0.11015625 0.8234375 0.090625 0.02421875
0 0.125 0.9 0.08359375 0.0171875
0 0.66015625 0.89296875 0.07109375 0.01875
0 0.95 0.63515625 0.0453125 0.0296875
0 0.815625 0.6984375 0.04453125 0.0328125
0 0.81015625 0.45703125 0.06171875 0.015625
0 0.03515625 0.4890625 0.0703125 0.02421875
0 0.24140625 0.55 0.04765625 0.025
0 0.94453125 0.059375 0.04140625 0.01796875
0 0.06796875 0.59296875 0.03984375 0.02734375