0 0.90625 0.9296875 0.021875 0.0765625
0 0.98125 0.421875 0.0203125 0.090625
0 0.88828125 0.32578125 0.0515625 0.078125
0 0.878125 0.94453125 0.028125 0.09375
0 0.84609375 0.921875 0.0265625 0.05625
0 0.8171875 0.384375 0.0359375 0.103125
0 0.775 0.69765625 0.046875 0.0578125
0 0.7875 0.8734375 0.0375 0.084375
0 0.66875 0.77734375 0.0625 0.10625
0 0.8609375 0.6375 0.025 0.0703125
0 0.85859375 0.28984375 0.028125 0.071875
0 0.87421875 0.16484375 0.040625 0.10625
0 0.865625 0.48671875 0.0328125 0.0953125
0 0.5984375 0.23046875 0.05625 0.0609375
0 0.65390625 0.6734375 0.0375 0.121875
0 0.5140625 0.77265625 0.01875 0.0890625
0 0.490625 0.92109375 0.0421875 0.059375
0 0.23125 0.475 0.046875 0.046875
0 0.2765625 0.7859375 0.034375 0.0609375
0 0.27265625 0.6625 0.025 0.0546875
0 0.23671875 0.66484375 0.025 0.065625
0 0.3109375 0.82890625 0.0265625 0.0671875
0 0.33203125 0.95078125 0.034375 0.0734375
0 0.20859375 0.94140625 0.0375 0.075
0 0.11875 0.56640625 0.028125 0.0578125
0 0.1625 0.75703125 0.0296875 0.053125
0 0.38828125 0.084375 0.03125 0.059375
0 0.29765625 0.46328125 0.03125 0.0984375
0 0.49765625 0.5125 0.0328125 0.0671875
0 0.14296875 0.94921875 0.034375 0.09375
0 0.11015625 0.73984375 0.021875 0.0671875
0 0.1125 0.71015625 0.025 0.06875
0 0.1359375 0.321875 0.021875 0.0625
0 0.04453125 0.9625 0.0375 0.075
0 0.4125 0.4828125 0.0359375 0.084375
0 0.465625 0.0578125 0.034375 0.0875
0 0.21953125 0.56796875 0.0234375 0.065625
0 0.46796875 0.78125 0.028125 0.06875
0 0.6875 0.04296875 0.046875 0.0859375
0 0.540625 0.30078125 0.0453125 0.08125
0 0.2296875 0.78203125 0.025 0.0703125
0 0.37109375 0.56171875 0.0390625 0.078125
0 0.34609375 0.20703125 0.0375 0.084375
0 0.83046875 0.52734375 0.0265625 0.059375