0 0.20546875 0.06640625 0.0640625 0.01328125
0 0.34296875 0.16796875 0.046875 0.025
0 0.41328125 0.178125 0.04375 0.0359375
0 0.15859375 0.159375 0.06484375 0.0171875
0 0.028125 0.18671875 0.05546875 0.0171875
0 0.7609375 0.14140625 0.05703125 0.01953125
0 0.80625 0.121875 0.07890625 0.0171875
0 0.63125 0.2015625 0.06015625 0.0203125
0 0.490625 0.2359375 0.05078125 0.01875
0 0.5609375 0.26015625 0.0765625 0.02421875
0 0.834375 0.3109375 0.0546875 0.02421875
0 0.825 0.2859375 0.0625 0.01953125
0 0.7984375 0.21640625 0.0546875 0.02421875
0 0.88984375 0.19296875 0.06953125 0.01875
0 0.96875 0.1890625 0.0421875 0.0171875
0 0.96875 0.17421875 0.06171875 0.01953125
0 0.2890625 0.3265625 0.03671875 0.02421875
0 0.390625 0.47421875 0.07890625 0.02109375
0 0.825 0.50390625 0.0765625 0.01953125
0 0.80546875 0.49921875 0.05703125 0.01640625
0 0.22265625 0.55859375 0.0625 0.01328125
0 0.06640625 0.5546875 0.06640625 0.01328125
0 0.01796875 0.5875 0.0359375 0.025
0 0.2484375 0.6265625 0.0625 0.0171875
0 0.4640625 0.63671875 0.053125 0.025
0 0.79921875 0.6859375 0.04609375 0.028125
0 0.97265625 0.66953125 0.03984375 0.0171875
0 0.89296875 0.621875 0.05703125 0.0203125
0 0.91640625 0.48046875 0.04375 0.025
0 0.30625 0.6984375 0.05 0.0328125
0 0.35703125 0.72265625 0.05234375 0.03203125
0 0.2015625 0.8265625 0.02265625 0.0390625
0 0.2640625 0.8375 0.06015625 0.02578125
0 0.40703125 0.83515625 0.05546875 0.021875
0 0.2265625 0.76640625 0.0296875 0.028125
0 0.40625 0.87109375 0.05234375 0.021875
0 0.66953125 0.753125 0.05234375 0.01953125
0 0.553125 0.95703125 0.05078125 0.03046875
0 0.78203125 0.9046875 0.0875 0.0203125
0 0.0609375 0.93671875 0.07578125 0.01796875
0 0.05390625 0.85390625 0.05 0.025