0 0.06015625 0.3734375 0.021875 0.0625
0 0.07109375 0.03046875 0.025 0.0609375
0 0.0421875 0.2109375 0.025 0.0734375
0 0.1234375 0.1765625 0.0265625 0.0890625
0 0.10859375 0.20546875 0.028125 0.0625
0 0.1046875 0.096875 0.021875 0.0515625
0 0.1453125 0.10234375 0.015625 0.06875
0 0.1203125 0.4875 0.01875 0.06875
0 0.128125 0.8609375 0.0375 0.06875
0 0.14609375 0.7375 0.01875 0.0875
0 0.13828125 0.6625 0.0375 0.0484375
0 0.20078125 0.79765625 0.01875 0.0703125
0 0.21484375 0.6203125 0.0296875 0.06875
0 0.29140625 0.6015625 0.0265625 0.04375
0 0.21328125 0.028125 0.040625 0.040625
0 0.32265625 0.94609375 0.021875 0.05
0 0.37890625 0.87421875 0.040625 0.046875
0 0.40078125 0.24765625 0.034375 0.046875
0 0.57421875 0.53828125 0.0375 0.04375
0 0.55859375 0.58203125 0.034375 0.053125
0 0.534375 0.525 0.028125 0.0734375
0 0.50234375 0.79296875 0.028125 0.05625
0 0.4984375 0.85 0.03125 0.046875
0 0.59296875 0.76171875 0.028125 0.0640625
0 0.6453125 0.8515625 0.025 0.04375
0 0.6140625 0.89140625 0.0296875 0.0515625
0 0.615625 0.2078125 0.034375 0.065625
0 0.5984375 0.1953125 0.021875 0.06875
0 0.5890625 0.390625 0.028125 0.0359375
0 0.6125 0.4734375 0.028125 0.0546875
0 0.6140625 0.03203125 0.0296875 0.0609375
0 0.5734375 0.02890625 0.025 0.05625
0 0.478125 0.0625 0.025 0.0609375
0 0.67734375 0.49296875 0.0203125 0.065625
0 0.7171875 0.7625 0.025 0.0875
0 0.64921875 0.66328125 0.040625 0.05
0 0.753125 0.521875 0.021875 0.05625
0 0.77265625 0.3109375 0.028125 0.0546875
0 0.775 0.159375 0.0265625 0.0640625
0 0.84921875 0.3125 0.0265625 0.0640625
0 0.909375 0.4546875 0.025 0.0703125
0 0.9625 0.54375 0.028125 0.0703125
0 0.95234375 0.47109375 0.025 0.0875
0 0.8265625 0.18984375 0.021875 0.0625
0 0.9515625 0.0265625 0.0296875 0.053125
0 0.67890625 0.93515625 0.0234375 0.040625
0 0.49609375 0.25 0.025 0.0453125
0 0.52890625 0.88828125 0.021875 0.04375