0 0.0359375 0.25859375 0.07109375 0.03046875
0 0.09453125 0.22578125 0.06484375 0.0171875
0 0.41953125 0.3296875 0.0734375 0.0359375
0 0.859375 0.32578125 0.0765625 0.0375
0 0.55390625 0.15078125 0.0890625 0.03828125
0 0.94296875 0.19140625 0.06484375 0.0375
0 0.27421875 0.10546875 0.05 0.03125
0 0.33046875 0.11328125 0.06328125 0.03125
0 0.0390625 0.07578125 0.06015625 0.025
0 0.15625 0.015625 0.09296875 0.03046875
0 0.775 0.05546875 0.0859375 0.01796875
0 0.38203125 0.61953125 0.0703125 0.03125
0 0.16328125 0.6703125 0.07890625 0.02578125
0 0.30546875 0.775 0.0765625 0.03125
0 0.3984375 0.878125 0.0890625 0.03203125
0 0.15703125 0.87734375 0.06328125 0.03203125
0 0.04765625 0.9296875 0.0515625 0.028125
0 0.66953125 0.8296875 0.04453125 0.0203125
0 0.69140625 0.85390625 0.0390625 0.0359375
0 0.084375 0.74921875 0.04765625 0.0265625
0 0.12109375 0.26484375 0.0515625 0.01875
0 0.01953125 0.375 0.0390625 0.0296875
0 0.67890625 0.10234375 0.071875 0.0234375
0 0.49453125 0.07109375 0.0578125 0.02421875