2 0.70859375 0.76171875 0.0484375 0.0171875
2 0.65703125 0.73125 0.040625 0.021875
2 0.81953125 0.71640625 0.046875 0.021875
2 0.83828125 0.7234375 0.034375 0.0234375
2 0.765625 0.69765625 0.046875 0.021875
2 0.7328125 0.6828125 0.05625 0.01875
2 0.53359375 0.66015625 0.0328125 0.0265625
2 0.1578125 0.8203125 0.0421875 0.028125
2 0.3296875 0.83125 0.05 0.01875
2 0.23828125 0.87734375 0.05625 0.015625
2 0.3890625 0.878125 0.078125 0.0171875
2 0.86640625 0.8296875 0.046875 0.021875
2 0.821875 0.80234375 0.0625 0.021875
2 0.8171875 0.790625 0.0625 0.0171875
2 0.04921875 0.784375 0.05 0.0125
2 0.01953125 0.81484375 0.0390625 0.0203125
2 0.93125 0.390625 0.034375 0.028125
2 0.88203125 0.29296875 0.040625 0.0296875
2 0.9828125 0.296875 0.034375 0.0265625
2 0.9625 0.15234375 0.040625 0.034375
2 0.93203125 0.0984375 0.08125 0.025
2 0.678125 0.0875 0.0625 0.015625
2 0.77421875 0.09375 0.04375 0.025
2 0.85 0.153125 0.046875 0.0265625
2 0.79140625 0.14453125 0.0546875 0.021875
2 0.4109375 0.0921875 0.084375 0.01875
2 0.47265625 0.06875 0.10625 0.0203125
2 0.3265625 0.15625 0.0765625 0.0140625
2 0.27578125 0.14375 0.053125 0.015625
2 0.24609375 0.1109375 0.071875 0.025
2 0.1125 0.09140625 0.059375 0.021875
2 0.26015625 0.196875 0.05625 0.021875
2 0.2546875 0.1828125 0.05 0.0125
2 0.503125 0.22578125 0.040625 0.028125
2 0.51171875 0.15546875 0.0546875 0.0265625
2 0.76171875 0.171875 0.0375 0.034375
2 0.74375 0.159375 0.0296875 0.0296875
2 0.6796875 0.14375 0.05625 0.015625
2 0.70078125 0.3140625 0.053125 0.025
2 0.8546875 0.25703125 0.034375 0.0296875