2 0.109375 0.88828125 0.0234375 0.0484375
2 0.1015625 0.73046875 0.025 0.0578125
2 0.084375 0.37578125 0.025 0.071875
2 0.07265625 0.35078125 0.015625 0.0515625
2 0.084375 0.4453125 0.015625 0.046875
2 0.125 0.10390625 0.01875 0.0734375
2 0.09921875 0.15 0.021875 0.0609375
2 0.18671875 0.04375 0.025 0.046875
2 0.146875 0.321875 0.0171875 0.0375
2 0.165625 0.19375 0.021875 0.0453125
2 0.23046875 0.12578125 0.03125 0.0453125
2 0.20703125 0.20703125 0.01875 0.028125
2 0.17109375 0.2171875 0.01875 0.053125
2 0.15625 0.2109375 0.0234375 0.046875
2 0.215625 0.5859375 0.0125 0.0609375
2 0.1828125 0.4546875 0.0171875 0.04375
2 0.15625 0.7 0.021875 0.0453125
2 0.20078125 0.07421875 0.028125 0.021875
2 0.2828125 0.053125 0.028125 0.028125
2 0.41015625 0.05859375 0.0359375 0.040625
2 0.4375 0.13203125 0.01875 0.034375
2 0.3625 0.06640625 0.01875 0.046875
2 0.36953125 0.39609375 0.0203125 0.065625
2 0.52421875 0.075 0.025 0.040625
2 0.6078125 0.09140625 0.021875 0.0328125
2 0.60078125 0.12265625 0.025 0.028125
2 0.57109375 0.1546875 0.025 0.0265625
2 0.7046875 0.0734375 0.01875 0.0375
2 0.81640625 0.51796875 0.021875 0.046875
2 0.834375 0.55859375 0.01875 0.065625
2 0.84453125 0.7890625 0.015625 0.0453125
2 0.7890625 0.8796875 0.021875 0.05625
2 0.74765625 0.78984375 0.01875 0.0625
2 0.8515625 0.2109375 0.021875 0.0375
2 0.86015625 0.3640625 0.021875 0.0546875
2 0.76796875 0.13671875 0.015625 0.028125
2 0.775 0.1828125 0.01875 0.059375
2 0.75390625 0.12421875 0.0234375 0.0390625
2 0.734375 0.12421875 0.021875 0.05625
2 0.684375 0.08359375 0.028125 0.0375