2 0.0390625 0.478125 0.0265625 0.0640625
2 0.08125 0.23671875 0.028125 0.05625
2 0.04453125 0.1296875 0.01875 0.06875
2 0.1234375 0.51640625 0.021875 0.0640625
2 0.10234375 0.4296875 0.015625 0.0671875
2 0.11171875 0.25078125 0.025 0.04375
2 0.1390625 0.08125 0.03125 0.0203125
2 0.22265625 0.240625 0.0203125 0.040625
2 0.12578125 0.746875 0.0125 0.0484375
2 0.0828125 0.9359375 0.0203125 0.065625
2 0.31640625 0.4421875 0.025 0.0625
2 0.24140625 0.65 0.0234375 0.028125
2 0.259375 0.803125 0.03125 0.0265625
2 0.17578125 0.05859375 0.028125 0.03125
2 0.37265625 0.12578125 0.01875 0.0375
2 0.340625 0.0984375 0.021875 0.03125
2 0.3640625 0.35625 0.034375 0.046875
2 0.4703125 0.07578125 0.028125 0.0421875
2 0.5765625 0.1234375 0.0171875 0.0390625
2 0.65078125 0.39296875 0.0203125 0.065625
2 0.64375 0.5546875 0.0109375 0.040625
2 0.62421875 0.4859375 0.0140625 0.046875
2 0.66171875 0.940625 0.015625 0.05625
2 0.7078125 0.12421875 0.01875 0.0625
2 0.75546875 0.084375 0.025 0.03125
2 0.7390625 0.10078125 0.0171875 0.034375
2 0.7890625 0.2734375 0.028125 0.03125
2 0.86484375 0.425 0.0125 0.0484375
2 0.8296875 0.46796875 0.01875 0.05
2 0.8375 0.5 0.0171875 0.0484375
2 0.85625 0.6703125 0.0296875 0.0390625
2 0.88046875 0.68984375 0.0203125 0.05
2 0.7984375 0.94140625 0.021875 0.065625