0 0.75859375 0.07421875 0.04375 0.015625
0 0.53359375 0.05859375 0.071875 0.01875
0 0.621875 0.07578125 0.046875 0.0171875
0 0.7109375 0.134375 0.0578125 0.0203125
0 0.62578125 0.20703125 0.05625 0.01875
0 0.6640625 0.228125 0.053125 0.021875
0 0.54140625 0.165625 0.053125 0.01875
0 0.7421875 0.2015625 0.053125 0.021875
0 0.49140625 0.2140625 0.0609375 0.0125
0 0.28515625 0.20390625 0.05625 0.0140625
0 0.61328125 0.284375 0.0484375 0.021875
0 0.66796875 0.25546875 0.0484375 0.01875
0 0.0828125 0.1796875 0.05 0.021875
0 0.38359375 0.159375 0.053125 0.0171875
0 0.10625 0.1328125 0.046875 0.0203125
0 0.4046875 0.13515625 0.0515625 0.015625
0 0.1015625 0.37890625 0.0546875 0.0125
0 0.46171875 0.37734375 0.05625 0.015625
0 0.640625 0.4453125 0.0484375 0.021875
0 0.959375 0.603125 0.05 0.015625
0 0.784375 0.590625 0.053125 0.0171875
0 0.309375 0.5640625 0.053125 0.021875
0 0.1578125 0.48203125 0.05 0.01875
0 0.35859375 0.46796875 0.053125 0.021875
0 0.05625 0.44453125 0.034375 0.025
0 0.253125 0.40859375 0.034375 0.0203125
0 0.365625 0.253125 0.034375 0.021875
0 0.87109375 0.69609375 0.0578125 0.015625
0 0.95234375 0.71875 0.046875 0.028125
0 0.70625 0.76640625 0.05625 0.021875
0 0.75234375 0.78125 0.05 0.021875
0 0.81640625 0.8015625 0.04375 0.015625
0 0.5828125 0.81640625 0.0421875 0.015625
0 0.5640625 0.8046875 0.053125 0.021875
0 0.7078125 0.79921875 0.0578125 0.0203125
0 0.72890625 0.84140625 0.0640625 0.015625
0 0.54140625 0.84296875 0.0546875 0.0203125
0 0.490625 0.86328125 0.0546875 0.0171875
0 0.23203125 0.8953125 0.065625 0.0203125
0 0.2921875 0.86484375 0.0421875 0.025
0 0.1234375 0.85078125 0.05625 0.0125
0 0.73359375 0.959375 0.0578125 0.025