0 0.71796875 0.021875 0.08125 0.01640625
0 0.7046875 0.08359375 0.0546875 0.02265625
0 0.7609375 0.06953125 0.05 0.0203125
0 0.51484375 0.096875 0.06328125 0.02734375
0 0.5515625 0.14140625 0.03359375 0.02734375
0 0.32421875 0.12109375 0.04296875 0.01875
0 0.1734375 0.1171875 0.05 0.01953125
0 0.13984375 0.1515625 0.0484375 0.02578125
0 0.04140625 0.16328125 0.0609375 0.021875
0 0.03515625 0.09296875 0.05 0.03125
0 0.09296875 0.015625 0.0515625 0.03125
0 0.39921875 0.33671875 0.04921875 0.03984375
0 0.40625 0.27421875 0.08515625 0.0265625
0 0.92109375 0.27734375 0.0375 0.0234375
0 0.7828125 0.48046875 0.06328125 0.02578125
0 0.10625 0.5046875 0.05234375 0.0171875
0 0.528125 0.61953125 0.03359375 0.0265625
0 0.25390625 0.6796875 0.0375 0.025
0 0.975 0.64765625 0.01328125 0.028125
0 0.61015625 0.7875 0.04296875 0.021875
0 0.75234375 0.8171875 0.084375 0.01875
0 0.2484375 0.83515625 0.0375 0.02421875
0 0.3125 0.8765625 0.05234375 0.0359375
0 0.59609375 0.846875 0.07109375 0.02421875
0 0.715625 0.925 0.05703125 0.0265625
0 0.10859375 0.88515625 0.05 0.01640625
0 0.2328125 0.93828125 0.04609375 0.02109375
0 0.590625 0.228125 0.0375 0.0265625
0 0.04296875 0.26015625 0.0765625 0.03515625
0 0.10078125 0.13359375 0.0515625 0.02265625
0 0.0171875 0.37109375 0.03359375 0.0296875
0 0.1203125 0.834375 0.0546875 0.03359375
0 0.47734375 0.0140625 0.05234375 0.02421875