0 0.68203125 0.1046875 0.0609375 0.0390625
0 0.83515625 0.23671875 0.06875 0.040625
0 0.9625 0.3125 0.0734375 0.021875
0 0.6375 0.3265625 0.0265625 0.028125
0 0.4953125 0.165625 0.0515625 0.046875
0 0.49375 0.22578125 0.08125 0.025
0 0.32734375 0.34140625 0.0515625 0.0296875
0 0.30625 0.29765625 0.0703125 0.028125
0 0.2171875 0.26484375 0.0875 0.0515625
0 0.028125 0.2421875 0.03125 0.0359375
0 0.3734375 0.14609375 0.059375 0.0359375
0 0.38203125 0.115625 0.0625 0.015625
0 0.6015625 0.1296875 0.05 0.028125
0 0.9484375 0.17421875 0.08125 0.04375
0 0.89609375 0.15703125 0.0625 0.025
0 0.890625 0.11796875 0.0609375 0.025
0 0.73984375 0.52421875 0.065625 0.040625
0 0.73671875 0.4921875 0.04375 0.01875
0 0.72734375 0.45703125 0.046875 0.040625
0 0.51328125 0.634375 0.0453125 0.040625
0 0.653125 0.65625 0.05 0.028125
0 0.95625 0.5890625 0.0515625 0.040625
0 0.92421875 0.7390625 0.0265625 0.0375
0 0.646875 0.93671875 0.06875 0.0328125
0 0.4 0.80625 0.053125 0.028125
0 0.1015625 0.7390625 0.05625 0.021875
0 0.93515625 0.7828125 0.05625 0.0171875
0 0.27265625 0.42734375 0.05625 0.046875
0 0.17578125 0.38203125 0.04375 0.028125
0 0.0875 0.571875 0.0515625 0.040625
0 0.284375 0.10234375 0.05 0.028125