0 0.0859375 0.0859375 0.078125 0.03671875
0 0.209375 0.10234375 0.05703125 0.03828125
0 0.32890625 0.11640625 0.0515625 0.0421875
0 0.26796875 0.13203125 0.07265625 0.0328125
0 0.29921875 0.15625 0.0703125 0.03359375
0 0.09765625 0.165625 0.08828125 0.046875
0 0.471875 0.121875 0.06484375 0.03046875
0 0.52265625 0.1671875 0.090625 0.0296875
0 0.82734375 0.0984375 0.0984375 0.04296875
0 0.88984375 0.06015625 0.08046875 0.04609375
0 0.9640625 0.18203125 0.06796875 0.03046875
0 0.8875 0.265625 0.02734375 0.01796875
0 0.9359375 0.27265625 0.04375 0.01953125
0 0.5859375 0.27265625 0.11171875 0.02890625
0 0.71171875 0.25859375 0.06640625 0.02578125
0 0.39609375 0.2328125 0.07265625 0.02109375
0 0.4640625 0.321875 0.053125 0.028125
0 0.3609375 0.346875 0.053125 0.03359375
0 0.02890625 0.3234375 0.0578125 0.03125
0 0.82421875 0.47109375 0.06484375 0.01875
0 0.37109375 0.5125 0.07265625 0.025
0 0.3984375 0.58125 0.06171875 0.03046875
0 0.18515625 0.60625 0.1 0.021875
0 0.14296875 0.5671875 0.04453125 0.0234375
0 0.0921875 0.5796875 0.046875 0.02578125
0 0.3359375 0.62734375 0.06640625 0.02578125
0 0.40625 0.68046875 0.07265625 0.028125
0 0.07890625 0.68203125 0.0609375 0.0296875
0 0.28359375 0.72890625 0.0859375 0.03125
0 0.37734375 0.7546875 0.0734375 0.0296875
0 0.2453125 0.77265625 0.05078125 0.02265625
0 0.325 0.78515625 0.06875 0.01875
0 0.22578125 0.79375 0.08046875 0.02109375
0 0.07734375 0.77421875 0.07734375 0.01484375
0 0.47734375 0.7625 0.053125 0.02578125
0 0.8921875 0.79609375 0.053125 0.01484375
0 0.80234375 0.84765625 0.1 0.0203125
0 0.834375 0.821875 0.0625 0.0234375
0 0.815625 0.884375 0.06953125 0.02109375
0 0.4921875 0.89296875 0.08359375 0.04765625
0 0.3859375 0.875 0.10234375 0.03515625
0 0.15625 0.88203125 0.10390625 0.028125
0 0.265625 0.85234375 0.06953125 0.02734375
0 0.23125 0.9203125 0.08046875 0.03359375
0 0.29375 0.94609375 0.0359375 0.028125
0 0.31953125 0.9578125 0.059375 0.0203125
0 0.2125 0.95703125 0.0484375 0.021875
0 0.03828125 0.92734375 0.05078125 0.02578125