2 0.98828125 0.85078125 0.0234375 0.0875
2 0.9625 0.91875 0.040625 0.059375
2 0.85546875 0.909375 0.034375 0.05625
2 0.8640625 0.9484375 0.0328125 0.05
2 0.921875 0.51484375 0.0375 0.121875
2 0.88125 0.3671875 0.034375 0.090625
2 0.75859375 0.44375 0.0375 0.06875
2 0.8484375 0.2109375 0.028125 0.0796875
2 0.7625 0.04296875 0.053125 0.078125
2 0.68359375 0.3515625 0.0234375 0.078125
2 0.61484375 0.4953125 0.0375 0.090625
2 0.57265625 0.6140625 0.034375 0.09375
2 0.528125 0.59140625 0.03125 0.065625
2 0.56796875 0.86953125 0.0515625 0.0875
2 0.37890625 0.78203125 0.028125 0.0859375
2 0.3828125 0.85703125 0.03125 0.078125
2 0.38203125 0.61953125 0.034375 0.071875
2 0.28515625 0.5484375 0.0484375 0.08125
2 0.34765625 0.41640625 0.034375 0.059375
2 0.37734375 0.30859375 0.034375 0.065625
2 0.36953125 0.3765625 0.0390625 0.0703125
2 0.39921875 0.2765625 0.01875 0.0546875
2 0.246875 0.29765625 0.03125 0.078125
2 0.28125 0.6625 0.03125 0.090625
2 0.1734375 0.8828125 0.0453125 0.10625
2 0.1359375 0.5734375 0.0375 0.090625
2 0.18515625 0.51328125 0.0375 0.08125