2 0.98359375 0.10390625 0.0328125 0.0359375
2 0.9640625 0.2171875 0.040625 0.0578125
2 0.8703125 0.109375 0.028125 0.04375
2 0.90234375 0.1015625 0.028125 0.040625
2 0.81328125 0.40234375 0.0203125 0.0609375
2 0.90078125 0.465625 0.034375 0.053125
2 0.9046875 0.8875 0.01875 0.059375
2 0.77578125 0.7703125 0.021875 0.0734375
2 0.75390625 0.52890625 0.028125 0.0484375
2 0.790625 0.559375 0.03125 0.065625
2 0.56640625 0.5234375 0.025 0.040625
2 0.7078125 0.8734375 0.021875 0.0546875
2 0.72578125 0.62578125 0.0171875 0.06875
2 0.47734375 0.078125 0.0265625 0.040625
2 0.409375 0.4953125 0.025 0.0328125
2 0.34140625 0.61953125 0.021875 0.05625
2 0.35859375 0.9359375 0.01875 0.0578125
2 0.33828125 0.39140625 0.0203125 0.0453125
2 0.48046875 0.01171875 0.0375 0.021875
2 0.33671875 0.078125 0.0265625 0.040625
2 0.18671875 0.246875 0.028125 0.059375
2 0.13984375 0.33828125 0.00625 0.05625
2 0.1828125 0.4109375 0.021875 0.075
2 0.14921875 0.590625 0.01875 0.05
2 0.128125 0.7140625 0.0203125 0.046875
2 0.15078125 0.90234375 0.0171875 0.05625
2 0.20859375 0.7609375 0.0171875 0.059375
2 0.30703125 0.06953125 0.025 0.03125
2 0.871875 0.6765625 0.01875 0.0421875
2 0.88515625 0.759375 0.025 0.04375
2 0.76953125 0.0453125 0.0203125 0.04375
2 0.61484375 0.15390625 0.0265625 0.034375