0 0.1984375 0.01328125 0.046875 0.02578125
0 0.446875 0.08359375 0.06015625 0.0265625
0 0.0328125 0.03125 0.065625 0.021875
0 0.4328125 0.1234375 0.0828125 0.0265625
0 0.8703125 0.246875 0.0796875 0.03671875
0 0.88046875 0.30078125 0.0578125 0.03046875
0 0.55625 0.07734375 0.06484375 0.03125
0 0.4625 0.17109375 0.0578125 0.0234375
0 0.715625 0.20625 0.04375 0.028125
0 0.09609375 0.08125 0.0703125 0.02421875
0 0.8296875 0.43125 0.046875 0.0265625
0 0.69921875 0.45078125 0.0484375 0.0234375
0 0.3765625 0.09140625 0.04609375 0.0234375
0 0.20859375 0.1203125 0.04296875 0.02109375
0 0.44921875 0.29765625 0.05625 0.034375
0 0.025 0.24296875 0.05 0.01875
0 0.01796875 0.6953125 0.0359375 0.028125
0 0.2859375 0.35859375 0.071875 0.02109375
0 0.43984375 0.71640625 0.071875 0.0359375
0 0.18203125 0.57890625 0.03359375 0.03984375
0 0.65234375 0.6359375 0.04921875 0.01875
0 0.88359375 0.57890625 0.05234375 0.0203125
0 0.5984375 0.58359375 0.04140625 0.0265625
0 0.21796875 0.81015625 0.0546875 0.0234375
0 0.56484375 0.72578125 0.04765625 0.02109375
0 0.490625 0.7484375 0.046875 0.01328125
0 0.215625 0.89765625 0.06015625 0.028125
0 0.89453125 0.79296875 0.07109375 0.02109375
0 0.38515625 0.8296875 0.05625 0.01953125
0 0.10234375 0.62421875 0.0765625 0.0296875
0 0.17734375 0.76640625 0.04921875 0.03984375
0 0.26796875 0.17265625 0.0734375 0.02578125
0 0.89765625 0.4671875 0.06015625 0.02109375
0 0.63984375 0.39921875 0.07109375 0.03046875
0 0.80078125 0.675 0.07734375 0.02265625
0 0.61171875 0.15546875 0.06875 0.021875
0 0.74921875 0.12734375 0.0546875 0.02109375
0 0.0734375 0.09765625 0.08125 0.021875