0 0.86171875 0.909375 0.01875 0.059375
0 0.88984375 0.86484375 0.0140625 0.05
0 0.8921875 0.7046875 0.01875 0.046875
0 0.9796875 0.45390625 0.015625 0.075
0 0.76484375 0.4859375 0.0265625 0.0390625
0 0.68125 0.3109375 0.0296875 0.040625
0 0.84921875 0.2171875 0.0140625 0.0578125
0 0.86171875 0.20234375 0.015625 0.05
0 0.5765625 0.95703125 0.0265625 0.0328125
0 0.56640625 0.921875 0.0171875 0.05625
0 0.59921875 0.87734375 0.034375 0.0359375
0 0.66796875 0.5953125 0.03125 0.0375
0 0.76640625 0.14453125 0.015625 0.0625
0 0.9703125 0.23046875 0.021875 0.0375
0 0.9484375 0.025 0.01875 0.05
0 0.64921875 0.06875 0.025 0.04375
0 0.5375 0.07265625 0.0203125 0.028125
0 0.4984375 0.23203125 0.015625 0.0484375
0 0.44609375 0.31484375 0.025 0.053125
0 0.378125 0.1484375 0.021875 0.05625
0 0.4078125 0.3953125 0.021875 0.0609375
0 0.45390625 0.84453125 0.0171875 0.0515625
0 0.4578125 0.62890625 0.021875 0.06875
0 0.4984375 0.734375 0.015625 0.0515625
0 0.23984375 0.803125 0.01875 0.0640625
0 0.32734375 0.72578125 0.015625 0.05
0 0.409375 0.98125 0.025 0.0375
0 0.221875 0.3546875 0.01875 0.046875
0 0.24765625 0.4109375 0.021875 0.0515625
0 0.21953125 0.42421875 0.01875 0.05625
0 0.25546875 0.62109375 0.021875 0.0609375
0 0.18984375 0.6625 0.015625 0.0484375
0 0.20546875 0.69375 0.015625 0.0546875
0 0.16171875 0.9734375 0.015625 0.053125
0 0.1171875 0.75078125 0.01875 0.053125
0 0.10703125 0.66640625 0.01875 0.0609375
0 0.0734375 0.609375 0.01875 0.06875
0 0.16640625 0.41171875 0.015625 0.06875
0 0.18828125 0.23046875 0.025 0.0609375
0 0.18046875 0.13203125 0.0140625 0.0484375
0 0.065625 0.484375 0.0203125 0.059375