0 0.47421875 0.034375 0.06171875 0.0203125
0 0.48828125 0.06953125 0.02265625 0.02734375
0 0.665625 0.14140625 0.08515625 0.04296875
0 0.96171875 0.1421875 0.046875 0.02890625
0 0.51796875 0.20234375 0.06171875 0.034375
0 0.94609375 0.31328125 0.04765625 0.03125
0 0.4796875 0.38125 0.065625 0.02734375
0 0.21171875 0.31171875 0.05390625 0.03671875
0 0.04140625 0.16328125 0.059375 0.03125
0 0.10859375 0.153125 0.06484375 0.02890625
0 0.0421875 0.2078125 0.07109375 0.03984375
0 0.15703125 0.28671875 0.06171875 0.02890625
0 0.17890625 0.11484375 0.040625 0.01171875
0 0.1609375 0.09140625 0.0375 0.02421875
0 0.07578125 0.08046875 0.02578125 0.01875
0 0.375 0.125 0.0625 0.03671875
0 0.834375 0.4109375 0.06875 0.0375
0 0.51328125 0.44921875 0.03359375 0.0359375
0 0.29609375 0.50234375 0.084375 0.0375
0 0.6234375 0.5609375 0.0375 0.0265625
0 0.3765625 0.61796875 0.07890625 0.034375
0 0.33203125 0.55625 0.10859375 0.0296875
0 0.1296875 0.634375 0.06640625 0.03828125
0 0.3984375 0.71953125 0.084375 0.02578125
0 0.23125 0.8328125 0.0578125 0.03515625
0 0.265625 0.865625 0.078125 0.02890625
0 0.38671875 0.9328125 0.03359375 0.021875
0 0.52265625 0.859375 0.12109375 0.025
0 0.734375 0.95703125 0.0859375 0.03984375
0 0.88359375 0.76640625 0.03515625 0.03515625
0 0.1734375 0.775 0.00234375 0.0015625
0 0.94921875 0.715625 0.05 0.03125
0 0.8296875 0.4734375 0.05390625 0.03828125