0 0.2765625 0.09765625 0.0703125 0.02109375
0 0.0921875 0.1109375 0.03671875 0.0203125
0 0.13046875 0.1484375 0.03828125 0.015625
0 0.16171875 0.16796875 0.0484375 0.01640625
0 0.0578125 0.19140625 0.03515625 0.02109375
0 0.05078125 0.17734375 0.04375 0.015625
0 0.525 0.090625 0.040625 0.028125
0 0.52578125 0.13125 0.05546875 0.0140625
0 0.43203125 0.1375 0.03515625 0.0125
0 0.51875 0.01796875 0.0578125 0.02265625
0 0.56875 0.06796875 0.05625 0.01640625
0 0.715625 0.10078125 0.0453125 0.0171875
0 0.9046875 0.1171875 0.03984375 0.02109375
0 0.7078125 0.1671875 0.034375 0.01875
0 0.4953125 0.209375 0.0328125 0.02109375
0 0.21015625 0.25546875 0.046875 0.01875
0 0.1890625 0.20625 0.03046875 0.01484375
0 0.2015625 0.178125 0.02890625 0.01484375
0 0.1859375 0.11640625 0.046875 0.01484375
0 0.21328125 0.3421875 0.05234375 0.0296875
0 0.4296875 0.375 0.0375 0.015625
0 0.903125 0.30078125 0.034375 0.015625
0 0.79453125 0.0921875 0.0359375 0.02421875
0 0.8328125 0.3984375 0.0359375 0.01640625
0 0.81328125 0.40625 0.04609375 0.01484375
0 0.265625 0.49375 0.053125 0.0125
0 0.28828125 0.5046875 0.05078125 0.01640625
0 0.33984375 0.5640625 0.04140625 0.025
0 0.584375 0.56640625 0.0453125 0.01953125
0 0.16875 0.6515625 0.046875 0.015625
0 0.2359375 0.60234375 0.03203125 0.01875
0 0.33984375 0.625 0.0328125 0.01796875
0 0.4375 0.7328125 0.04296875 0.01484375
0 0.3953125 0.7671875 0.0515625 0.01484375
0 0.3484375 0.78046875 0.02734375 0.0140625
0 0.15078125 0.82265625 0.03984375 0.01796875
0 0.08828125 0.79609375 0.02578125 0.015625
0 0.3390625 0.825 0.03828125 0.01875
0 0.41328125 0.83046875 0.04140625 0.015625
0 0.5296875 0.8234375 0.05 0.01875
0 0.59609375 0.84296875 0.05 0.01953125
0 0.16640625 0.91640625 0.0390625 0.0203125
0 0.23203125 0.8671875 0.04453125 0.01796875
0 0.8203125 0.1359375 0.03828125 0.01328125
0 0.9375 0.17265625 0.03828125 0.01796875
0 0.82578125 0.63125 0.03828125 0.0171875
0 0.88359375 0.75078125 0.02734375 0.0234375
0 0.4703125 0.43984375 0.05 0.02109375
0 0.69140625 0.415625 0.05234375 0.01875
0 0.7265625 0.45625 0.05078125 0.0203125
0 0.70703125 0.9609375 0.05703125 0.03671875