2 0.95546875 0.83984375 0.025 0.059375
2 0.89375 0.66328125 0.028125 0.071875
2 0.89296875 0.85546875 0.01875 0.05625
2 0.859375 0.78515625 0.021875 0.0484375
2 0.81328125 0.8890625 0.025 0.0375
2 0.8984375 0.16171875 0.01875 0.06875
2 0.9015625 0.0875 0.021875 0.0609375
2 0.87734375 0.1359375 0.015625 0.053125
2 0.846875 0.0671875 0.01875 0.034375
2 0.87265625 0.31328125 0.025 0.0609375
2 0.8140625 0.115625 0.0125 0.059375
2 0.80546875 0.07265625 0.0171875 0.0140625
2 0.79140625 0.26015625 0.021875 0.040625
2 0.83203125 0.5234375 0.025 0.034375
2 0.7671875 0.43671875 0.0203125 0.046875
2 0.7234375 0.23515625 0.015625 0.0625
2 0.76796875 0.846875 0.01875 0.04375
2 0.6984375 0.3546875 0.01875 0.0609375
2 0.62421875 0.47421875 0.0234375 0.0359375
2 0.62421875 0.88203125 0.03125 0.0421875
2 0.63828125 0.8671875 0.03125 0.0359375
2 0.4703125 0.80625 0.025 0.0546875
2 0.51484375 0.64140625 0.021875 0.053125
2 0.23671875 0.5078125 0.015625 0.05
2 0.18671875 0.30234375 0.025 0.046875
2 0.16171875 0.5125 0.01875 0.06875
2 0.14453125 0.3921875 0.015625 0.059375
2 0.1359375 0.05546875 0.025 0.021875
2 0.16796875 0.7703125 0.0171875 0.040625
2 0.43359375 0.1640625 0.0328125 0.05
2 0.33203125 0.178125 0.0296875 0.034375