0 0.05 0.77421875 0.025 0.053125
0 0.0671875 0.92890625 0.0296875 0.053125
0 0.09453125 0.8953125 0.021875 0.05625
0 0.15390625 0.678125 0.01875 0.084375
0 0.115625 0.603125 0.01875 0.096875
0 0.08984375 0.6609375 0.021875 0.08125
0 0.028125 0.22734375 0.025 0.065625
0 0.24375 0.3984375 0.0140625 0.071875
0 0.25 0.45234375 0.021875 0.065625
0 0.265625 0.3375 0.021875 0.059375
0 0.153125 0.2390625 0.03125 0.0765625
0 0.4484375 0.7921875 0.0359375 0.034375
0 0.47421875 0.52109375 0.01875 0.090625
0 0.46796875 0.23671875 0.021875 0.084375
0 0.5 0.75390625 0.01875 0.053125
0 0.6 0.92109375 0.040625 0.0625
0 0.67890625 0.96875 0.040625 0.028125
0 0.66796875 0.759375 0.0296875 0.0390625
0 0.6625 0.73515625 0.021875 0.0703125
0 0.72578125 0.69375 0.025 0.04375
0 0.5703125 0.32265625 0.0171875 0.059375
0 0.6546875 0.2046875 0.03125 0.0453125
0 0.796875 0.30234375 0.0328125 0.08125
0 0.784375 0.2140625 0.0265625 0.04375
0 0.83515625 0.65625 0.0296875 0.0578125
0 0.80546875 0.63515625 0.0265625 0.0765625
0 0.81953125 0.9515625 0.03125 0.05625
0 0.9125 0.89140625 0.025 0.0625
0 0.9046875 0.4953125 0.025 0.05625
0 0.90390625 0.29140625 0.021875 0.05625
0 0.95 0.846875 0.025 0.071875
0 0.7375 0.18828125 0.0328125 0.05
0 0.646875 0.04765625 0.0375 0.05
0 0.73046875 0.940625 0.028125 0.0578125
0 0.815625 0.70390625 0.025 0.0546875