2 0.959375 0.83125 0.025 0.075
2 0.89296875 0.3234375 0.021875 0.0703125
2 0.87265625 0.259375 0.021875 0.08125
2 0.86796875 0.49375 0.0296875 0.084375
2 0.82578125 0.0953125 0.021875 0.078125
2 0.8796875 0.08359375 0.021875 0.065625
2 0.853125 0.69765625 0.021875 0.0859375
2 0.8875 0.70625 0.0265625 0.059375
2 0.81953125 0.65390625 0.021875 0.0765625
2 0.81484375 0.67578125 0.021875 0.053125
2 0.8390625 0.46875 0.01875 0.078125
2 0.7578125 0.3703125 0.0234375 0.059375
2 0.7453125 0.86328125 0.0171875 0.065625
2 0.65703125 0.8015625 0.025 0.028125
2 0.684375 0.74765625 0.028125 0.046875
2 0.8125 0.90859375 0.0296875 0.04375
2 0.67421875 0.89453125 0.034375 0.06875
2 0.571875 0.57265625 0.0328125 0.04375
2 0.40703125 0.5640625 0.0234375 0.0625
2 0.41796875 0.6265625 0.03125 0.0640625
2 0.4734375 0.36015625 0.01875 0.065625
2 0.5578125 0.128125 0.021875 0.059375
2 0.46328125 0.87109375 0.0375 0.0359375
2 0.36875 0.8640625 0.0421875 0.0421875
2 0.3078125 0.6609375 0.040625 0.0578125
2 0.2515625 0.5625 0.0375 0.034375
2 0.209375 0.859375 0.01875 0.05
2 0.1953125 0.4703125 0.028125 0.06875
2 0.20859375 0.76328125 0.0234375 0.0546875
2 0.11875 0.7 0.0265625 0.0625
2 0.13984375 0.56015625 0.025 0.078125
2 0.140625 0.43046875 0.021875 0.0625
2 0.2015625 0.21953125 0.0203125 0.0703125
2 0.21015625 0.97421875 0.021875 0.0515625