0 0.65390625 0.0890625 0.0390625 0.0234375
0 0.93203125 0.10078125 0.0515625 0.028125
0 0.921875 0.02265625 0.071875 0.0265625
0 0.79453125 0.01484375 0.0578125 0.0296875
0 0.76875 0.128125 0.075 0.028125
0 0.7484375 0.2734375 0.059375 0.034375
0 0.2125 0.2484375 0.046875 0.021875
0 0.409375 0.33046875 0.05625 0.0296875
0 0.03671875 0.146875 0.0390625 0.01875
0 0.05390625 0.28828125 0.034375 0.025
0 0.1890625 0.1515625 0.0625 0.0375
0 0.14453125 0.1125 0.075 0.034375
0 0.51015625 0.03359375 0.065625 0.0375
0 0.33359375 0.1578125 0.046875 0.015625
0 0.95625 0.371875 0.03125 0.025
0 0.79140625 0.48203125 0.05625 0.034375
0 0.3328125 0.4140625 0.078125 0.025
0 0.0265625 0.36875 0.053125 0.040625
0 0.2875 0.47421875 0.053125 0.025
0 0.2671875 0.6765625 0.0703125 0.028125
0 0.46796875 0.7375 0.05 0.03125
0 0.7671875 0.79140625 0.0421875 0.01875
0 0.7390625 0.85390625 0.053125 0.025
0 0.509375 0.84609375 0.046875 0.025
0 0.27890625 0.89921875 0.075 0.028125
0 0.0375 0.8078125 0.05 0.0203125
0 0.159375 0.81875 0.0515625 0.01875
0 0.575 0.62265625 0.053125 0.028125
0 0.48203125 0.93671875 0.05 0.01875
0 0.11171875 0.884375 0.05 0.01875
0 0.8109375 0.92421875 0.06875 0.021875
0 0.384375 0.89140625 0.05625 0.0328125
0 0.0328125 0.94375 0.065625 0.0265625
0 0.634375 0.67734375 0.0375 0.0265625
0 0.05078125 0.4078125 0.075 0.028125
0 0.0703125 0.0109375 0.0671875 0.021875
0 0.55390625 0.18125 0.0703125 0.028125