2 0.884375 0.09296875 0.1203125 0.015625
2 0.87421875 0.1625 0.0640625 0.025
2 0.73828125 0.16015625 0.059375 0.0359375
2 0.9125 0.19296875 0.06328125 0.03046875
2 0.6421875 0.18671875 0.08828125 0.02265625
2 0.55546875 0.09453125 0.096875 0.0265625
2 0.29765625 0.04140625 0.10546875 0.02734375
2 0.14765625 0.0375 0.08046875 0.040625
2 0.084375 0.05390625 0.0703125 0.03203125
2 0.23203125 0.17890625 0.08125 0.046875
2 0.1609375 0.16953125 0.0609375 0.03046875
2 0.28046875 0.3609375 0.10078125 0.0296875
2 0.50703125 0.375 0.08984375 0.03359375
2 0.03984375 0.47109375 0.05 0.03359375
2 0.084375 0.4703125 0.0515625 0.0421875
2 0.11171875 0.44765625 0.0671875 0.040625
2 0.5640625 0.5671875 0.0484375 0.034375
2 0.61796875 0.58515625 0.1046875 0.0390625
2 0.49140625 0.634375 0.06171875 0.0421875
2 0.80234375 0.678125 0.0671875 0.03125
2 0.71640625 0.7609375 0.06328125 0.0328125
2 0.759375 0.83125 0.06328125 0.0359375
2 0.79921875 0.83125 0.046875 0.03984375
2 0.86796875 0.8640625 0.05 0.034375
2 0.884375 0.815625 0.06328125 0.03515625
2 0.59140625 0.76640625 0.0765625 0.02578125
2 0.60078125 0.8296875 0.0671875 0.0421875
2 0.41796875 0.72421875 0.0921875 0.0515625
2 0.259375 0.7 0.090625 0.05
2 0.15390625 0.78828125 0.06875 0.03984375
2 0.26875 0.76171875 0.0640625 0.05234375
2 0.22265625 0.91015625 0.08359375 0.04375
2 0.90625 0.3953125 0.075 0.03984375