0 0.9328125 0.9 0.028125 0.053125
0 0.83359375 0.7703125 0.025 0.0703125
0 0.85625 0.58203125 0.025 0.075
0 0.88671875 0.5984375 0.03125 0.06875
0 0.9 0.4359375 0.025 0.0546875
0 0.93515625 0.4625 0.025 0.075
0 0.884375 0.53203125 0.01875 0.046875
0 0.8234375 0.48203125 0.01875 0.053125
0 0.7734375 0.53359375 0.0203125 0.046875
0 0.77421875 0.4171875 0.028125 0.05
0 0.83828125 0.284375 0.0375 0.053125
0 0.89140625 0.28046875 0.021875 0.05
0 0.88046875 0.3296875 0.034375 0.046875
0 0.88125 0.0953125 0.03125 0.065625
0 0.975 0.15 0.015625 0.046875
0 0.80390625 0.20625 0.0375 0.08125
0 0.75625 0.0359375 0.028125 0.06875
0 0.715625 0.4171875 0.028125 0.0625
0 0.70703125 0.503125 0.028125 0.06875
0 0.64921875 0.62421875 0.034375 0.0484375
0 0.61640625 0.21171875 0.025 0.05625
0 0.55546875 0.2171875 0.0296875 0.05625
0 0.47578125 0.140625 0.0375 0.0484375
0 0.478125 0.42265625 0.0296875 0.04375
0 0.534375 0.52578125 0.0328125 0.0484375
0 0.4109375 0.8828125 0.03125 0.0796875
0 0.371875 0.62109375 0.025 0.08125
0 0.43984375 0.40546875 0.0359375 0.103125
0 0.3296875 0.0890625 0.0375 0.065625
0 0.3 0.21796875 0.028125 0.075
0 0.2546875 0.2875 0.0296875 0.059375
0 0.2296875 0.59765625 0.034375 0.0546875
0 0.17109375 0.525 0.021875 0.078125
0 0.13046875 0.39921875 0.0234375 0.05
0 0.1546875 0.11640625 0.015625 0.05
0 0.29296875 0.571875 0.0375 0.08125