0 0.73046875 0.8203125 0.0671875 0.015625
0 0.7484375 0.78203125 0.08125 0.028125
0 0.82734375 0.85078125 0.0625 0.028125
0 0.72578125 0.865625 0.0578125 0.025
0 0.696875 0.86484375 0.06875 0.0203125
0 0.63125 0.86171875 0.0625 0.021875
0 0.59921875 0.8421875 0.065625 0.01875
0 0.51484375 0.81640625 0.0984375 0.0125
0 0.603125 0.81328125 0.059375 0.0234375
0 0.628125 0.79765625 0.059375 0.025
0 0.703125 0.91328125 0.059375 0.0125
0 0.740625 0.92578125 0.0640625 0.0171875
0 0.67734375 0.96796875 0.084375 0.028125
0 0.26796875 0.91796875 0.103125 0.021875
0 0.42421875 0.95859375 0.0609375 0.03125
0 0.41953125 0.86484375 0.046875 0.0234375
0 0.0625 0.896875 0.08125 0.021875
0 0.2953125 0.7796875 0.065625 0.0171875
0 0.28984375 0.76484375 0.059375 0.021875
0 0.4125 0.778125 0.046875 0.025
0 0.73125 0.71875 0.08125 0.021875
0 0.66640625 0.71015625 0.0578125 0.0234375
0 0.571875 0.70078125 0.059375 0.025
0 0.38671875 0.6390625 0.05 0.021875
0 0.39921875 0.66015625 0.0609375 0.0125
0 0.359375 0.70546875 0.05625 0.028125
0 0.059375 0.64609375 0.084375 0.025
0 0.13515625 0.546875 0.0625 0.021875
0 0.40390625 0.57265625 0.0859375 0.01875
0 0.3953125 0.590625 0.053125 0.0203125
0 0.58359375 0.6171875 0.06875 0.034375
0 0.78671875 0.59375 0.078125 0.0203125
0 0.7078125 0.62421875 0.05 0.040625
0 0.71171875 0.68125 0.046875 0.0125
0 0.93125 0.6546875 0.0828125 0.025
0 0.52265625 0.50859375 0.065625 0.0125
0 0.46015625 0.4734375 0.075 0.0359375
0 0.7390625 0.48125 0.06875 0.034375
0 0.9203125 0.48671875 0.0625 0.028125
0 0.91640625 0.465625 0.05625 0.015625
0 0.36171875 0.3359375 0.078125 0.03125
0 0.634375 0.35234375 0.0578125 0.053125
0 0.8875 0.27265625 0.09375 0.0203125
0 0.625 0.2921875 0.059375 0.0375
0 0.7890625 0.2609375 0.0875 0.0171875
0 0.725 0.2140625 0.0625 0.0296875
0 0.25078125 0.240625 0.06875 0.0359375
0 0.290625 0.2015625 0.05 0.0328125
0 0.896875 0.096875 0.0625 0.028125
0 0.809375 0.16328125 0.0359375 0.015625
0 0.77109375 0.16875 0.046875 0.021875
0 0.87265625 0.2 0.059375 0.0234375
0 0.44296875 0.15546875 0.040625 0.025
0 0.86171875 0.04765625 0.053125 0.025