0 0.3984375 0.0921875 0.08125 0.0171875
0 0.06796875 0.04609375 0.0359375 0.025
0 0.103125 0.08515625 0.046875 0.0203125
0 0.0234375 0.03828125 0.046875 0.021875
0 0.23203125 0.08515625 0.040625 0.025
0 0.28125 0.01171875 0.040625 0.0234375
0 0.74296875 0.13046875 0.0625 0.03125
0 0.45234375 0.14140625 0.06875 0.0203125
0 0.7125 0.15859375 0.05625 0.021875
0 0.69453125 0.2203125 0.053125 0.028125
0 0.83515625 0.21484375 0.0734375 0.03125
0 0.84609375 0.1203125 0.0515625 0.034375
0 0.946875 0.01640625 0.05 0.03125
0 0.71328125 0.0890625 0.046875 0.034375
0 0.115625 0.36328125 0.075 0.0375
0 0.3609375 0.2859375 0.053125 0.0265625
0 0.671875 0.35390625 0.0625 0.025
0 0.46171875 0.47265625 0.05625 0.025
0 0.42421875 0.578125 0.05625 0.0296875
0 0.3703125 0.596875 0.046875 0.0203125
0 0.39453125 0.5234375 0.0546875 0.025
0 0.13828125 0.45078125 0.04375 0.0265625
0 0.23125 0.390625 0.04375 0.021875
0 0.88125 0.79140625 0.0421875 0.028125
0 0.84375 0.84296875 0.05625 0.028125
0 0.56484375 0.8140625 0.046875 0.0234375
0 0.52890625 0.81015625 0.053125 0.01875
0 0.2140625 0.89296875 0.05 0.025
0 0.11171875 0.728125 0.0625 0.0328125
0 0.1390625 0.69453125 0.0703125 0.034375
0 0.34140625 0.765625 0.065625 0.03125
0 0.534375 0.921875 0.08125 0.0234375
0 0.3515625 0.86484375 0.0765625 0.0296875
0 0.54375 0.74375 0.0609375 0.028125
0 0.7875 0.815625 0.053125 0.03125
0 0.7359375 0.68203125 0.040625 0.025
0 0.58984375 0.70859375 0.046875 0.0234375
0 0.34140625 0.68125 0.0484375 0.021875
0 0.41328125 0.85390625 0.0484375 0.021875
0 0.63828125 0.88203125 0.06875 0.034375
0 0.81484375 0.6296875 0.065625 0.028125
0 0.7546875 0.62578125 0.0453125 0.0296875
0 0.22265625 0.14609375 0.0734375 0.0234375
0 0.2078125 0.44921875 0.075 0.025
0 0.19921875 0.53828125 0.078125 0.0375
0 0.1265625 0.50546875 0.0578125 0.021875
0 0.334375 0.828125 0.0609375 0.021875
0 0.0359375 0.26640625 0.071875 0.028125
0 0.63125 0.13671875 0.05 0.01875