0 0.76875 0.02109375 0.10546875 0.02578125
0 0.1703125 0.04765625 0.0625 0.02890625
0 0.24296875 0.03203125 0.09921875 0.01953125
0 0.175 0.065625 0.07421875 0.028125
0 0.3640625 0.115625 0.0671875 0.0234375
0 0.62421875 0.121875 0.07109375 0.03515625
0 0.61640625 0.1875 0.0796875 0.02578125
0 0.37734375 0.17421875 0.0671875 0.03046875
0 0.55 0.14296875 0.0546875 0.034375
0 0.40234375 0.22421875 0.05390625 0.03671875
0 0.2359375 0.2140625 0.08203125 0.0328125
0 0.92734375 0.3109375 0.08046875 0.0375
0 0.51171875 0.38828125 0.06171875 0.02734375
0 0.64921875 0.2671875 0.0703125 0.0328125
0 0.025 0.26484375 0.04921875 0.03671875
0 0.3734375 0.35234375 0.1 0.0328125
0 0.88984375 0.41875 0.08046875 0.02890625
0 0.94921875 0.43828125 0.05390625 0.03828125
0 0.646875 0.4921875 0.07421875 0.03203125
0 0.42109375 0.59453125 0.10234375 0.03671875
0 0.03515625 0.690625 0.0703125 0.0453125
0 0.76015625 0.69296875 0.05859375 0.02890625
0 0.73125 0.6484375 0.08671875 0.03359375
0 0.71484375 0.7046875 0.04765625 0.0296875
0 0.55546875 0.76796875 0.04765625 0.03515625
0 0.56640625 0.69765625 0.0515625 0.040625
0 0.153125 0.82890625 0.06875 0.0234375
0 0.203125 0.79453125 0.05 0.02421875
0 0.38203125 0.8265625 0.06484375 0.040625
0 0.23203125 0.8265625 0.07734375 0.02734375
0 0.234375 0.72109375 0.071875 0.03515625
0 0.45625 0.85859375 0.08125 0.0171875
0 0.27109375 0.7703125 0.07578125 0.0390625
0 0.74453125 0.8265625 0.090625 0.0453125
0 0.62109375 0.8859375 0.0625 0.0375
0 0.8078125 0.884375 0.06171875 0.03828125
0 0.7875 0.8015625 0.0546875 0.03671875
0 0.0453125 0.81171875 0.08671875 0.0328125
0 0.890625 0.51328125 0.04453125 0.021875
0 0.88359375 0.578125 0.06015625 0.02890625
0 0.13671875 0.9046875 0.06171875 0.0234375
0 0.22109375 0.95859375 0.06796875 0.02109375
0 0.3515625 0.89609375 0.05703125 0.0296875
0 0.34375 0.59609375 0.1 0.05078125
0 0.60625 0.8234375 0.04921875 0.02109375
0 0.88984375 0.9203125 0.05859375 0.0296875
0 0.559375 0.96328125 0.0546875 0.03125
0 0.87265625 0.77109375 0.0609375 0.01875