0 0.9140625 0.95625 0.01875 0.053125
0 0.9015625 0.7109375 0.015625 0.0765625
0 0.87890625 0.80390625 0.015625 0.071875
0 0.86171875 0.84609375 0.021875 0.065625
0 0.83515625 0.76796875 0.01875 0.05
0 0.775 0.88203125 0.025 0.040625
0 0.88828125 0.5015625 0.021875 0.0625
0 0.85546875 0.45 0.0203125 0.0625
0 0.8734375 0.43671875 0.0171875 0.053125
0 0.784375 0.3171875 0.0203125 0.0546875
0 0.8203125 0.32109375 0.021875 0.05
0 0.8546875 0.24140625 0.01875 0.071875
0 0.8125 0.18515625 0.021875 0.0484375
0 0.86796875 0.1671875 0.01875 0.05625
0 0.8421875 0.12578125 0.025 0.040625
0 0.93828125 0.22734375 0.025 0.0625
0 0.98515625 0.47890625 0.021875 0.071875
0 0.7328125 0.3203125 0.01875 0.046875
0 0.73046875 0.08515625 0.0171875 0.046875
0 0.55703125 0.66640625 0.01875 0.0625
0 0.5359375 0.9625 0.025 0.05
0 0.5296875 0.9390625 0.01875 0.04375
0 0.44296875 0.63125 0.021875 0.05625
0 0.33359375 0.3546875 0.0265625 0.046875
0 0.33046875 0.96796875 0.028125 0.053125
0 0.23984375 0.8890625 0.0390625 0.04375
0 0.203125 0.76796875 0.0171875 0.06875
0 0.2109375 0.740625 0.0203125 0.0875
0 0.21015625 0.909375 0.01875 0.059375
0 0.1171875 0.534375 0.0265625 0.046875
0 0.1515625 0.33125 0.025 0.05625
0 0.1296875 0.86171875 0.01875 0.053125
0 0.11484375 0.7953125 0.01875 0.05625
0 0.046875 0.7828125 0.025 0.053125
0 0.0390625 0.96640625 0.0296875 0.0671875
0 0.115625 0.42421875 0.025 0.065625
0 0.275 0.0890625 0.028125 0.034375
0 0.37421875 0.31875 0.025 0.053125