0 0.1765625 0.09765625 0.08125 0.021875
0 0.2796875 0.11484375 0.065625 0.0234375
0 0.47578125 0.08046875 0.0578125 0.0203125
0 0.6796875 0.0234375 0.0890625 0.015625
0 0.9390625 0.0203125 0.0703125 0.03125
0 0.82578125 0.1140625 0.0703125 0.015625
0 0.63359375 0.13984375 0.06875 0.0171875
0 0.64921875 0.115625 0.059375 0.01875
0 0.53515625 0.1 0.0734375 0.01875
0 0.27421875 0.17890625 0.075 0.0203125
0 0.32734375 0.1671875 0.0671875 0.015625
0 0.740625 0.2265625 0.08125 0.01875
0 0.78828125 0.15390625 0.0703125 0.021875
0 0.95859375 0.1875 0.0515625 0.025
0 0.95078125 0.14140625 0.059375 0.025
0 0.10234375 0.19296875 0.040625 0.03125
0 0.1078125 0.1578125 0.059375 0.021875
0 0.0859375 0.13671875 0.0546875 0.015625
0 0.74140625 0.32890625 0.040625 0.025
0 0.22421875 0.425 0.065625 0.021875
0 0.02890625 0.453125 0.0359375 0.0375
0 0.0671875 0.471875 0.05625 0.0265625
0 0.503125 0.4921875 0.0734375 0.021875
0 0.4625 0.5671875 0.05625 0.021875
0 0.19765625 0.5671875 0.05625 0.0203125
0 0.14453125 0.6515625 0.059375 0.03125
0 0.08984375 0.72734375 0.0375 0.01875
0 0.1359375 0.74609375 0.059375 0.0265625
0 0.653125 0.675 0.046875 0.0375
0 0.75078125 0.478125 0.1 0.01875
0 0.1328125 0.78984375 0.075 0.0171875
0 0.3546875 0.79921875 0.0640625 0.0171875
0 0.409375 0.81484375 0.06875 0.0171875
0 0.79296875 0.7515625 0.075 0.0171875
0 0.871875 0.69453125 0.071875 0.025
0 0.4515625 0.8875 0.05 0.0265625
0 0.38828125 0.88125 0.065625 0.021875
0 0.07890625 0.86171875 0.0625 0.01875
0 0.0828125 0.8421875 0.065625 0.025
0 0.2671875 0.9328125 0.05625 0.028125
0 0.29765625 0.91875 0.06875 0.021875
0 0.42578125 0.7875 0.0625 0.021875
0 0.61875 0.8671875 0.040625 0.028125