0 0.028125 0.0375 0.05078125 0.025
0 0.24453125 0.01875 0.0453125 0.02109375
0 0.46875 0.07890625 0.03828125 0.0234375
0 0.1640625 0.13125 0.03515625 0.0265625
0 0.58125 0.1234375 0.06796875 0.021875
0 0.72890625 0.03828125 0.04140625 0.0265625
0 0.86328125 0.12578125 0.065625 0.0203125
0 0.8421875 0.10390625 0.03203125 0.02890625
0 0.70625 0.1453125 0.0609375 0.01796875
0 0.91875 0.16953125 0.03984375 0.02109375
0 0.95 0.24140625 0.03359375 0.01875
0 0.7296875 0.23203125 0.04453125 0.01796875
0 0.51015625 0.23125 0.03671875 0.025
0 0.68359375 0.1515625 0.03828125 0.015625
0 0.4671875 0.171875 0.03359375 0.01796875
0 0.3125 0.33203125 0.04375 0.0203125
0 0.2171875 0.34609375 0.0296875 0.0171875
0 0.33125 0.35859375 0.0375 0.02578125
0 0.0421875 0.41640625 0.05859375 0.0203125
0 0.7859375 0.38359375 0.0296875 0.0265625
0 0.90625 0.37734375 0.05078125 0.01640625
0 0.7765625 0.50078125 0.0515625 0.0140625
0 0.9515625 0.61796875 0.04609375 0.01171875
0 0.87734375 0.64296875 0.03046875 0.02109375
0 0.8359375 0.6421875 0.0375 0.015625
0 0.5265625 0.61015625 0.040625 0.0171875
0 0.55390625 0.61015625 0.05625 0.0203125
0 0.33359375 0.54375 0.05703125 0.0171875
0 0.1 0.5703125 0.0515625 0.01953125
0 0.2140625 0.5484375 0.04921875 0.0125
0 0.26015625 0.5046875 0.04296875 0.0140625
0 0.02265625 0.53984375 0.0453125 0.01796875
0 0.15 0.44296875 0.0515625 0.0203125
0 0.121875 0.72421875 0.05234375 0.01796875
0 0.06328125 0.70078125 0.04609375 0.01015625
0 0.3203125 0.68515625 0.0390625 0.03125
0 0.04140625 0.7765625 0.0328125 0.02734375
0 0.09140625 0.81796875 0.021875 0.02578125
0 0.30078125 0.765625 0.05546875 0.01484375
0 0.265625 0.7796875 0.05859375 0.01796875
0 0.21015625 0.79453125 0.04453125 0.0171875
0 0.3359375 0.825 0.05234375 0.01953125
0 0.05 0.90078125 0.0296875 0.01953125
0 0.434375 0.85546875 0.06328125 0.0203125
0 0.59609375 0.83359375 0.059375 0.01484375
0 0.61328125 0.9125 0.05625 0.01875
0 0.58515625 0.875 0.0640625 0.015625
0 0.62578125 0.88671875 0.03984375 0.015625
0 0.5609375 0.825 0.04140625 0.015625
0 0.47421875 0.74609375 0.03671875 0.02421875
0 0.83828125 0.709375 0.02734375 0.0296875
0 0.91953125 0.69140625 0.03125 0.02890625
0 0.37578125 0.96015625 0.075 0.02578125