0 0.109375 0.82421875 0.028125 0.040625
0 0.06796875 0.95078125 0.01875 0.0390625
0 0.08671875 0.9484375 0.0171875 0.04375
0 0.13125 0.66796875 0.025 0.0421875
0 0.15 0.60625 0.0375 0.046875
0 0.1578125 0.69140625 0.0203125 0.0453125
0 0.18359375 0.734375 0.01875 0.0875
0 0.2421875 0.76875 0.021875 0.071875
0 0.28984375 0.28671875 0.015625 0.071875
0 0.28984375 0.70234375 0.015625 0.05625
0 0.1484375 0.4515625 0.021875 0.05
0 0.0984375 0.17421875 0.021875 0.065625
0 0.215625 0.56015625 0.015625 0.078125
0 0.32734375 0.88359375 0.025 0.0484375
0 0.33203125 0.7625 0.021875 0.05625
0 0.31171875 0.97578125 0.0359375 0.0484375
0 0.40859375 0.78828125 0.01875 0.053125
0 0.35078125 0.08359375 0.0359375 0.0390625
0 0.46484375 0.72890625 0.0296875 0.040625
0 0.6609375 0.7828125 0.040625 0.05625
0 0.66640625 0.88984375 0.028125 0.0703125
0 0.6890625 0.56171875 0.021875 0.046875
0 0.75625 0.9484375 0.0140625 0.103125
0 0.73828125 0.1234375 0.034375 0.071875
0 0.67734375 0.08203125 0.034375 0.0390625
0 0.6421875 0.071875 0.0296875 0.0421875
0 0.834375 0.153125 0.025 0.059375
0 0.8375 0.07265625 0.03125 0.040625
0 0.8328125 0.275 0.0375 0.0875
0 0.82421875 0.3578125 0.025 0.053125
0 0.84296875 0.47421875 0.025 0.05625
0 0.9703125 0.27734375 0.03125 0.065625
0 0.92421875 0.78046875 0.0375 0.1109375
0 0.90234375 0.8359375 0.0171875 0.04375
0 0.85 0.95859375 0.021875 0.05
0 0.9375 0.91484375 0.0328125 0.065625
0 0.93359375 0.30390625 0.021875 0.078125
0 0.959375 0.128125 0.03125 0.0609375
0 0.984375 0.5203125 0.03125 0.096875
0 0.603125 0.23046875 0.040625 0.065625
0 0.49609375 0.2109375 0.046875 0.053125
0 0.34453125 0.48671875 0.040625 0.046875
0 0.15234375 0.34375 0.028125 0.103125
0 0.83828125 0.80859375 0.03125 0.084375