0 0.946875 0.15234375 0.028125 0.065625
0 0.978125 0.06875 0.015625 0.0953125
0 0.88046875 0.43671875 0.01875 0.053125
0 0.84609375 0.025 0.028125 0.0328125
0 0.734375 0.06953125 0.021875 0.053125
0 0.8375 0.415625 0.0171875 0.0546875
0 0.8578125 0.52578125 0.015625 0.05625
0 0.8375 0.7984375 0.01875 0.046875
0 0.82734375 0.92890625 0.01875 0.06875
0 0.84453125 0.87578125 0.015625 0.059375
0 0.84765625 0.6671875 0.0140625 0.05
0 0.7921875 0.88984375 0.021875 0.05
0 0.696875 0.86640625 0.025 0.0515625
0 0.69921875 0.94765625 0.021875 0.046875
0 0.49609375 0.51328125 0.0265625 0.040625
0 0.575 0.38515625 0.01875 0.0515625
0 0.50234375 0.25234375 0.01875 0.06875
0 0.5015625 0.02265625 0.025 0.0453125
0 0.5078125 0.06328125 0.021875 0.05625
0 0.41484375 0.40234375 0.025 0.0453125
0 0.44453125 0.0375 0.028125 0.04375
0 0.39140625 0.3203125 0.015625 0.053125
0 0.4359375 0.76796875 0.021875 0.059375
0 0.38359375 0.890625 0.021875 0.0328125
0 0.4796875 0.7859375 0.015625 0.053125
0 0.63984375 0.93984375 0.025 0.028125
0 0.79921875 0.05546875 0.0203125 0.0453125
0 0.3046875 0.05 0.0296875 0.053125
0 0.25625 0.18046875 0.021875 0.05625
0 0.23125 0.471875 0.03125 0.040625
0 0.22734375 0.353125 0.01875 0.05625
0 0.228125 0.63046875 0.0203125 0.0578125
0 0.1796875 0.24140625 0.0265625 0.040625
0 0.1328125 0.38828125 0.0296875 0.0625
0 0.1671875 0.3984375 0.0234375 0.0671875
0 0.1234375 0.56953125 0.034375 0.0328125
0 0.190625 0.75546875 0.025 0.071875
0 0.28046875 0.77734375 0.025 0.0734375
0 0.30078125 0.7890625 0.01875 0.05625
0 0.17890625 0.11484375 0.01875 0.04375
0 0.0875 0.33515625 0.021875 0.0546875
0 0.04140625 0.2640625 0.0203125 0.059375
0 0.09453125 0.2109375 0.015625 0.065625
0 0.21875 0.93984375 0.025 0.028125