2 0.9328125 0.1921875 0.03125 0.046875
2 0.9578125 0.18359375 0.021875 0.065625
2 0.88828125 0.92734375 0.025 0.059375
2 0.90546875 0.82734375 0.03125 0.0734375
2 0.9109375 0.9359375 0.0375 0.05
2 0.87109375 0.4296875 0.0296875 0.075
2 0.70859375 0.3875 0.021875 0.059375
2 0.7140625 0.62109375 0.0171875 0.05625
2 0.8109375 0.95234375 0.015625 0.078125
2 0.84765625 0.01484375 0.05 0.0296875
2 0.5609375 0.1875 0.021875 0.053125
2 0.6015625 0.80390625 0.0203125 0.0765625
2 0.8921875 0.10078125 0.0421875 0.05
2 0.65234375 0.05078125 0.0390625 0.040625
2 0.40859375 0.28515625 0.0359375 0.0484375
2 0.678125 0.0984375 0.0296875 0.0421875
2 0.39453125 0.5046875 0.0234375 0.03125
2 0.42265625 0.4171875 0.021875 0.053125
2 0.3984375 0.12421875 0.0359375 0.0328125
2 0.46875 0.04296875 0.0328125 0.0484375
2 0.23203125 0.51640625 0.0203125 0.05
2 0.2109375 0.32421875 0.01875 0.04375
2 0.13203125 0.28984375 0.01875 0.071875
2 0.15078125 0.91796875 0.0171875 0.084375
2 0.134375 0.790625 0.015625 0.09375
2 0.1578125 0.6890625 0.015625 0.065625
2 0.603125 0.46640625 0.028125 0.040625
2 0.8140625 0.59296875 0.028125 0.065625
2 0.82578125 0.6046875 0.028125 0.05625
2 0.19375 0.02890625 0.028125 0.0578125
2 0.1515625 0.8609375 0.025 0.06875