0 0.88515625 0.69296875 0.0140625 0.0671875
0 0.859375 0.9296875 0.015625 0.0484375
0 0.8578125 0.6234375 0.0140625 0.06875
0 0.8703125 0.5171875 0.01875 0.059375
0 0.87734375 0.24375 0.015625 0.0625
0 0.8765625 0.14296875 0.025 0.04375
0 0.95390625 0.0203125 0.01875 0.040625
0 0.85859375 0.2796875 0.015625 0.0609375
0 0.825 0.53984375 0.0265625 0.0484375
0 0.79296875 0.35859375 0.01875 0.059375
0 0.81484375 0.3390625 0.01875 0.06875
0 0.85 0.40625 0.028125 0.0515625
0 0.75234375 0.83828125 0.025 0.059375
0 0.721875 0.06875 0.028125 0.05
0 0.8 0.0328125 0.025 0.05
0 0.69765625 0.33359375 0.015625 0.0515625
0 0.65703125 0.2984375 0.0125 0.0484375
0 0.6875 0.084375 0.015625 0.0375
0 0.70078125 0.01171875 0.015625 0.0234375
0 0.62734375 0.81640625 0.03125 0.04375
0 0.59921875 0.5875 0.015625 0.0671875
0 0.52890625 0.709375 0.021875 0.0421875
0 0.49453125 0.74140625 0.01875 0.0671875
0 0.4890625 0.49609375 0.025 0.034375
0 0.47734375 0.21953125 0.021875 0.0609375
0 0.4953125 0.94296875 0.0234375 0.059375
0 0.45078125 0.640625 0.0171875 0.059375
0 0.40390625 0.4125 0.01875 0.053125
0 0.29375 0.5484375 0.03125 0.053125
0 0.25390625 0.534375 0.021875 0.0609375
0 0.25234375 0.83046875 0.021875 0.053125
0 0.1984375 0.77109375 0.0203125 0.05625
0 0.12421875 0.6875 0.021875 0.0640625
0 0.09921875 0.765625 0.01875 0.053125
0 0.03828125 0.6359375 0.021875 0.0703125
0 0.034375 0.22578125 0.028125 0.04375
0 0.19921875 0.1546875 0.025 0.05625
0 0.203125 0.0859375 0.03125 0.04375
0 0.1703125 0.55390625 0.01875 0.0453125
0 0.18984375 0.6 0.025 0.053125
0 0.88046875 0.9625 0.025 0.0625