0 0.9265625 0.48828125 0.0296875 0.078125
0 0.90859375 0.190625 0.01875 0.0640625
0 0.92890625 0.19296875 0.025 0.059375
0 0.89609375 0.09921875 0.021875 0.04375
0 0.87578125 0.33671875 0.025 0.0578125
0 0.98125 0.0296875 0.015625 0.059375
0 0.98515625 0.65390625 0.021875 0.0578125
0 0.8984375 0.77109375 0.0234375 0.0640625
0 0.86640625 0.81953125 0.025 0.0546875
0 0.82734375 0.5171875 0.021875 0.059375
0 0.7703125 0.69765625 0.025 0.046875
0 0.8234375 0.12734375 0.021875 0.059375
0 0.76953125 0.0921875 0.021875 0.04375
0 0.8 0.053125 0.021875 0.05625
0 0.7171875 0.75625 0.025 0.065625
0 0.7140625 0.83203125 0.03125 0.03125
0 0.603125 0.2328125 0.021875 0.059375
0 0.64140625 0.1015625 0.021875 0.05625
0 0.4796875 0.803125 0.025 0.05625
0 0.51328125 0.39765625 0.0234375 0.075
0 0.54375 0.3640625 0.0140625 0.065625
0 0.44140625 0.596875 0.0234375 0.0515625
0 0.4171875 0.2078125 0.021875 0.078125
0 0.49375 0.17578125 0.0359375 0.040625
0 0.2953125 0.86171875 0.0265625 0.0625
0 0.39921875 0.46015625 0.0265625 0.065625
0 0.23515625 0.725 0.0171875 0.06875
0 0.21875 0.87734375 0.0171875 0.046875
0 0.2984375 0.5546875 0.01875 0.065625
0 0.23359375 0.31796875 0.025 0.0625
0 0.17578125 0.971875 0.0171875 0.05625
0 0.165625 0.8765625 0.015625 0.0578125
0 0.13203125 0.8390625 0.015625 0.0609375
0 0.11953125 0.74453125 0.021875 0.0453125
0 0.1140625 0.6796875 0.01875 0.06875
0 0.12265625 0.7140625 0.01875 0.046875
0 0.11875 0.40234375 0.015625 0.0625
0 0.14375 0.44296875 0.0203125 0.065625
0 0.05078125 0.78125 0.021875 0.0765625
0 0.02890625 0.70625 0.01875 0.0625
0 0.18515625 0.52890625 0.015625 0.0578125