0 0.2328125 0.0171875 0.0515625 0.01875
0 0.29453125 0.053125 0.05625 0.02109375
0 0.075 0.0875 0.0671875 0.0203125
0 0.46875 0.1015625 0.06875 0.01796875
0 0.57421875 0.03828125 0.0828125 0.01875
0 0.84921875 0.09453125 0.0578125 0.01953125
0 0.78125 0.10625 0.0515625 0.02109375
0 0.09609375 0.1484375 0.03515625 0.02890625
0 0.12109375 0.1421875 0.04921875 0.021875
0 0.25234375 0.140625 0.05234375 0.021875
0 0.46953125 0.146875 0.04765625 0.02421875
0 0.871875 0.175 0.03515625 0.01875
0 0.70234375 0.1625 0.03828125 0.01796875
0 0.228125 0.0984375 0.046875 0.02109375
0 0.44921875 0.190625 0.05859375 0.0234375
0 0.475 0.18515625 0.0453125 0.01953125
0 0.15390625 0.2921875 0.05 0.015625
0 0.53828125 0.2953125 0.0625 0.02578125
0 0.5484375 0.26875 0.0359375 0.034375
0 0.81484375 0.31328125 0.046875 0.02421875
0 0.86328125 0.34609375 0.04609375 0.02265625
0 0.89453125 0.33515625 0.046875 0.01796875
0 0.825 0.4171875 0.03515625 0.01640625
0 0.82265625 0.3984375 0.05390625 0.015625
0 0.28671875 0.50703125 0.04140625 0.01875
0 0.2484375 0.496875 0.05625 0.0265625
0 0.33515625 0.4828125 0.03984375 0.02421875
0 0.44765625 0.51640625 0.0484375 0.01953125
0 0.75859375 0.4625 0.04375 0.02265625
0 0.88984375 0.478125 0.0390625 0.02578125
0 0.76328125 0.56484375 0.05078125 0.0203125
0 0.33671875 0.5640625 0.04296875 0.01484375
0 0.23515625 0.55078125 0.034375 0.0265625
0 0.33984375 0.63828125 0.05859375 0.0203125
0 0.28125 0.6109375 0.05 0.0171875
0 0.1453125 0.66953125 0.0484375 0.02265625
0 0.7390625 0.7125 0.04296875 0.03125
0 0.82734375 0.64296875 0.04609375 0.025
0 0.446875 0.7546875 0.06015625 0.0265625
0 0.6328125 0.7640625 0.05234375 0.0203125
0 0.809375 0.809375 0.0359375 0.01796875
0 0.70390625 0.8296875 0.04765625 0.02109375
0 0.61171875 0.81015625 0.05 0.02109375
0 0.53515625 0.91015625 0.05078125 0.02421875
0 0.1171875 0.82578125 0.07109375 0.01953125
0 0.10703125 0.8125 0.046875 0.01953125
0 0.1359375 0.85703125 0.0453125 0.025
0 0.12421875 0.84609375 0.03828125 0.01875
0 0.21328125 0.8921875 0.05546875 0.021875
0 0.65859375 0.86875 0.03671875 0.01875
0 0.6046875 0.8703125 0.053125 0.0328125
0 0.9296875 0.94765625 0.06796875 0.03046875
0 0.05 0.3640625 0.0546875 0.02578125
0 0.13828125 0.91640625 0.059375 0.0171875