0 0.01875 0.575 0.0296875 0.084375
0 0.053125 0.48671875 0.03125 0.096875
0 0.06015625 0.19140625 0.025 0.096875
0 0.0875 0.4390625 0.025 0.08125
0 0.125 0.4828125 0.025 0.0671875
0 0.13046875 0.58671875 0.028125 0.0375
0 0.146875 0.38984375 0.025 0.08125
0 0.2015625 0.40625 0.0296875 0.071875
0 0.278125 0.3328125 0.0421875 0.0828125
0 0.253125 0.83203125 0.0265625 0.05
0 0.34375 0.390625 0.04375 0.065625
0 0.37265625 0.2875 0.0390625 0.059375
0 0.34921875 0.06015625 0.0375 0.0875
0 0.359375 0.02109375 0.03125 0.0421875
0 0.43359375 0.2984375 0.034375 0.0546875
0 0.57109375 0.85234375 0.03125 0.0828125
0 0.5953125 0.47578125 0.04375 0.04375
0 0.56875 0.1265625 0.03125 0.078125
0 0.65078125 0.296875 0.025 0.071875
0 0.6796875 0.23515625 0.0234375 0.09375
0 0.7046875 0.2578125 0.01875 0.084375
0 0.70390625 0.52421875 0.021875 0.103125
0 0.70859375 0.6125 0.034375 0.053125
0 0.7703125 0.5796875 0.034375 0.071875
0 0.6984375 0.73046875 0.028125 0.059375
0 0.8078125 0.64375 0.034375 0.0875
0 0.8953125 0.69453125 0.03125 0.075
0 0.9796875 0.44140625 0.0390625 0.103125
0 0.96171875 0.49453125 0.028125 0.10625
0 0.87890625 0.0390625 0.015625 0.059375
0 0.83203125 0.1234375 0.025 0.0734375
0 0.8046875 0.2375 0.0359375 0.05625
0 0.84375 0.46484375 0.028125 0.06875
0 0.728125 0.03203125 0.03125 0.0640625
0 0.7859375 0.17421875 0.025 0.0453125