0 0.8125 0.121875 0.04375 0.084375
0 0.8421875 0.29140625 0.034375 0.0609375
0 0.821875 0.38046875 0.03125 0.0421875
0 0.8234375 0.59609375 0.0390625 0.096875
0 0.81171875 0.746875 0.034375 0.06875
0 0.7609375 0.75 0.034375 0.0421875
0 0.74765625 0.64921875 0.040625 0.06875
0 0.7265625 0.6046875 0.03125 0.0765625
0 0.615625 0.48515625 0.028125 0.046875
0 0.58359375 0.58671875 0.028125 0.065625
0 0.5984375 0.759375 0.0375 0.071875
0 0.5359375 0.71875 0.0375 0.071875
0 0.48046875 0.490625 0.03125 0.0640625
0 0.515625 0.41015625 0.0296875 0.078125
0 0.42109375 0.3984375 0.01875 0.0375
0 0.453125 0.4078125 0.028125 0.046875
0 0.4125 0.2 0.0265625 0.06875
0 0.43671875 0.13828125 0.025 0.046875
0 0.38671875 0.23984375 0.0140625 0.046875
0 0.37109375 0.4640625 0.01875 0.040625
0 0.3515625 0.36484375 0.021875 0.0375
0 0.3578125 0.70859375 0.025 0.0796875
0 0.303125 0.70859375 0.0234375 0.0578125
0 0.2921875 0.15625 0.025 0.140625
0 0.2703125 0.42109375 0.0125 0.103125
0 0.2015625 0.50390625 0.0265625 0.10625
0 0.1890625 0.66484375 0.01875 0.059375
0 0.23671875 0.68125 0.01875 0.0625
0 0.16640625 0.675 0.015625 0.053125
0 0.159375 0.75625 0.0265625 0.0671875
0 0.1265625 0.78359375 0.025 0.0390625
0 0.08359375 0.7296875 0.034375 0.0453125
0 0.13046875 0.55078125 0.0203125 0.04375
0 0.11640625 0.56875 0.009375 0.075
0 0.15234375 0.371875 0.025 0.06875
0 0.18671875 0.35390625 0.0125 0.071875
0 0.16953125 0.25703125 0.025 0.0609375
0 0.14375 0.165625 0.025 0.065625
0 0.1203125 0.2078125 0.0203125 0.05625
0 0.05390625 0.1328125 0.021875 0.09375
0 0.10078125 0.3828125 0.009375 0.06875
0 0.03828125 0.415625 0.0265625 0.109375
0 0.175 0.0609375 0.028125 0.0734375
0 0.24609375 0.19140625 0.021875 0.075
0 0.20390625 0.12109375 0.0203125 0.0625