0 0.384375 0.04140625 0.05078125 0.02265625
0 0.4171875 0.04140625 0.06015625 0.02578125
0 0.215625 0.08984375 0.05234375 0.01640625
0 0.315625 0.10234375 0.06640625 0.0234375
0 0.1015625 0.1546875 0.04765625 0.025
0 0.5546875 0.14765625 0.0484375 0.02890625
0 0.45078125 0.1375 0.075 0.02109375
0 0.7546875 0.1171875 0.05 0.021875
0 0.93125 0.1453125 0.04375 0.02109375
0 0.828125 0.14609375 0.0546875 0.028125
0 0.81171875 0.1796875 0.05234375 0.015625
0 0.21796875 0.18359375 0.04453125 0.01875
0 0.1125 0.21796875 0.05546875 0.0203125
0 0.11328125 0.20703125 0.0578125 0.0203125
0 0.5046875 0.21171875 0.046875 0.03515625
0 0.28515625 0.2375 0.04140625 0.0234375
0 0.2328125 0.265625 0.034375 0.03046875
0 0.0453125 0.2921875 0.06640625 0.01796875
0 0.559375 0.390625 0.040625 0.01953125
0 0.240625 0.50234375 0.04375 0.02265625
0 0.2796875 0.5046875 0.05546875 0.02109375
0 0.84921875 0.38984375 0.040625 0.021875
0 0.95234375 0.3796875 0.0375 0.02109375
0 0.94609375 0.41328125 0.040625 0.01953125
0 0.8359375 0.64140625 0.03125 0.0265625
0 0.68046875 0.55078125 0.04296875 0.01953125
0 0.50703125 0.64765625 0.0390625 0.028125
0 0.3265625 0.56640625 0.0453125 0.015625
0 0.34375 0.5546875 0.0484375 0.02734375
0 0.15546875 0.55859375 0.046875 0.02265625
0 0.3671875 0.62421875 0.0375 0.0171875
0 0.06328125 0.60390625 0.0359375 0.021875
0 0.15703125 0.7203125 0.04765625 0.0234375
0 0.17265625 0.70234375 0.0375 0.021875
0 0.33359375 0.7046875 0.05234375 0.01875
0 0.09921875 0.81328125 0.0375 0.01796875
0 0.26171875 0.85234375 0.03125 0.01875
0 0.30625 0.85625 0.040625 0.01640625
0 0.36875 0.8625 0.04921875 0.0171875
0 0.4828125 0.80234375 0.046875 0.01328125
0 0.4203125 0.790625 0.053125 0.0140625
0 0.503125 0.78984375 0.0390625 0.0203125
0 0.49375 0.76953125 0.03359375 0.0171875
0 0.78359375 0.64140625 0.0265625 0.02578125
0 0.35546875 0.925 0.04921875 0.0171875
0 0.76796875 0.97890625 0.06640625 0.0234375
0 0.0109375 0.80390625 0.021875 0.02109375
0 0.8 0.27890625 0.0390625 0.0203125
0 0.8609375 0.4296875 0.03828125 0.01328125
0 0.32265625 0.81796875 0.06640625 0.0171875
0 0.68515625 0.77890625 0.04296875 0.02109375
0 0.87265625 0.75703125 0.0375 0.0265625
0 0.56796875 0.49296875 0.0453125 0.0265625