0 0.76953125 0.0546875 0.04921875 0.021875
0 0.190625 0.05703125 0.0546875 0.03203125
0 0.3578125 0.0890625 0.0625 0.02265625
0 0.1359375 0.09375 0.02734375 0.01796875
0 0.0265625 0.15 0.04453125 0.0203125
0 0.09609375 0.1703125 0.0546875 0.03125
0 0.2484375 0.2234375 0.05078125 0.04140625
0 0.503125 0.22734375 0.05703125 0.0328125
0 0.58671875 0.3015625 0.059375 0.0453125
0 0.45234375 0.30625 0.0515625 0.028125
0 0.58828125 0.15703125 0.0546875 0.02421875
0 0.85625 0.1421875 0.0375 0.01953125
0 0.58515625 0.47734375 0.0609375 0.02109375
0 0.77109375 0.49296875 0.0625 0.015625
0 0.25859375 0.5 0.05078125 0.01953125
0 0.0984375 0.52890625 0.040625 0.02890625
0 0.10859375 0.41328125 0.03671875 0.0296875
0 0.3421875 0.5421875 0.046875 0.02578125
0 0.3828125 0.6546875 0.02890625 0.01640625
0 0.4359375 0.68515625 0.02890625 0.02421875
0 0.5921875 0.77890625 0.02578125 0.0171875
0 0.88203125 0.6203125 0.02265625 0.028125
0 0.6703125 0.590625 0.034375 0.01484375
0 0.740625 0.81328125 0.0359375 0.025
0 0.27421875 0.75859375 0.053125 0.01640625
0 0.46171875 0.759375 0.04609375 0.0296875
0 0.15234375 0.7625 0.05 0.02109375
0 0.0921875 0.75078125 0.04921875 0.02265625
0 0.04921875 0.7875 0.0453125 0.02578125