0 0.81484375 0.03515625 0.0625 0.025
0 0.75234375 0.0578125 0.071875 0.025
0 0.86328125 0.121875 0.0421875 0.03125
0 0.92578125 0.12890625 0.05 0.025
0 0.46484375 0.090625 0.053125 0.025
0 0.375 0.16640625 0.05 0.03125
0 0.3265625 0.0734375 0.078125 0.01875
0 0.35859375 0.0328125 0.071875 0.01875
0 0.153125 0.0703125 0.0515625 0.01875
0 0.0296875 0.06484375 0.059375 0.0171875
0 0.3203125 0.24375 0.04375 0.03125
0 0.5234375 0.2296875 0.046875 0.040625
0 0.49140625 0.2984375 0.046875 0.025
0 0.4453125 0.375 0.04375 0.0296875
0 0.04765625 0.3390625 0.034375 0.0125
0 0.22890625 0.4984375 0.046875 0.015625
0 0.30078125 0.57578125 0.0484375 0.0171875
0 0.6296875 0.5453125 0.053125 0.015625
0 0.74609375 0.50546875 0.04375 0.015625
0 0.9796875 0.28046875 0.040625 0.0203125
0 0.875 0.425 0.03125 0.025
0 0.934375 0.52890625 0.053125 0.021875
0 0.65234375 0.7640625 0.046875 0.01875
0 0.7671875 0.7203125 0.04375 0.025
0 0.85390625 0.78046875 0.040625 0.01875
0 0.7984375 0.70390625 0.0625 0.015625
0 0.95078125 0.9625 0.0625 0.0203125
0 0.41328125 0.815625 0.059375 0.015625
0 0.52578125 0.8171875 0.05625 0.0125
0 0.2375 0.72734375 0.034375 0.028125
0 0.0140625 0.7515625 0.028125 0.021875
0 0.4515625 0.91953125 0.0515625 0.01875
0 0.42578125 0.665625 0.05 0.015625
0 0.15703125 0.640625 0.040625 0.028125
0 0.11484375 0.559375 0.040625 0.0234375
0 0.30703125 0.19921875 0.046875 0.0125
0 0.92265625 0.159375 0.05625 0.0125
0 0.69765625 0.90859375 0.046875 0.015625
0 0.946875 0.91328125 0.040625 0.021875
0 0.9265625 0.89609375 0.05625 0.021875
0 0.9125 0.9140625 0.04375 0.0140625
0 0.146875 0.94453125 0.05625 0.0171875