0 0.79296875 0.05 0.0515625 0.0140625
0 0.22890625 0.1328125 0.053125 0.0125
0 0.21484375 0.109375 0.0546875 0.025
0 0.18984375 0.115625 0.0640625 0.021875
0 0.1328125 0.196875 0.053125 0.0171875
0 0.9203125 0.1265625 0.075 0.0203125
0 0.93828125 0.103125 0.0625 0.021875
0 0.5828125 0.1765625 0.0625 0.01875
0 0.48359375 0.21171875 0.071875 0.015625
0 0.7078125 0.21953125 0.0484375 0.021875
0 0.76484375 0.25546875 0.0484375 0.0203125
0 0.51953125 0.28125 0.046875 0.015625
0 0.05546875 0.28984375 0.05625 0.025
0 0.3265625 0.3515625 0.0453125 0.0203125
0 0.6578125 0.35078125 0.053125 0.0203125
0 0.771875 0.42421875 0.0875 0.0171875
0 0.68359375 0.4515625 0.059375 0.021875
0 0.32578125 0.4578125 0.0625 0.0125
0 0.115625 0.4 0.05 0.0171875
0 0.98515625 0.23203125 0.0296875 0.03125
0 0.871875 0.5421875 0.05625 0.021875
0 0.2796875 0.55078125 0.0625 0.025
0 0.93515625 0.6203125 0.05 0.0265625
0 0.803125 0.64140625 0.0703125 0.015625
0 0.61484375 0.56640625 0.046875 0.015625
0 0.51953125 0.68515625 0.04375 0.025
0 0.4921875 0.690625 0.040625 0.025
0 0.76796875 0.77109375 0.053125 0.03125
0 0.346875 0.85234375 0.0640625 0.021875
0 0.60234375 0.8375 0.0375 0.025
0 0.61953125 0.78671875 0.059375 0.028125
0 0.771875 0.81328125 0.0375 0.025
0 0.93359375 0.76171875 0.046875 0.0203125
0 0.32890625 0.903125 0.0609375 0.01875
0 0.73515625 0.96328125 0.0609375 0.025
0 0.80625 0.96328125 0.0484375 0.01875
0 0.91484375 0.8484375 0.05625 0.0203125
0 0.25234375 0.746875 0.034375 0.025
0 0.38359375 0.65234375 0.075 0.015625
0 0.65546875 0.60625 0.065625 0.021875
0 0.39296875 0.61953125 0.05625 0.0171875
0 0.10078125 0.54609375 0.05625 0.021875
0 0.58046875 0.08828125 0.0546875 0.021875
0 0.315625 0.14375 0.040625 0.025