0 0.078125 0.0390625 0.0671875 0.03984375
0 0.16796875 0.1 0.109375 0.0125
0 0.13046875 0.090625 0.0421875 0.02578125
0 0.26875 0.1125 0.065625 0.01484375
0 0.35625 0.26484375 0.03984375 0.0296875
0 0.7546875 0.32265625 0.03984375 0.03359375
0 0.81328125 0.31328125 0.05390625 0.02734375
0 0.8828125 0.21328125 0.05 0.03125
0 0.74765625 0.16484375 0.05625 0.02421875
0 0.64140625 0.1015625 0.06328125 0.0203125
0 0.45859375 0.0609375 0.0734375 0.02890625
0 0.6234375 0.0375 0.075 0.028125
0 0.62734375 0.0890625 0.04609375 0.02265625
0 0.55546875 0.1578125 0.0515625 0.03515625
0 0.30234375 0.01953125 0.03671875 0.034375
0 0.2640625 0.4421875 0.08984375 0.0390625
0 0.065625 0.3203125 0.05 0.03046875
0 0.2859375 0.5015625 0.06875 0.0328125
0 0.7921875 0.3953125 0.053125 0.04609375
0 0.80546875 0.46328125 0.05859375 0.0265625
0 0.35625 0.56875 0.0703125 0.0328125
0 0.3359375 0.63984375 0.0734375 0.02578125
0 0.225 0.6109375 0.065625 0.025
0 0.13125 0.6578125 0.084375 0.03515625
0 0.76484375 0.64453125 0.05625 0.03515625
0 0.88515625 0.6453125 0.06328125 0.03515625
0 0.9375 0.6109375 0.06953125 0.04296875
0 0.740625 0.71171875 0.06484375 0.02421875
0 0.56015625 0.7578125 0.0640625 0.0359375
0 0.5234375 0.6328125 0.0265625 0.02109375
0 0.3828125 0.8765625 0.059375 0.0375
0 0.453125 0.79140625 0.05703125 0.03515625
0 0.0875 0.77109375 0.0703125 0.03515625
0 0.59296875 0.89375 0.05 0.021875
0 0.68984375 0.89296875 0.040625 0.03515625
0 0.2265625 0.95625 0.09921875 0.0375
0 0.0515625 0.878125 0.04453125 0.03359375
0 0.77578125 0.56328125 0.05859375 0.0296875
0 0.88125 0.26875 0.0625 0.028125
0 0.4546875 0.834375 0.06875 0.02265625
0 0.75625 0.84140625 0.0578125 0.02578125
0 0.8390625 0.90234375 0.04296875 0.0203125
0 0.0484375 0.821875 0.07265625 0.03203125
0 0.0578125 0.18046875 0.05703125 0.02578125
0 0.04140625 0.26484375 0.0828125 0.02109375