2 0.1828125 0.76015625 0.0421875 0.015625
2 0.14140625 0.81015625 0.028125 0.021875
2 0.3421875 0.8046875 0.0578125 0.015625
2 0.2703125 0.82578125 0.0609375 0.01875
2 0.47578125 0.721875 0.0515625 0.01875
2 0.64765625 0.7453125 0.046875 0.015625
2 0.79296875 0.853125 0.046875 0.015625
2 0.65546875 0.8328125 0.0546875 0.028125
2 0.2375 0.63828125 0.05 0.01875
2 0.1515625 0.58671875 0.034375 0.025
2 0.4 0.571875 0.0625 0.0171875
2 0.4203125 0.59296875 0.0375 0.03125
2 0.5359375 0.61171875 0.065625 0.01875
2 0.69375 0.646875 0.040625 0.015625
2 0.58203125 0.565625 0.03125 0.015625
2 0.83984375 0.565625 0.053125 0.01875
2 0.46640625 0.50078125 0.040625 0.0203125
2 0.6078125 0.44609375 0.0515625 0.01875
2 0.8046875 0.45859375 0.06875 0.0328125
2 0.38828125 0.3640625 0.040625 0.0234375
2 0.23828125 0.36875 0.0890625 0.01875
2 0.39765625 0.3140625 0.046875 0.0265625
2 0.43046875 0.2546875 0.05 0.0203125
2 0.64375 0.240625 0.075 0.01875
2 0.478125 0.196875 0.053125 0.01875
2 0.49453125 0.1546875 0.053125 0.015625
2 0.3859375 0.1296875 0.0671875 0.015625
2 0.15703125 0.146875 0.05625 0.021875
2 0.07734375 0.1765625 0.0828125 0.0296875
2 0.0625 0.234375 0.0390625 0.025
2 0.31640625 0.1703125 0.0625 0.0234375
2 0.33828125 0.190625 0.028125 0.0125
2 0.346875 0.21953125 0.0359375 0.0203125
2 0.48125 0.0890625 0.075 0.015625
2 0.775 0.1875 0.059375 0.028125
2 0.77890625 0.0953125 0.06875 0.015625
2 0.74609375 0.10078125 0.040625 0.015625
2 0.684375 0.0984375 0.046875 0.0125
2 0.8890625 0.11171875 0.03125 0.01875
2 0.93125 0.21484375 0.034375 0.034375
2 0.8953125 0.23828125 0.0359375 0.028125
2 0.79453125 0.29375 0.0375 0.03125
2 0.771875 0.37421875 0.040625 0.0296875
2 0.8203125 0.36796875 0.0390625 0.0265625