0 0.97265625 0.58359375 0.0375 0.0859375
0 0.93359375 0.721875 0.0453125 0.1125
0 0.896875 0.5875 0.046875 0.1015625
0 0.87109375 0.67578125 0.025 0.078125
0 0.8546875 0.6328125 0.021875 0.0546875
0 0.94140625 0.21640625 0.0234375 0.0765625
0 0.93046875 0.1390625 0.025 0.084375
0 0.87265625 0.3140625 0.03125 0.05
0 0.834375 0.04765625 0.025 0.0890625
0 0.78671875 0.403125 0.03125 0.075
0 0.734375 0.87734375 0.021875 0.025
0 0.7390625 0.8953125 0.03125 0.01875
0 0.66484375 0.44375 0.034375 0.0421875
0 0.65546875 0.38515625 0.021875 0.04375
0 0.70703125 0.23828125 0.040625 0.0734375
0 0.66640625 0.06328125 0.0265625 0.059375
0 0.65390625 0.015625 0.0234375 0.03125
0 0.64765625 0.29375 0.028125 0.0375
0 0.59609375 0.575 0.028125 0.053125
0 0.590625 0.05546875 0.025 0.0484375
0 0.50390625 0.66015625 0.025 0.06875
0 0.4734375 0.9171875 0.025 0.084375
0 0.4234375 0.3515625 0.028125 0.059375
0 0.45234375 0.02890625 0.028125 0.053125
0 0.371875 0.340625 0.021875 0.065625
0 0.31484375 0.23359375 0.03125 0.0546875
0 0.3375 0.2921875 0.025 0.053125
0 0.33125 0.328125 0.021875 0.0625
0 0.334375 0.61640625 0.0296875 0.059375
0 0.4625 0.57890625 0.025 0.059375
0 0.32578125 0.73984375 0.015625 0.0375
0 0.25078125 0.54453125 0.028125 0.0734375
0 0.2390625 0.30546875 0.021875 0.071875
0 0.215625 0.09921875 0.021875 0.05
0 0.16171875 0.23515625 0.0328125 0.05625
0 0.1828125 0.225 0.025 0.046875
0 0.1578125 0.07421875 0.028125 0.06875
0 0.1109375 0.05859375 0.025 0.05625
0 0.12578125 0.06796875 0.015625 0.053125
0 0.140625 0.57109375 0.0265625 0.0734375
0 0.18671875 0.478125 0.03125 0.075
0 0.09765625 0.75234375 0.028125 0.046875
0 0.103125 0.59765625 0.01875 0.065625
0 0.03203125 0.36796875 0.025 0.090625
0 0.03203125 0.475 0.025 0.05625
0 0.1453125 0.3234375 0.0171875 0.05
0 0.15390625 0.3734375 0.034375 0.075