0 0.1171875 0.12109375 0.0765625 0.02109375
0 0.10078125 0.09609375 0.08046875 0.025
0 0.13046875 0.0828125 0.0734375 0.01953125
0 0.0296875 0.11953125 0.05859375 0.03046875
0 0.23984375 0.10625 0.075 0.0265625
0 0.2734375 0.09375 0.08359375 0.0171875
0 0.62734375 0.0265625 0.09921875 0.02734375
0 0.85390625 0.10234375 0.08046875 0.02578125
0 0.9109375 0.09453125 0.06640625 0.02890625
0 0.76015625 0.134375 0.07734375 0.025
0 0.665625 0.1703125 0.06640625 0.028125
0 0.578125 0.275 0.04609375 0.03125
0 0.61796875 0.31875 0.06328125 0.025
0 0.32890625 0.125 0.05703125 0.021875
0 0.26953125 0.1625 0.04921875 0.01875
0 0.25546875 0.1921875 0.0609375 0.01875
0 0.29921875 0.22421875 0.05703125 0.01953125
0 0.4765625 0.18046875 0.04375 0.03046875
0 0.5984375 0.15625 0.0546875 0.0203125
0 0.13515625 0.24140625 0.034375 0.0203125
0 0.95859375 0.15078125 0.046875 0.0203125
0 0.9125 0.27421875 0.04921875 0.02265625
0 0.94296875 0.3125 0.03984375 0.02890625
0 0.28203125 0.37109375 0.0640625 0.01953125
0 0.56328125 0.41640625 0.04609375 0.03046875
0 0.2375 0.44921875 0.05234375 0.025
0 0.05625 0.5109375 0.06796875 0.0203125
0 0.26640625 0.50390625 0.0578125 0.02265625
0 0.35390625 0.546875 0.0546875 0.0203125
0 0.70703125 0.59296875 0.05703125 0.025
0 0.69609375 0.575 0.06484375 0.02265625
0 0.3359375 0.58671875 0.0546875 0.03046875
0 0.08828125 0.67890625 0.06953125 0.0203125
0 0.40078125 0.75 0.04921875 0.025
0 0.4609375 0.67265625 0.0359375 0.03359375
0 0.759375 0.52109375 0.0546875 0.02265625
0 0.96953125 0.578125 0.06015625 0.01640625
0 0.8734375 0.6703125 0.0578125 0.0171875
0 0.51171875 0.878125 0.0828125 0.02734375
0 0.43984375 0.80703125 0.06640625 0.01875
0 0.75859375 0.78203125 0.07578125 0.01875
0 0.671875 0.76328125 0.05390625 0.02265625
0 0.63359375 0.98671875 0.05546875 0.0265625
0 0.56015625 0.92265625 0.06640625 0.02734375
0 0.334375 0.809375 0.06484375 0.01875
0 0.23203125 0.7890625 0.06328125 0.0140625
0 0.1015625 0.79140625 0.06171875 0.01875
0 0.04609375 0.79140625 0.0421875 0.01875
0 0.128125 0.7609375 0.06328125 0.01796875
0 0.04375 0.8796875 0.06953125 0.01953125
0 0.57421875 0.8265625 0.06328125 0.01484375
0 0.49296875 0.78359375 0.06875 0.0203125