0 0.6859375 0.1421875 0.06796875 0.01953125
0 0.44140625 0.22734375 0.04140625 0.0171875
0 0.35625 0.15390625 0.05859375 0.02421875
0 0.3890625 0.59921875 0.05390625 0.03359375
0 0.346875 0.90546875 0.05234375 0.0328125
0 0.059375 0.89140625 0.0828125 0.01875
0 0.2625 0.68515625 0.05234375 0.02109375
0 0.2125 0.93984375 0.05390625 0.02421875
0 0.2515625 0.81875 0.05625 0.03125
0 0.5421875 0.77890625 0.0484375 0.0296875
0 0.70078125 0.1765625 0.05546875 0.025
0 0.34296875 0.3421875 0.05234375 0.02265625
0 0.0171875 0.23984375 0.03359375 0.02578125
0 0.5421875 0.67109375 0.04375 0.0328125
0 0.06796875 0.8015625 0.05390625 0.02421875
0 0.41171875 0.1328125 0.0609375 0.01796875
0 0.109375 0.6390625 0.0515625 0.03125
0 0.70703125 0.6953125 0.0453125 0.028125
0 0.78359375 0.14140625 0.04609375 0.025
0 0.95625 0.30703125 0.04140625 0.01953125
0 0.89765625 0.4921875 0.04921875 0.0359375
0 0.2640625 0.9578125 0.0546875 0.028125
0 0.684375 0.03515625 0.06640625 0.021875
0 0.2078125 0.0796875 0.0421875 0.0234375
0 0.12578125 0.76484375 0.0625 0.025
0 0.134375 0.0390625 0.0625 0.0203125
0 0.33046875 0.2171875 0.04609375 0.02421875
0 0.60625 0.24140625 0.03671875 0.021875
0 0.75546875 0.6546875 0.0578125 0.02578125
0 0.8640625 0.55546875 0.0359375 0.0328125
0 0.4671875 0.40703125 0.06796875 0.01640625
0 0.6859375 0.403125 0.05546875 0.02109375
0 0.35390625 0.0125 0.06171875 0.025