0 0.98203125 0.74921875 0.0296875 0.065625
0 0.94375 0.7140625 0.028125 0.0671875
0 0.890625 0.603125 0.021875 0.05
0 0.8546875 0.67578125 0.028125 0.0703125
0 0.85390625 0.89453125 0.01875 0.071875
0 0.86875 0.9 0.025 0.071875
0 0.73515625 0.55546875 0.0234375 0.065625
0 0.70234375 0.61484375 0.034375 0.0625
0 0.5234375 0.540625 0.0359375 0.084375
0 0.4796875 0.73515625 0.034375 0.090625
0 0.509375 0.9671875 0.028125 0.05625
0 0.3859375 0.79140625 0.04375 0.065625
0 0.43515625 0.7546875 0.034375 0.06875
0 0.509375 0.30390625 0.046875 0.075
0 0.3875 0.20546875 0.0390625 0.046875
0 0.38046875 0.13203125 0.0265625 0.075
0 0.3171875 0.11484375 0.0359375 0.08125
0 0.365625 0.36484375 0.040625 0.0734375
0 0.34375 0.73046875 0.0265625 0.059375
0 0.321875 0.6578125 0.0390625 0.059375
0 0.2765625 0.84296875 0.034375 0.0921875
0 0.2921875 0.95 0.034375 0.0703125
0 0.2859375 0.53046875 0.034375 0.05
0 0.26484375 0.48515625 0.0484375 0.0890625
0 0.240625 0.325 0.03125 0.06875
0 0.1921875 0.2625 0.028125 0.0453125
0 0.18984375 0.465625 0.025 0.0828125
0 0.19140625 0.571875 0.025 0.08125
0 0.21171875 0.55625 0.0203125 0.059375
0 0.16171875 0.62734375 0.025 0.05
0 0.17890625 0.65390625 0.0234375 0.0765625
0 0.1375 0.23828125 0.028125 0.0734375
0 0.0953125 0.3453125 0.03125 0.0671875
0 0.1328125 0.66796875 0.028125 0.078125
0 0.08203125 0.85546875 0.03125 0.034375
0 0.0578125 0.80625 0.015625 0.0625
0 0.0765625 0.82734375 0.021875 0.0625
0 0.03828125 0.5578125 0.03125 0.0859375