0 0.15234375 0.053125 0.065625 0.02890625
0 0.06875 0.021875 0.0953125 0.015625
0 0.43671875 0.11953125 0.05390625 0.01953125
0 0.025 0.15390625 0.0328125 0.02734375
0 0.06953125 0.265625 0.05390625 0.02265625
0 0.415625 0.1625 0.0546875 0.0171875
0 0.52578125 0.1421875 0.05703125 0.01484375
0 0.7984375 0.1625 0.046875 0.01953125
0 0.92890625 0.17265625 0.06796875 0.01953125
0 0.87578125 0.15546875 0.059375 0.01640625
0 0.6671875 0.15234375 0.04921875 0.0140625
0 0.88984375 0.2078125 0.05078125 0.02265625
0 0.86640625 0.303125 0.0515625 0.02421875
0 0.94765625 0.30078125 0.046875 0.021875
0 0.51328125 0.50390625 0.040625 0.0265625
0 0.38515625 0.425 0.0515625 0.01953125
0 0.25234375 0.49765625 0.06875 0.01875
0 0.02265625 0.4984375 0.0453125 0.025
0 0.06328125 0.4921875 0.05625 0.02265625
0 0.40234375 0.58515625 0.0453125 0.02578125
0 0.0375 0.55546875 0.04296875 0.02734375
0 0.3203125 0.60859375 0.05390625 0.01640625
0 0.76796875 0.5640625 0.06015625 0.02109375
0 0.890625 0.61640625 0.03359375 0.021875
0 0.7859375 0.5203125 0.05390625 0.01640625
0 0.93984375 0.36015625 0.028125 0.02421875
0 0.05546875 0.20078125 0.0453125 0.0203125
0 0.05 0.6953125 0.05390625 0.0296875
0 0.18046875 0.74375 0.05625 0.021875
0 0.471875 0.76875 0.040625 0.03046875
0 0.353125 0.77265625 0.05703125 0.01953125
0 0.63046875 0.771875 0.0578125 0.0203125
0 0.24140625 0.8203125 0.040625 0.0265625
0 0.38828125 0.8671875 0.06171875 0.0296875
0 0.3984375 0.8328125 0.0671875 0.0234375
0 0.56953125 0.8765625 0.0328125 0.034375
0 0.75546875 0.809375 0.07109375 0.02421875
0 0.77734375 0.71953125 0.0734375 0.02578125
0 0.7890625 0.69921875 0.05703125 0.01953125
0 0.11484375 0.82109375 0.04296875 0.01796875
0 0.33515625 0.9125 0.0546875 0.02109375
0 0.2640625 0.95859375 0.059375 0.0203125
0 0.2109375 0.90546875 0.06484375 0.01640625
0 0.93984375 0.78125 0.02734375 0.02578125