0 0.275 0.05625 0.071875 0.02109375
0 0.3578125 0.13203125 0.075 0.03203125
0 0.35859375 0.09296875 0.0546875 0.0234375
0 0.8375 0.0921875 0.0671875 0.01875
0 0.921875 0.1296875 0.075 0.02578125
0 0.946875 0.1515625 0.025 0.0171875
0 0.6625 0.13515625 0.0421875 0.01484375
0 0.153125 0.20859375 0.0515625 0.01875
0 0.2 0.21328125 0.0515625 0.025
0 0.3078125 0.23203125 0.0375 0.0234375
0 0.703125 0.234375 0.06015625 0.028125
0 0.7203125 0.21328125 0.08828125 0.01953125
0 0.90625 0.196875 0.0453125 0.034375
0 0.91953125 0.23046875 0.0359375 0.02421875
0 0.7984375 0.31484375 0.06171875 0.0171875
0 0.93125 0.32109375 0.04453125 0.021875
0 0.2984375 0.37578125 0.0515625 0.0375
0 0.34921875 0.34765625 0.040625 0.03203125
0 0.08125 0.4453125 0.059375 0.02421875
0 0.05703125 0.496875 0.07421875 0.025
0 0.7609375 0.421875 0.06171875 0.02109375
0 0.0625 0.4 0.05234375 0.03203125
0 0.71953125 0.4515625 0.053125 0.02265625
0 0.58125 0.5703125 0.040625 0.0171875
0 0.43828125 0.68203125 0.05078125 0.03046875
0 0.06328125 0.7453125 0.02578125 0.03046875
0 0.7484375 0.70625 0.05078125 0.03046875
0 0.5921875 0.8453125 0.06015625 0.02421875
0 0.03671875 0.8359375 0.03828125 0.02890625
0 0.1890625 0.81484375 0.06953125 0.01953125
0 0.1328125 0.8953125 0.03671875 0.03046875
0 0.63203125 0.896875 0.071875 0.01640625
0 0.65234375 0.9828125 0.0671875 0.01953125
0 0.36796875 0.0484375 0.075 0.02265625