0 0.39296875 0.0765625 0.046875 0.025
0 0.52734375 0.07265625 0.059375 0.0265625
0 0.78515625 0.1078125 0.065625 0.021875
0 0.85 0.10703125 0.0828125 0.0265625
0 0.88828125 0.1515625 0.0796875 0.0375
0 0.72734375 0.22265625 0.0578125 0.03125
0 0.9625 0.290625 0.065625 0.03125
0 0.70703125 0.14609375 0.0578125 0.0234375
0 0.3375 0.18671875 0.04375 0.028125
0 0.23828125 0.165625 0.05625 0.025
0 0.0671875 0.16171875 0.0703125 0.025
0 0.04375 0.02265625 0.046875 0.0265625
0 0.2578125 0.07734375 0.0484375 0.0234375
0 0.28984375 0.1375 0.046875 0.0234375
0 0.2375 0.13828125 0.04375 0.021875
0 0.46796875 0.29375 0.05625 0.034375
0 0.025 0.24296875 0.05 0.01875
0 0.5140625 0.40703125 0.06875 0.0140625
0 0.37265625 0.409375 0.071875 0.021875
0 0.346875 0.60390625 0.071875 0.0359375
0 0.1578125 0.57734375 0.034375 0.040625
0 0.5109375 0.64140625 0.05 0.01875
0 0.9125 0.6171875 0.053125 0.0203125
0 0.74921875 0.6921875 0.040625 0.0265625
0 0.13828125 0.77265625 0.0546875 0.0234375
0 0.31328125 0.81640625 0.046875 0.021875
0 0.1390625 0.8609375 0.046875 0.0125
0 0.22265625 0.90625 0.059375 0.028125
0 0.58046875 0.83828125 0.071875 0.021875
0 0.453125 0.8125 0.05625 0.01875
0 0.09375 0.5890625 0.0765625 0.0296875
0 0.03125 0.6921875 0.05 0.040625
0 0.31640625 0.153125 0.0734375 0.025
0 0.2640625 0.01796875 0.059375 0.021875
0 0.6171875 0.30546875 0.071875 0.03125
0 0.73203125 0.84609375 0.078125 0.021875
0 0.41953125 0.13515625 0.06875 0.021875
0 0.85234375 0.18125 0.0546875 0.021875
0 0.16484375 0.19609375 0.08125 0.021875