0 0.05078125 0.8203125 0.03125 0.0765625
0 0.02265625 0.825 0.021875 0.05
0 0.0890625 0.70078125 0.015625 0.0375
0 0.07734375 0.4375 0.015625 0.040625
0 0.09765625 0.28203125 0.015625 0.040625
0 0.15703125 0.18046875 0.025 0.05
0 0.18984375 0.5953125 0.0296875 0.0625
0 0.171875 0.9171875 0.028125 0.04375
0 0.271875 0.54609375 0.028125 0.059375
0 0.30625 0.97578125 0.0234375 0.0484375
0 0.27578125 0.88515625 0.034375 0.0484375
0 0.34296875 0.17578125 0.040625 0.028125
0 0.32265625 0.1421875 0.025 0.0625
0 0.29375 0.15703125 0.0296875 0.08125
0 0.053125 0.37109375 0.025 0.040625
0 0.02265625 0.48046875 0.01875 0.0421875
0 0.14375 0.71796875 0.025 0.0609375
0 0.1453125 0.9203125 0.01875 0.06875
0 0.1015625 0.92265625 0.015625 0.04375
0 0.50625 0.7265625 0.05625 0.06875
0 0.465625 0.7015625 0.028125 0.046875
0 0.525 0.4046875 0.025 0.0265625
0 0.39921875 0.19140625 0.021875 0.059375
0 0.58046875 0.76171875 0.028125 0.05625
0 0.5671875 0.67265625 0.021875 0.05625
0 0.6375 0.67421875 0.0375 0.0609375
0 0.67265625 0.85078125 0.0265625 0.0453125
0 0.75625 0.51328125 0.0328125 0.04375
0 0.8203125 0.06171875 0.03125 0.05
0 0.88203125 0.2265625 0.0234375 0.040625
0 0.953125 0.7765625 0.0390625 0.09375
0 0.86484375 0.575 0.03125 0.0609375
0 0.80390625 0.49921875 0.015625 0.096875
0 0.8328125 0.7328125 0.0203125 0.0578125
0 0.84140625 0.4453125 0.03125 0.071875
0 0.81875 0.89140625 0.034375 0.05625
0 0.859375 0.325 0.0265625 0.028125
0 0.56875 0.2359375 0.0390625 0.059375