0 0.95078125 0.91875 0.034375 0.075
0 0.98671875 0.615625 0.025 0.0875
0 0.99375 0.2734375 0.0125 0.071875
0 0.94765625 0.21640625 0.025 0.078125
0 0.92578125 0.13984375 0.0328125 0.078125
0 0.89921875 0.0875 0.028125 0.090625
0 0.85390625 0.215625 0.0296875 0.0875
0 0.915625 0.38046875 0.0328125 0.0921875
0 0.87578125 0.47578125 0.025 0.078125
0 0.75 0.70390625 0.0453125 0.0765625
0 0.75859375 0.5921875 0.04375 0.071875
0 0.75859375 0.48828125 0.040625 0.0859375
0 0.565625 0.21015625 0.034375 0.090625
0 0.5203125 0.475 0.0359375 0.0796875
0 0.47578125 0.34140625 0.034375 0.115625
0 0.428125 0.665625 0.040625 0.0796875
0 0.36328125 0.79140625 0.028125 0.06875
0 0.35 0.93515625 0.0390625 0.059375
0 0.3578125 0.234375 0.0375 0.075
0 0.33359375 0.2609375 0.025 0.059375
0 0.2921875 0.0859375 0.025 0.075
0 0.27734375 0.33046875 0.028125 0.0765625
0 0.2125 0.4921875 0.04375 0.0859375
0 0.234375 0.52890625 0.0375 0.090625
0 0.146875 0.3390625 0.03125 0.08125
0 0.19140625 0.34609375 0.040625 0.06875
0 0.19453125 0.1640625 0.0203125 0.0625
0 0.1671875 0.0265625 0.021875 0.0328125
0 0.1109375 0.66796875 0.025 0.059375
0 0.0921875 0.67734375 0.025 0.059375
0 0.05078125 0.075 0.03125 0.05