0 0.98125 0.903125 0.025 0.065625
0 0.94296875 0.6046875 0.034375 0.04375
0 0.875 0.37734375 0.021875 0.08125
0 0.8953125 0.35 0.015625 0.065625
0 0.91328125 0.334375 0.0234375 0.078125
0 0.82734375 0.490625 0.0234375 0.046875
0 0.85703125 0.92578125 0.021875 0.05625
0 0.86953125 0.89296875 0.0328125 0.065625
0 0.79296875 0.62421875 0.021875 0.0703125
0 0.8078125 0.1453125 0.0328125 0.078125
0 0.8078125 0.3578125 0.01875 0.05
0 0.81953125 0.29375 0.0265625 0.046875
0 0.89296875 0.08046875 0.025 0.065625
0 0.78359375 0.2109375 0.028125 0.05
0 0.76171875 0.15234375 0.021875 0.0671875
0 0.73359375 0.28359375 0.034375 0.0734375
0 0.6265625 0.59140625 0.0328125 0.05
0 0.66015625 0.85078125 0.025 0.059375
0 0.69609375 0.9328125 0.040625 0.046875
0 0.58828125 0.26875 0.028125 0.046875
0 0.51640625 0.21953125 0.021875 0.065625
0 0.58828125 0.95234375 0.025 0.071875
0 0.51953125 0.9390625 0.03125 0.065625
0 0.5078125 0.8234375 0.025 0.0546875
0 0.45546875 0.77109375 0.0203125 0.0765625
0 0.3734375 0.3515625 0.03125 0.04375
0 0.4359375 0.09140625 0.03125 0.05
0 0.3234375 0.7375 0.028125 0.05
0 0.23671875 0.86875 0.0296875 0.0375
0 0.23828125 0.75859375 0.021875 0.04375
0 0.1921875 0.7140625 0.0203125 0.04375
0 0.15625 0.715625 0.01875 0.0375
0 0.19765625 0.8171875 0.015625 0.0453125
0 0.2859375 0.38046875 0.021875 0.05
0 0.1046875 0.6359375 0.01875 0.05625
0 0.0453125 0.39453125 0.021875 0.065625
0 0.13828125 0.98984375 0.0265625 0.01875
0 0.88203125 0.77109375 0.021875 0.05625
0 0.88984375 0.43671875 0.021875 0.0703125
0 0.1171875 0.4203125 0.0265625 0.0375