2 0.02734375 0.8 0.0375 0.090625
2 0.11640625 0.8390625 0.0375 0.0421875
2 0.0859375 0.8203125 0.0328125 0.0921875
2 0.0953125 0.84921875 0.021875 0.08125
2 0.08828125 0.39375 0.0296875 0.0796875
2 0.1109375 0.52421875 0.0234375 0.078125
2 0.16953125 0.16328125 0.0265625 0.075
2 0.14296875 0.06015625 0.025 0.065625
2 0.121875 0.2015625 0.015625 0.084375
2 0.25078125 0.7234375 0.040625 0.05625
2 0.13125 0.90703125 0.028125 0.053125
2 0.19296875 0.3140625 0.01875 0.08125
2 0.246875 0.08203125 0.0265625 0.0640625
2 0.25546875 0.36328125 0.025 0.05625
2 0.1515625 0.7875 0.025 0.053125
2 0.18125 0.9171875 0.03125 0.05
2 0.24140625 0.90546875 0.040625 0.025
2 0.2328125 0.95078125 0.021875 0.053125
2 0.29375 0.7875 0.0296875 0.0375
2 0.421875 0.51640625 0.03125 0.04375
2 0.37890625 0.05546875 0.021875 0.0828125
2 0.43359375 0.92734375 0.0265625 0.0328125
2 0.46171875 0.91875 0.025 0.034375
2 0.4828125 0.86796875 0.0359375 0.040625
2 0.5046875 0.73203125 0.040625 0.0125
2 0.56875 0.6953125 0.021875 0.0296875
2 0.62421875 0.9078125 0.03125 0.0359375
2 0.69921875 0.75546875 0.028125 0.0453125
2 0.525 0.9828125 0.040625 0.034375
2 0.7734375 0.98359375 0.01875 0.03125
2 0.83125 0.77421875 0.0171875 0.0609375
2 0.8140625 0.7671875 0.0171875 0.05625
2 0.8484375 0.93671875 0.025 0.0609375
2 0.81796875 0.48359375 0.03125 0.028125
2 0.8078125 0.68203125 0.021875 0.05625
2 0.7890625 0.728125 0.021875 0.053125
2 0.70703125 0.2953125 0.025 0.0359375
2 0.70546875 0.24921875 0.021875 0.046875
2 0.7890625 0.29296875 0.015625 0.0484375
2 0.87265625 0.03515625 0.01875 0.065625
2 0.69765625 0.671875 0.025 0.028125
2 0.68046875 0.8015625 0.028125 0.05