0 0.50703125 0.0296875 0.05390625 0.015625
0 0.728125 0.0484375 0.04921875 0.015625
0 0.3890625 0.1078125 0.046875 0.01875
0 0.278125 0.1453125 0.0453125 0.025
0 0.64375 0.16640625 0.0359375 0.025
0 0.61015625 0.18203125 0.04921875 0.025
0 0.7875 0.20390625 0.05234375 0.02578125
0 0.2984375 0.22890625 0.05 0.021875
0 0.025 0.13203125 0.034375 0.01953125
0 0.0375 0.04765625 0.075 0.02265625
0 0.14453125 0.01640625 0.06640625 0.02265625
0 0.11484375 0.1125 0.04453125 0.02734375
0 0.225 0.37578125 0.06640625 0.0359375
0 0.33671875 0.34609375 0.0640625 0.025
0 0.77578125 0.403125 0.078125 0.03828125
0 0.46328125 0.5234375 0.06640625 0.03984375
0 0.32734375 0.49921875 0.0765625 0.0328125
0 0.028125 0.465625 0.0546875 0.03046875
0 0.2359375 0.61171875 0.0625 0.01953125
0 0.5625 0.575 0.0375 0.01484375
0 0.13828125 0.7359375 0.06015625 0.0203125
0 0.134375 0.678125 0.07265625 0.02578125
0 0.103125 0.70390625 0.0734375 0.02890625
0 0.20859375 0.721875 0.05 0.0234375
0 0.253125 0.77890625 0.0515625 0.015625
0 0.16015625 0.79140625 0.05234375 0.01875
0 0.13046875 0.7984375 0.05703125 0.021875
0 0.06796875 0.81484375 0.0765625 0.0171875
0 0.41953125 0.88515625 0.0625 0.0296875
0 0.5609375 0.875 0.05234375 0.0359375
0 0.64609375 0.76015625 0.05703125 0.02265625
0 0.17890625 0.8734375 0.0421875 0.02265625
0 0.8453125 0.78671875 0.06640625 0.0265625
0 0.4015625 0.8265625 0.06015625 0.025
0 0.4421875 0.61171875 0.05859375 0.04375
0 0.94375 0.52265625 0.06640625 0.02421875
0 0.7265625 0.45234375 0.06328125 0.0328125
0 0.465625 0.20546875 0.0703125 0.0296875
0 0.3640625 0.20859375 0.06171875 0.021875
0 0.796875 0.6734375 0.046875 0.03828125
0 0.503125 0.6828125 0.04375 0.03359375
0 0.05234375 0.725 0.04609375 0.01796875