0 0.85390625 0.08203125 0.05 0.01875
0 0.72265625 0.06484375 0.04375 0.015625
0 0.8 0.19140625 0.0390625 0.021875
0 0.26171875 0.13046875 0.05 0.0125
0 0.2546875 0.1203125 0.053125 0.01875
0 0.47421875 0.23984375 0.046875 0.028125
0 0.50546875 0.21640625 0.0375 0.0265625
0 0.61953125 0.2296875 0.046875 0.015625
0 0.6734375 0.19609375 0.034375 0.025
0 0.1421875 0.175 0.028125 0.021875
0 0.0921875 0.2453125 0.040625 0.0203125
0 0.5109375 0.1359375 0.05625 0.01875
0 0.253125 0.38046875 0.059375 0.01875
0 0.1765625 0.38671875 0.040625 0.025
0 0.09765625 0.37734375 0.04375 0.03125
0 0.47734375 0.36796875 0.046875 0.0265625
0 0.71953125 0.50546875 0.06875 0.01875
0 0.728125 0.4953125 0.053125 0.01875
0 0.6171875 0.47890625 0.046875 0.01875
0 0.50625 0.5640625 0.0453125 0.01875
0 0.67109375 0.56484375 0.0453125 0.015625
0 0.64453125 0.55078125 0.040625 0.021875
0 0.93125 0.47265625 0.046875 0.0265625
0 0.5609375 0.63203125 0.0453125 0.021875
0 0.58125 0.60390625 0.0515625 0.021875
0 0.2015625 0.53671875 0.040625 0.021875
0 0.2046875 0.559375 0.034375 0.025
0 0.18671875 0.64453125 0.0453125 0.021875
0 0.08984375 0.6796875 0.0375 0.028125
0 0.525 0.746875 0.0625 0.0234375
0 0.784375 0.65859375 0.04375 0.0203125
0 0.74453125 0.69296875 0.04375 0.01875
0 0.58984375 0.91796875 0.059375 0.0265625
0 0.6828125 0.95 0.059375 0.028125
0 0.76875 0.80625 0.0375 0.0203125
0 0.8296875 0.12578125 0.059375 0.0171875
0 0.69296875 0.16015625 0.0484375 0.025
0 0.9796875 0.1796875 0.040625 0.021875
0 0.3671875 0.15703125 0.065625 0.0203125
0 0.0734375 0.12890625 0.06875 0.021875
0 0.41875 0.43203125 0.0625 0.021875
0 0.2484375 0.51640625 0.040625 0.01875
0 0.4765625 0.50234375 0.059375 0.0203125
0 0.01328125 0.63203125 0.0265625 0.0234375
0 0.68671875 0.86640625 0.059375 0.021875
0 0.40859375 0.1171875 0.071875 0.01875
0 0.68046875 0.78671875 0.046875 0.021875
0 0.29375 0.81015625 0.05 0.021875
0 0.27421875 0.88828125 0.05 0.021875
0 0.59296875 0.9515625 0.065625 0.025