0 0.209375 0.03203125 0.06875 0.021875
0 0.24140625 0.071875 0.075 0.0203125
0 0.95546875 0.14140625 0.0578125 0.025
0 0.89609375 0.103125 0.0625 0.021875
0 0.64140625 0.090625 0.09375 0.01875
0 0.4390625 0.184375 0.0765625 0.021875
0 0.41484375 0.146875 0.0625 0.028125
0 0.3109375 0.2 0.0484375 0.0265625
0 0.78671875 0.20625 0.0484375 0.028125
0 0.96640625 0.04609375 0.0671875 0.028125
0 0.940625 0.29765625 0.078125 0.021875
0 0.7328125 0.41875 0.0703125 0.0265625
0 0.80859375 0.465625 0.04375 0.0375
0 0.68125 0.46875 0.075 0.0296875
0 0.1625 0.5296875 0.0640625 0.0328125
0 0.45078125 0.54765625 0.078125 0.0328125
0 0.6109375 0.59609375 0.0703125 0.021875
0 0.953125 0.60078125 0.0375 0.034375
0 0.87578125 0.60390625 0.0390625 0.0375
0 0.684375 0.6765625 0.071875 0.03125
0 0.559375 0.6609375 0.078125 0.028125
0 0.47265625 0.621875 0.059375 0.0265625
0 0.3921875 0.6453125 0.046875 0.034375
0 0.71484375 0.72890625 0.0625 0.03125
0 0.66875 0.75078125 0.053125 0.028125
0 0.6953125 0.8046875 0.090625 0.03125
0 0.65 0.8109375 0.053125 0.03125
0 0.58515625 0.82265625 0.04375 0.028125
0 0.41015625 0.8546875 0.071875 0.01875
0 0.3296875 0.83125 0.075 0.0203125
0 0.52421875 0.91015625 0.0296875 0.03125
0 0.440625 0.91484375 0.03125 0.03125
0 0.11171875 0.75546875 0.0390625 0.034375
0 0.4484375 0.76640625 0.0484375 0.028125
0 0.07109375 0.49140625 0.053125 0.021875
0 0.59609375 0.46015625 0.0640625 0.0203125
0 0.0984375 0.23984375 0.0453125 0.01875
0 0.3265625 0.09296875 0.06875 0.0203125
0 0.2578125 0.96171875 0.0625 0.0234375
0 0.0828125 0.93203125 0.075 0.021875