0 0.16328125 0.06640625 0.10703125 0.028125
0 0.43046875 0.07578125 0.07109375 0.02265625
0 0.43125 0.06328125 0.0890625 0.0203125
0 0.321875 0.13828125 0.053125 0.01953125
0 0.4953125 0.16796875 0.0546875 0.02578125
0 0.67109375 0.19921875 0.04921875 0.02265625
0 0.596875 0.228125 0.0671875 0.03203125
0 0.46328125 0.21953125 0.0578125 0.0234375
0 0.31640625 0.21484375 0.04921875 0.0296875
0 0.228125 0.20859375 0.04453125 0.02734375
0 0.33671875 0.2015625 0.0625 0.02578125
0 0.26640625 0.26328125 0.06015625 0.02421875
0 0.3640625 0.27578125 0.05078125 0.0203125
0 0.971875 0.1890625 0.05625 0.02265625
0 0.66953125 0.32265625 0.0375 0.025
0 0.7875 0.28203125 0.0453125 0.02734375
0 0.51953125 0.3671875 0.05546875 0.0265625
0 0.38203125 0.4359375 0.07421875 0.02109375
0 0.68984375 0.56328125 0.0578125 0.0234375
0 0.65234375 0.4671875 0.0546875 0.02265625
0 0.22578125 0.5921875 0.06796875 0.01484375
0 0.03359375 0.60625 0.046875 0.0234375
0 0.203125 0.70390625 0.0453125 0.02265625
0 0.065625 0.734375 0.04921875 0.0328125
0 0.2828125 0.77578125 0.06328125 0.01953125
0 0.4734375 0.83203125 0.07578125 0.02421875
0 0.4671875 0.809375 0.065625 0.02578125
0 0.6765625 0.728125 0.0578125 0.02734375
0 0.7484375 0.771875 0.07421875 0.02109375
0 0.38984375 0.821875 0.059375 0.01953125
0 0.4171875 0.83515625 0.0578125 0.02265625
0 0.23984375 0.8421875 0.06796875 0.021875
0 0.290625 0.8859375 0.05078125 0.03203125
0 0.3125 0.95078125 0.07265625 0.02109375
0 0.77421875 0.89296875 0.053125 0.02421875
0 0.8734375 0.8484375 0.08125 0.0234375
0 0.1625 0.8015625 0.07421875 0.02890625