0 0.76484375 0.115625 0.05625 0.03125
0 0.90703125 0.10859375 0.0515625 0.02578125
0 0.36015625 0.0390625 0.0515625 0.02734375
0 0.4875 0.0890625 0.0625 0.02421875
0 0.09296875 0.11328125 0.0671875 0.0234375
0 0.11875 0.16015625 0.05546875 0.0328125
0 0.415625 0.240625 0.05078125 0.02734375
0 0.503125 0.21953125 0.11328125 0.0359375
0 0.80078125 0.22578125 0.0421875 0.02578125
0 0.1453125 0.3375 0.05703125 0.03515625
0 0.20703125 0.43125 0.07890625 0.034375
0 0.26953125 0.50390625 0.05234375 0.0296875
0 0.540625 0.303125 0.04765625 0.0453125
0 0.628125 0.32578125 0.05234375 0.02890625
0 0.7765625 0.5015625 0.04453125 0.04140625
0 0.6953125 0.578125 0.03984375 0.04375
0 0.36484375 0.5515625 0.06953125 0.02421875
0 0.06328125 0.5203125 0.0578125 0.03359375
0 0.2546875 0.640625 0.05859375 0.02265625
0 0.1703125 0.71171875 0.05703125 0.0265625
0 0.63515625 0.90703125 0.05234375 0.028125
0 0.95546875 0.709375 0.0890625 0.0453125
0 0.8078125 0.61640625 0.05390625 0.0265625
0 0.328125 0.81953125 0.07578125 0.03671875
0 0.18828125 0.7953125 0.096875 0.03984375
0 0.5046875 0.06640625 0.0515625 0.0234375
0 0.29765625 0.16328125 0.040625 0.03359375
0 0.93359375 0.328125 0.04609375 0.03671875