0 0.97578125 0.7421875 0.0234375 0.08125
0 0.91875 0.46015625 0.01875 0.071875
0 0.953125 0.06796875 0.015625 0.08125
0 0.8484375 0.73359375 0.028125 0.065625
0 0.7640625 0.8671875 0.0234375 0.08125
0 0.78203125 0.92109375 0.0265625 0.05
0 0.86015625 0.48125 0.0171875 0.071875
0 0.765625 0.57265625 0.021875 0.059375
0 0.909375 0.040625 0.025 0.065625
0 0.9828125 0.16328125 0.015625 0.0734375
0 0.7125 0.475 0.021875 0.0875
0 0.71171875 0.81484375 0.0265625 0.0609375
0 0.75859375 0.15078125 0.025 0.0953125
0 0.5609375 0.884375 0.025 0.090625
0 0.53828125 0.734375 0.0203125 0.08125
0 0.578125 0.27578125 0.034375 0.034375
0 0.39609375 0.94765625 0.034375 0.0421875
0 0.45234375 0.9078125 0.0375 0.05
0 0.39140625 0.51328125 0.0234375 0.075
0 0.4171875 0.52421875 0.0203125 0.071875
0 0.35078125 0.53828125 0.0171875 0.059375
0 0.33046875 0.48671875 0.0328125 0.059375
0 0.3328125 0.76015625 0.021875 0.059375
0 0.25390625 0.690625 0.0265625 0.05
0 0.27265625 0.69296875 0.0234375 0.0640625
0 0.2875 0.571875 0.021875 0.06875
0 0.5296875 0.20390625 0.03125 0.0625
0 0.5046875 0.528125 0.03125 0.040625
0 0.18203125 0.6515625 0.021875 0.0625
0 0.209375 0.65546875 0.0125 0.0625
0 0.1671875 0.71796875 0.028125 0.04375
0 0.17109375 0.53515625 0.021875 0.0796875
0 0.265625 0.46796875 0.025 0.0640625
0 0.16640625 0.1953125 0.0234375 0.06875
0 0.20625 0.1296875 0.025 0.0453125
0 0.27890625 0.18046875 0.0234375 0.06875
0 0.3015625 0.14765625 0.03125 0.053125
0 0.1578125 0.34296875 0.0265625 0.08125
0 0.1171875 0.8390625 0.021875 0.08125
0 0.07890625 0.46953125 0.025 0.0453125
0 0.915625 0.5046875 0.01875 0.059375
0 0.83671875 0.8484375 0.01875 0.05625
0 0.80703125 0.33046875 0.0234375 0.0625
0 0.80625 0.26015625 0.021875 0.084375
0 0.215625 0.31484375 0.01875 0.05625