0 0.99140625 0.84375 0.0171875 0.0765625
0 0.965625 0.49140625 0.021875 0.0734375
0 0.95390625 0.33671875 0.01875 0.053125
0 0.9421875 0.8375 0.021875 0.08125
0 0.93046875 0.96640625 0.0234375 0.0671875
0 0.88515625 0.846875 0.0203125 0.06875
0 0.89296875 0.66640625 0.01875 0.075
0 0.859375 0.73671875 0.0171875 0.0609375
0 0.76484375 0.68515625 0.028125 0.0578125
0 0.78671875 0.57734375 0.0125 0.0515625
0 0.81484375 0.41953125 0.015625 0.075
0 0.83984375 0.303125 0.01875 0.046875
0 0.78671875 0.159375 0.01875 0.059375
0 0.80390625 0.1328125 0.021875 0.0515625
0 0.6046875 0.78203125 0.03125 0.04375
0 0.6515625 0.653125 0.0234375 0.0375
0 0.565625 0.971875 0.034375 0.040625
0 0.490625 0.73125 0.01875 0.065625
0 0.51171875 0.571875 0.03125 0.05
0 0.43125 0.4203125 0.015625 0.06875
0 0.40234375 0.60625 0.021875 0.0796875
0 0.39453125 0.78046875 0.0234375 0.06875
0 0.58828125 0.240625 0.021875 0.05
0 0.32578125 0.515625 0.0265625 0.046875
0 0.32890625 0.22109375 0.03125 0.059375
0 0.32578125 0.8890625 0.015625 0.046875
0 0.28359375 0.8953125 0.03125 0.0390625
0 0.19609375 0.865625 0.03125 0.0375
0 0.2109375 0.94375 0.021875 0.05
0 0.2375 0.2875 0.021875 0.053125
0 0.121875 0.39765625 0.0296875 0.0640625
0 0.10078125 0.56015625 0.0234375 0.0265625
0 0.1265625 0.83046875 0.028125 0.05625
0 0.0359375 0.96171875 0.025 0.05
0 0.04140625 0.69609375 0.015625 0.0578125
0 0.01875 0.05234375 0.0234375 0.046875
0 0.2234375 0.7171875 0.01875 0.0484375