0 0.04140625 0.94296875 0.021875 0.090625
0 0.12265625 0.66328125 0.01875 0.0703125
0 0.18046875 0.68203125 0.0234375 0.071875
0 0.20546875 0.97578125 0.0328125 0.0484375
0 0.1671875 0.12578125 0.028125 0.075
0 0.16171875 0.2390625 0.025 0.078125
0 0.13359375 0.2578125 0.01875 0.0671875
0 0.1640625 0.375 0.01875 0.05
0 0.2109375 0.09921875 0.021875 0.05625
0 0.29609375 0.16640625 0.021875 0.046875
0 0.2453125 0.83828125 0.021875 0.05
0 0.5015625 0.51171875 0.021875 0.05
0 0.41484375 0.5765625 0.025 0.053125
0 0.49921875 0.74765625 0.01875 0.059375
0 0.50390625 0.96875 0.025 0.05
0 0.49765625 0.94921875 0.021875 0.0625
0 0.5875 0.60078125 0.0265625 0.053125
0 0.615625 0.646875 0.021875 0.06875
0 0.5171875 0.23125 0.01875 0.05
0 0.59453125 0.90234375 0.034375 0.04375
0 0.57578125 0.25390625 0.01875 0.046875
0 0.575 0.15390625 0.025 0.05
0 0.615625 0.05234375 0.01875 0.05625
0 0.76796875 0.37890625 0.021875 0.05
0 0.678125 0.89140625 0.028125 0.05625
0 0.74609375 0.86953125 0.025 0.0640625
0 0.79375 0.5796875 0.025 0.0546875
0 0.8609375 0.4375 0.0375 0.034375
0 0.83046875 0.52578125 0.01875 0.0625
0 0.8953125 0.625 0.0296875 0.084375
0 0.86328125 0.63828125 0.025 0.065625
0 0.821875 0.93515625 0.0234375 0.059375
0 0.83515625 0.81015625 0.0234375 0.059375
0 0.91875 0.528125 0.021875 0.075
0 0.93359375 0.62265625 0.025 0.0703125
0 0.92890625 0.7953125 0.025 0.0625
0 0.125 0.5859375 0.021875 0.0875
0 0.378125 0.059375 0.03125 0.034375
0 0.80546875 0.2703125 0.03125 0.0625