0 0.05078125 0.059375 0.021875 0.078125
0 0.0140625 0.60625 0.025 0.0625
0 0.06015625 0.76328125 0.03125 0.0375
0 0.05546875 0.79140625 0.021875 0.075
0 0.21015625 0.0390625 0.0328125 0.05
0 0.33984375 0.14921875 0.040625 0.06875
0 0.42421875 0.05625 0.025 0.05625
0 0.425 0.078125 0.0203125 0.059375
0 0.32734375 0.43359375 0.021875 0.0453125
0 0.23515625 0.5140625 0.03125 0.04375
0 0.309375 0.66328125 0.025 0.0578125
0 0.23984375 0.9140625 0.01875 0.05
0 0.10078125 0.2453125 0.01875 0.059375
0 0.15078125 0.82109375 0.015625 0.05
0 0.13359375 0.7109375 0.015625 0.04375
0 0.47421875 0.90625 0.025 0.0296875
0 0.5015625 0.77265625 0.01875 0.059375
0 0.52265625 0.653125 0.028125 0.0453125
0 0.5 0.26328125 0.01875 0.0484375
0 0.54453125 0.1421875 0.015625 0.059375
0 0.58984375 0.62421875 0.0203125 0.0625
0 0.73984375 0.971875 0.021875 0.05625
0 0.71796875 0.9359375 0.03125 0.028125
0 0.78359375 0.6375 0.025 0.0375
0 0.728125 0.54140625 0.01875 0.04375
0 0.76328125 0.38828125 0.021875 0.053125
0 0.74375 0.38203125 0.021875 0.0625
0 0.81484375 0.359375 0.021875 0.059375
0 0.78203125 0.26640625 0.01875 0.05625
0 0.75703125 0.22109375 0.0203125 0.0640625
0 0.83359375 0.5375 0.021875 0.0640625
0 0.80546875 0.70859375 0.01875 0.053125
0 0.8125 0.86796875 0.0171875 0.0625
0 0.9453125 0.44375 0.03125 0.053125
0 0.93671875 0.46328125 0.021875 0.065625
0 0.89453125 0.2375 0.0203125 0.046875
0 0.890625 0.20625 0.021875 0.0734375
0 0.953125 0.8828125 0.0171875 0.075
0 0.8796875 0.79609375 0.0171875 0.0515625
0 0.95390625 0.23671875 0.0125 0.065625
0 0.946875 0.0890625 0.01875 0.071875
0 0.63828125 0.94453125 0.028125 0.0484375
0 0.6359375 0.8390625 0.028125 0.059375
0 0.41953125 0.97265625 0.015625 0.0375
0 0.3796875 0.98046875 0.015625 0.0375