2 0.16640625 0.196875 0.028125 0.08125
2 0.17890625 0.35 0.015625 0.090625
2 0.1546875 0.50234375 0.028125 0.05625
2 0.390625 0.2234375 0.021875 0.075
2 0.24296875 0.553125 0.025 0.05625
2 0.35546875 0.64609375 0.025 0.08125
2 0.41328125 0.58046875 0.021875 0.053125
2 0.41171875 0.4546875 0.03125 0.0359375
2 0.4203125 0.39140625 0.021875 0.065625
2 0.3484375 0.46640625 0.03125 0.065625
2 0.4703125 0.7109375 0.028125 0.1265625
2 0.5296875 0.86640625 0.03125 0.0578125
2 0.571875 0.8734375 0.025 0.05625
2 0.4921875 0.771875 0.0171875 0.059375
2 0.52109375 0.8375 0.025 0.0484375
2 0.67578125 0.94453125 0.021875 0.071875
2 0.66875 0.71640625 0.028125 0.053125
2 0.79609375 0.72109375 0.0375 0.0578125
2 0.82890625 0.66484375 0.025 0.05625
2 0.80546875 0.65234375 0.025 0.0421875
2 0.85 0.43046875 0.028125 0.0703125
2 0.86484375 0.10703125 0.021875 0.09375
2 0.9078125 0.321875 0.01875 0.0609375
2 0.90625 0.1484375 0.015625 0.06875
2 0.91015625 0.2203125 0.0171875 0.059375
2 0.890625 0.12734375 0.025 0.0625
2 0.86484375 0.7734375 0.01875 0.0375
2 0.83359375 0.840625 0.021875 0.04375
2 0.21015625 0.625 0.025 0.059375
2 0.2671875 0.7546875 0.0265625 0.0625