2 0.09765625 0.0421875 0.04921875 0.025
2 0.14453125 0.0359375 0.04375 0.01796875
2 0.4609375 0.03828125 0.07578125 0.021875
2 0.83984375 0.1171875 0.05859375 0.01640625
2 0.6109375 0.134375 0.071875 0.025
2 0.36015625 0.1109375 0.046875 0.021875
2 0.05234375 0.1546875 0.0546875 0.015625
2 0.08515625 0.12890625 0.03984375 0.03125
2 0.3796875 0.084375 0.0546875 0.01640625
2 0.07578125 0.22578125 0.03203125 0.0328125
2 0.1421875 0.2296875 0.04296875 0.0265625
2 0.72890625 0.19765625 0.0546875 0.02421875
2 0.70703125 0.23515625 0.04765625 0.02265625
2 0.82734375 0.28671875 0.0359375 0.0375
2 0.57421875 0.26875 0.06015625 0.01953125
2 0.72890625 0.2953125 0.06484375 0.01484375
2 0.890625 0.225 0.05078125 0.021875
2 0.34140625 0.3640625 0.03828125 0.021875
2 0.06796875 0.42421875 0.0265625 0.01796875
2 0.16015625 0.62890625 0.0203125 0.02734375
2 0.10546875 0.56171875 0.0375 0.03046875
2 0.18828125 0.69375 0.03359375 0.021875
2 0.534375 0.6390625 0.04921875 0.0125
2 0.49453125 0.625 0.0625 0.01796875
2 0.0578125 0.7 0.04140625 0.02421875
2 0.2765625 0.81171875 0.0625 0.02265625
2 0.559375 0.8328125 0.07421875 0.02109375
2 0.67109375 0.84375 0.04765625 0.0171875
2 0.70078125 0.8640625 0.03828125 0.0328125
2 0.20859375 0.86015625 0.0515625 0.01171875
2 0.0875 0.78671875 0.0375 0.03359375
2 0.1015625 0.7671875 0.03828125 0.015625
2 0.8609375 0.34453125 0.04296875 0.0171875
2 0.4 0.14609375 0.04921875 0.0171875
2 0.2609375 0.1203125 0.03125 0.025
2 0.79609375 0.20703125 0.05625 0.01796875
2 0.26328125 0.24765625 0.03828125 0.028125