0 0.89921875 0.0921875 0.071875 0.034375
0 0.63125 0.13046875 0.0484375 0.0296875
0 0.45859375 0.090625 0.040625 0.021875
0 0.61953125 0.0921875 0.028125 0.025
0 0.5875 0.11171875 0.028125 0.0140625
0 0.3453125 0.134375 0.03125 0.025
0 0.24296875 0.1015625 0.04375 0.021875
0 0.1671875 0.071875 0.05 0.01875
0 0.92890625 0.18203125 0.05 0.0203125
0 0.440625 0.2296875 0.059375 0.0234375
0 0.54765625 0.27890625 0.04375 0.0234375
0 0.3015625 0.38984375 0.040625 0.034375
0 0.671875 0.41015625 0.05 0.0234375
0 0.73359375 0.4890625 0.05 0.025
0 0.71015625 0.50625 0.05 0.03125
0 0.653125 0.5875 0.0421875 0.03125
0 0.696875 0.6515625 0.075 0.021875
0 0.89296875 0.65390625 0.075 0.028125
0 0.7609375 0.71015625 0.05 0.034375
0 0.54609375 0.51484375 0.05625 0.03125
0 0.209375 0.64296875 0.040625 0.0484375
0 0.15390625 0.61484375 0.05625 0.03125
0 0.34140625 0.71796875 0.046875 0.028125
0 0.28984375 0.79609375 0.059375 0.015625
0 0.2 0.7703125 0.04375 0.028125
0 0.2703125 0.88515625 0.053125 0.025
0 0.5828125 0.834375 0.0625 0.034375
0 0.92890625 0.84609375 0.053125 0.0203125
0 0.84609375 0.93515625 0.0625 0.025
0 0.76953125 0.8953125 0.0328125 0.0234375
0 0.7125 0.90390625 0.065625 0.028125
0 0.26171875 0.95078125 0.05 0.040625
0 0.140625 0.68984375 0.034375 0.025
0 0.2265625 0.58125 0.053125 0.0453125
0 0.0953125 0.12890625 0.0453125 0.0234375
0 0.06953125 0.13828125 0.0265625 0.025
0 0.06484375 0.2078125 0.03125 0.028125
0 0.0140625 0.221875 0.021875 0.0375
0 0.65 0.95859375 0.05625 0.025
0 0.1484375 0.89296875 0.0421875 0.025
0 0.065625 0.68515625 0.046875 0.025
0 0.01171875 0.27109375 0.0234375 0.0328125