2 0.32265625 0.978125 0.03125 0.04375
2 0.25546875 0.85625 0.034375 0.040625
2 0.1546875 0.7875 0.034375 0.05
2 0.140625 0.7828125 0.0265625 0.0484375
2 0.16171875 0.696875 0.028125 0.03125
2 0.21796875 0.49375 0.01875 0.06875
2 0.2609375 0.18515625 0.009375 0.046875
2 0.175 0.44609375 0.021875 0.05
2 0.16953125 0.2265625 0.01875 0.0765625
2 0.14765625 0.0703125 0.025 0.04375
2 0.10390625 0.3046875 0.0203125 0.040625
2 0.109375 0.2765625 0.03125 0.053125
2 0.075 0.1390625 0.021875 0.065625
2 0.07421875 0.4609375 0.021875 0.059375
2 0.09609375 0.6078125 0.015625 0.0484375
2 0.084375 0.88203125 0.0203125 0.065625
2 0.08046875 0.84140625 0.0125 0.053125
2 0.5015625 0.83125 0.025 0.084375
2 0.53984375 0.928125 0.046875 0.0296875
2 0.5265625 0.93046875 0.046875 0.0375
2 0.528125 0.93515625 0.0125 0.05625
2 0.5671875 0.84609375 0.0203125 0.046875
2 0.54609375 0.7671875 0.028125 0.03125
2 0.65 0.84453125 0.03125 0.040625
2 0.7265625 0.56953125 0.0328125 0.05
2 0.75 0.88046875 0.028125 0.05
2 0.75390625 0.840625 0.0203125 0.046875
2 0.8390625 0.76328125 0.0359375 0.0375
2 0.8578125 0.6640625 0.015625 0.0671875
2 0.78828125 0.734375 0.021875 0.05625
2 0.76953125 0.75 0.015625 0.065625
2 0.81484375 0.45234375 0.025 0.028125
2 0.8375 0.4078125 0.015625 0.0625
2 0.75078125 0.5078125 0.021875 0.0328125
2 0.85546875 0.18359375 0.021875 0.046875
2 0.79140625 0.1703125 0.01875 0.0375
2 0.728125 0.4046875 0.0125 0.065625
2 0.35390625 0.86796875 0.028125 0.0375
2 0.24140625 0.30234375 0.028125 0.028125