0 0.2890625 0.09921875 0.06875 0.01953125
0 0.6203125 0.19453125 0.04375 0.02265625
0 0.69765625 0.19765625 0.02734375 0.03203125
0 0.290625 0.1796875 0.0484375 0.0265625
0 0.16875 0.20859375 0.053125 0.02109375
0 0.0578125 0.153125 0.05703125 0.02109375
0 0.625 0.27109375 0.0203125 0.02890625
0 0.86875 0.20859375 0.0640625 0.0265625
0 0.83359375 0.13203125 0.05703125 0.02421875
0 0.69140625 0.13515625 0.05546875 0.01796875
0 0.94140625 0.26796875 0.01796875 0.02578125
0 0.3671875 0.35078125 0.059375 0.02734375
0 0.5328125 0.44296875 0.0234375 0.02734375
0 0.64296875 0.47890625 0.0421875 0.0265625
0 0.92265625 0.46015625 0.034375 0.0359375
0 0.39375 0.57890625 0.05390625 0.0140625
0 0.2703125 0.5859375 0.05390625 0.0203125
0 0.15 0.56015625 0.0609375 0.01875
0 0.096875 0.5828125 0.0609375 0.02109375
0 0.15546875 0.590625 0.04921875 0.01953125
0 0.2234375 0.68125 0.0484375 0.01640625
0 0.55 0.6984375 0.0421875 0.02109375
0 0.24140625 0.7328125 0.04609375 0.02265625
0 0.034375 0.7578125 0.06875 0.0171875
0 0.465625 0.75703125 0.05078125 0.0140625
0 0.503125 0.771875 0.04921875 0.021875
0 0.809375 0.77578125 0.0328125 0.028125
0 0.2203125 0.82421875 0.06328125 0.0203125
0 0.23828125 0.8671875 0.03671875 0.0265625
0 0.14140625 0.8859375 0.06328125 0.01640625
0 0.16875 0.89609375 0.05234375 0.0234375
0 0.584375 0.85234375 0.06640625 0.01953125
0 0.4453125 0.84453125 0.065625 0.01875
0 0.55546875 0.80234375 0.0734375 0.01796875
0 0.72109375 0.87109375 0.05078125 0.01875
0 0.47109375 0.96015625 0.0359375 0.0359375
0 0.20859375 0.0109375 0.0734375 0.021875