0 0.34296875 0.1109375 0.05625 0.0375
0 0.48984375 0.0859375 0.0453125 0.034375
0 0.44296875 0.0125 0.0734375 0.0125
0 0.83125 0.109375 0.059375 0.021875
0 0.78203125 0.0921875 0.053125 0.04375
0 0.8765625 0.14921875 0.028125 0.025
0 0.9296875 0.19921875 0.03125 0.0234375
0 0.86015625 0.1859375 0.034375 0.025
0 0.7921875 0.20078125 0.0390625 0.03125
0 0.7296875 0.2421875 0.0515625 0.03125
0 0.9515625 0.11328125 0.0625 0.021875
0 0.48203125 0.2265625 0.05 0.04375
0 0.10390625 0.28125 0.0515625 0.028125
0 0.0421875 0.2515625 0.053125 0.03125
0 0.0359375 0.18515625 0.040625 0.028125
0 0.03828125 0.09921875 0.034375 0.0234375
0 0.36953125 0.07421875 0.0546875 0.025
0 0.31953125 0.16796875 0.05625 0.028125
0 0.5984375 0.38203125 0.0546875 0.03125
0 0.7921875 0.35859375 0.103125 0.034375
0 0.54609375 0.43515625 0.059375 0.034375
0 0.15859375 0.40390625 0.0609375 0.034375
0 0.42734375 0.56953125 0.06875 0.028125
0 0.74140625 0.490625 0.04375 0.028125
0 0.7109375 0.5125 0.0671875 0.0328125
0 0.6640625 0.63046875 0.05 0.021875
0 0.74296875 0.6078125 0.05 0.021875
0 0.81796875 0.6953125 0.053125 0.025
0 0.78125 0.6625 0.0390625 0.025
0 0.5375 0.73125 0.04375 0.0203125
0 0.50859375 0.71015625 0.053125 0.028125
0 0.14609375 0.74609375 0.0125 0.021875
0 0.04609375 0.725 0.0296875 0.0265625
0 0.290625 0.9515625 0.0359375 0.025
0 0.6828125 0.7890625 0.05625 0.0296875
0 0.85078125 0.83359375 0.040625 0.040625