0 0.9 0.68515625 0.021875 0.053125
0 0.92578125 0.59921875 0.01875 0.046875
0 0.91015625 0.39296875 0.01875 0.06875
0 0.984375 0.23671875 0.021875 0.0609375
0 0.90234375 0.1921875 0.01875 0.053125
0 0.89453125 0.3109375 0.01875 0.0546875
0 0.84609375 0.1046875 0.01875 0.0484375
0 0.83203125 0.1609375 0.025 0.0625
0 0.73671875 0.20078125 0.01875 0.040625
0 0.86796875 0.425 0.021875 0.0515625
0 0.81171875 0.6625 0.028125 0.040625
0 0.83984375 0.73828125 0.025 0.040625
0 0.696875 0.5421875 0.025 0.0515625
0 0.80625 0.8453125 0.021875 0.05625
0 0.75390625 0.96015625 0.015625 0.05625
0 0.83515625 0.90546875 0.028125 0.0421875
0 0.8828125 0.8515625 0.015625 0.0484375
0 0.878125 0.55390625 0.015625 0.04375
0 0.7296875 0.065625 0.01875 0.0625
0 0.60078125 0.67578125 0.0234375 0.075
0 0.3171875 0.60546875 0.0328125 0.040625
0 0.41484375 0.84296875 0.034375 0.053125
0 0.39296875 0.89609375 0.0375 0.0546875
0 0.41015625 0.86796875 0.0328125 0.05
0 0.54609375 0.1171875 0.0234375 0.05
0 0.4140625 0.321875 0.025 0.0484375
0 0.578125 0.3734375 0.028125 0.053125
0 0.3 0.2109375 0.025 0.046875
0 0.32421875 0.0859375 0.0234375 0.053125
0 0.36640625 0.38984375 0.01875 0.0484375
0 0.3046875 0.98515625 0.034375 0.0296875
0 0.2234375 0.96953125 0.01875 0.0609375
0 0.146875 0.86640625 0.0234375 0.0625
0 0.18828125 0.84453125 0.01875 0.05625
0 0.2125 0.6171875 0.0234375 0.05625
0 0.13515625 0.79375 0.01875 0.0828125
0 0.17890625 0.6015625 0.021875 0.053125
0 0.165625 0.434375 0.025 0.078125
0 0.09296875 0.77421875 0.03125 0.034375
0 0.05390625 0.1015625 0.0265625 0.0625
0 0.0734375 0.840625 0.0328125 0.0609375
0 0.8859375 0.77890625 0.028125 0.078125
0 0.94765625 0.75859375 0.028125 0.05625
0 0.22109375 0.50390625 0.025 0.06875
0 0.78515625 0.26875 0.01875 0.065625
0 0.0640625 0.29765625 0.03125 0.065625