0 0.33203125 0.01171875 0.09375 0.0234375
0 0.08046875 0.01875 0.1 0.028125
0 0.27421875 0.07109375 0.06875 0.021875
0 0.5453125 0.10625 0.1 0.0234375
0 0.59375 0.12578125 0.084375 0.0265625
0 0.4625 0.08984375 0.0625 0.0265625
0 0.153125 0.16953125 0.06875 0.01875
0 0.29296875 0.13828125 0.0390625 0.0265625
0 0.49453125 0.240625 0.0375 0.028125
0 0.3515625 0.1453125 0.053125 0.0375
0 0.96328125 0.12734375 0.06875 0.015625
0 0.4796875 0.26015625 0.053125 0.01875
0 0.8796875 0.18359375 0.075 0.03125
0 0.58046875 0.20859375 0.06875 0.03125
0 0.5203125 0.1640625 0.0640625 0.0375
0 0.9625 0.29609375 0.05625 0.034375
0 0.35078125 0.3484375 0.05625 0.034375
0 0.36328125 0.48515625 0.059375 0.03125
0 0.77890625 0.38046875 0.0734375 0.028125
0 0.60390625 0.71171875 0.0765625 0.0296875
0 0.84453125 0.665625 0.0625 0.028125
0 0.6921875 0.68828125 0.05625 0.025
0 0.39140625 0.521875 0.075 0.03125
0 0.40546875 0.58828125 0.04375 0.025
0 0.15234375 0.62265625 0.0609375 0.021875
0 0.3984375 0.5734375 0.0359375 0.021875
0 0.26484375 0.65078125 0.04375 0.021875
0 0.16484375 0.70625 0.0671875 0.03125
0 0.02265625 0.7234375 0.0453125 0.01875
0 0.109375 0.81171875 0.084375 0.028125
0 0.08828125 0.82890625 0.053125 0.025
0 0.03125 0.846875 0.0546875 0.015625
0 0.34453125 0.76484375 0.0421875 0.021875
0 0.38046875 0.78671875 0.040625 0.025
0 0.51953125 0.81796875 0.040625 0.021875
0 0.4953125 0.78515625 0.0375 0.015625
0 0.4453125 0.8125 0.040625 0.01875
0 0.4140625 0.86953125 0.046875 0.0203125
0 0.3328125 0.89375 0.034375 0.021875
0 0.246875 0.93125 0.046875 0.01875
0 0.253125 0.9171875 0.046875 0.015625
0 0.23046875 0.90234375 0.0453125 0.0203125
0 0.43359375 0.84921875 0.04375 0.0125
0 0.3421875 0.91171875 0.05 0.009375
0 0.64375 0.87890625 0.059375 0.0234375
0 0.553125 0.9 0.034375 0.021875
0 0.74765625 0.9109375 0.0578125 0.0328125
0 0.825 0.78125 0.053125 0.028125
0 0.79765625 0.7484375 0.034375 0.0234375
0 0.71015625 0.828125 0.0765625 0.03125
0 0.68359375 0.8078125 0.0515625 0.025
0 0.9609375 0.7140625 0.05 0.0328125
0 0.971875 0.8109375 0.0375 0.0296875
0 0.475 0.64609375 0.059375 0.0296875
0 0.971875 0.26953125 0.034375 0.0265625
0 0.89140625 0.5328125 0.0859375 0.0359375