2 0.83984375 0.03671875 0.0875 0.0375
2 0.89453125 0.0359375 0.09375 0.03125
2 0.94921875 0.04453125 0.065625 0.03125
2 0.90546875 0.07890625 0.05625 0.021875
2 0.59375 0.09140625 0.0546875 0.021875
2 0.32109375 0.11328125 0.05 0.034375
2 0.30546875 0.1640625 0.08125 0.021875
2 0.9296875 0.14765625 0.05625 0.025
2 0.503125 0.37421875 0.0625 0.0390625
2 0.07890625 0.2859375 0.059375 0.03125
2 0.134375 0.32109375 0.05625 0.0453125
2 0.8578125 0.48984375 0.03125 0.028125
2 0.83984375 0.4921875 0.046875 0.0375
2 0.8703125 0.57421875 0.0375 0.0296875
2 0.92890625 0.634375 0.0515625 0.034375
2 0.52265625 0.60625 0.059375 0.0375
2 0.51953125 0.6375 0.05 0.03125
2 0.60234375 0.6515625 0.059375 0.028125
2 0.70859375 0.58828125 0.0578125 0.034375
2 0.59375 0.69921875 0.05625 0.0375
2 0.18359375 0.7359375 0.0625 0.0296875
2 0.3796875 0.83515625 0.059375 0.0359375
2 0.12109375 0.821875 0.0671875 0.028125
2 0.06875 0.846875 0.0640625 0.025
2 0.7390625 0.915625 0.06875 0.03125
2 0.9078125 0.91953125 0.059375 0.0296875
2 0.54296875 0.4203125 0.059375 0.028125