0 0.959375 0.31015625 0.0375 0.0859375
0 0.9203125 0.078125 0.0453125 0.1125
0 0.89921875 0.26015625 0.046875 0.1
0 0.88046875 0.2875 0.025 0.078125
0 0.88984375 0.46875 0.021875 0.0546875
0 0.94140625 0.78359375 0.0234375 0.0765625
0 0.90859375 0.7046875 0.025 0.084375
0 0.878125 0.74296875 0.03125 0.05
0 0.88359375 0.8234375 0.025 0.0890625
0 0.78671875 0.596875 0.03125 0.075
0 0.72421875 0.19609375 0.0265625 0.05625
0 0.63515625 0.44453125 0.034375 0.0421875
0 0.65546875 0.61484375 0.021875 0.04375
0 0.76796875 0.77734375 0.040625 0.0734375
0 0.675 0.96171875 0.0265625 0.059375
0 0.65390625 0.984375 0.0234375 0.03125
0 0.7015625 0.68984375 0.028125 0.0375
0 0.58046875 0.35390625 0.028125 0.053125
0 0.596875 0.96875 0.025 0.0484375
0 0.50390625 0.33984375 0.025 0.06875
0 0.4234375 0.171875 0.025 0.084375
0 0.4515625 0.59765625 0.028125 0.059375
0 0.45234375 0.97109375 0.028125 0.053125
0 0.371875 0.659375 0.021875 0.065625
0 0.32890625 0.7921875 0.03125 0.0546875
0 0.21875 0.7921875 0.025 0.0515625
0 0.33125 0.71171875 0.021875 0.0625
0 0.33828125 0.38984375 0.0296875 0.059375
0 0.4140625 0.03046875 0.025 0.059375
0 0.33046875 0.246875 0.015625 0.0375
0 0.2265625 0.25625 0.028125 0.0734375
0 0.2171875 0.72109375 0.021875 0.071875
0 0.21171875 0.9234375 0.021875 0.05
0 0.1765625 0.77421875 0.0328125 0.0546875
0 0.1625 0.8546875 0.025 0.046875
0 0.16875 0.93125 0.028125 0.06875
0 0.1015625 0.4421875 0.025 0.05625
0 0.11953125 0.9328125 0.0296875 0.065625
0 0.128125 0.503125 0.0265625 0.0734375
0 0.178125 0.47578125 0.03125 0.075
0 0.0921875 0.30859375 0.028125 0.046875
0 0.04296875 0.92265625 0.01875 0.065625
0 0.0296875 0.771875 0.025 0.090625
0 0.0328125 0.56484375 0.025 0.05625
0 0.15078125 0.70078125 0.0171875 0.05
0 0.19296875 0.57578125 0.034375 0.075
0 0.84296875 0.31171875 0.01875 0.0671875
0 0.8109375 0.24375 0.0203125 0.065625
0 0.85234375 0.21171875 0.015625 0.078125
0 0.9828125 0.3484375 0.021875 0.075
0 0.28671875 0.38671875 0.0296875 0.065625