0 0.196875 0.015625 0.0796875 0.03125
0 0.63828125 0.08359375 0.084375 0.025
0 0.34140625 0.15234375 0.078125 0.021875
0 0.23515625 0.13359375 0.059375 0.025
0 0.078125 0.3171875 0.059375 0.0296875
0 0.9609375 0.121875 0.06875 0.021875
0 0.728125 0.12734375 0.0625 0.0328125
0 0.16015625 0.1984375 0.04375 0.034375
0 0.33671875 0.203125 0.0640625 0.0375
0 0.39140625 0.384375 0.0515625 0.034375
0 0.259375 0.371875 0.06875 0.0484375
0 0.6875 0.22109375 0.0859375 0.0375
0 0.49296875 0.0328125 0.05 0.0375
0 0.18515625 0.05546875 0.053125 0.025
0 0.659375 0.35546875 0.0796875 0.028125
0 0.91875 0.46015625 0.078125 0.01875
0 0.95703125 0.5125 0.0859375 0.0203125
0 0.5703125 0.50078125 0.05 0.028125
0 0.1484375 0.4703125 0.0515625 0.03125
0 0.4125 0.5890625 0.0515625 0.03125
0 0.49765625 0.77734375 0.059375 0.025
0 0.3078125 0.78046875 0.059375 0.03125
0 0.4765625 0.815625 0.053125 0.028125
0 0.415625 0.81796875 0.03125 0.021875
0 0.4671875 0.61875 0.0703125 0.025
0 0.653125 0.65625 0.0625 0.03125
0 0.20078125 0.5484375 0.05625 0.025
0 0.4390625 0.38984375 0.0578125 0.034375
0 0.89296875 0.5734375 0.0625 0.03125
0 0.90703125 0.61171875 0.071875 0.03125
0 0.709375 0.703125 0.059375 0.0234375
0 0.79140625 0.81875 0.0625 0.025
0 0.4828125 0.70390625 0.075 0.028125
0 0.8671875 0.87265625 0.06875 0.025
0 0.6171875 0.91015625 0.071875 0.025
0 0.715625 0.86015625 0.0625 0.025
0 0.16953125 0.87421875 0.06875 0.028125
0 0.2515625 0.8984375 0.04375 0.025
0 0.20390625 0.84921875 0.059375 0.028125
0 0.62890625 0.74140625 0.04375 0.021875
0 0.49765625 0.8515625 0.059375 0.025
0 0.178125 0.7796875 0.0359375 0.034375
0 0.946875 0.28984375 0.065625 0.0234375
0 0.2078125 0.69375 0.065625 0.025
0 0.92421875 0.05703125 0.0484375 0.028125
0 0.96953125 0.03828125 0.05625 0.028125
0 0.896875 0.27265625 0.0578125 0.025