2 0.790625 0.0890625 0.078125 0.02734375
2 0.7875 0.12734375 0.07734375 0.02109375
2 0.64375 0.16484375 0.06796875 0.021875
2 0.596875 0.14765625 0.08515625 0.021875
2 0.6703125 0.08515625 0.059375 0.01796875
2 0.825 0.1703125 0.053125 0.02890625
2 0.4609375 0.16875 0.0609375 0.02109375
2 0.50703125 0.1875 0.04375 0.025
2 0.234375 0.121875 0.04453125 0.0203125
2 0.2296875 0.1609375 0.0375 0.02109375
2 0.15078125 0.14140625 0.05078125 0.0296875
2 0.18828125 0.1390625 0.04453125 0.021875
2 0.2890625 0.08984375 0.078125 0.03359375
2 0.2578125 0.2875 0.078125 0.03125
2 0.31640625 0.26015625 0.04765625 0.03828125
2 0.1328125 0.3390625 0.06640625 0.03828125
2 0.0515625 0.3015625 0.034375 0.0234375
2 0.0515625 0.3921875 0.06328125 0.034375
2 0.11640625 0.44921875 0.0453125 0.04140625
2 0.23984375 0.48125 0.09140625 0.0328125
2 0.2609375 0.42890625 0.0765625 0.02265625
2 0.2984375 0.52265625 0.046875 0.03359375
2 0.225 0.571875 0.096875 0.03203125
2 0.11640625 0.55703125 0.06484375 0.02265625
2 0.36796875 0.55703125 0.08203125 0.03203125
2 0.5203125 0.5921875 0.05859375 0.025
2 0.60078125 0.584375 0.03515625 0.02265625
2 0.73359375 0.640625 0.07421875 0.02265625
2 0.17421875 0.759375 0.1109375 0.028125
2 0.53125 0.83671875 0.0609375 0.03125
2 0.89375 0.8296875 0.05859375 0.028125