2 0.5453125 0.08203125 0.05625 0.021875
2 0.64375 0.11953125 0.0765625 0.02265625
2 0.91640625 0.12578125 0.0703125 0.02578125
2 0.93515625 0.09765625 0.09453125 0.028125
2 0.81328125 0.18203125 0.07265625 0.02890625
2 0.690625 0.16953125 0.08125 0.01796875
2 0.6515625 0.2234375 0.10234375 0.0234375
2 0.4140625 0.15390625 0.05078125 0.02578125
2 0.384375 0.09140625 0.06796875 0.0265625
2 0.3515625 0.03984375 0.05625 0.03671875
2 0.26875 0.0609375 0.05 0.0234375
2 0.096875 0.03984375 0.07421875 0.0296875
2 0.11953125 0.12890625 0.0671875 0.03203125
2 0.04921875 0.20234375 0.07890625 0.0421875
2 0.4046875 0.3203125 0.07421875 0.03046875
2 0.425 0.375 0.06015625 0.028125
2 0.51171875 0.3796875 0.0921875 0.02734375
2 0.28671875 0.43359375 0.11171875 0.0375
2 0.2109375 0.434375 0.0375 0.028125
2 0.2671875 0.47890625 0.07109375 0.0359375
2 0.13671875 0.48359375 0.0609375 0.03828125
2 0.06015625 0.48125 0.0484375 0.03125
2 0.35859375 0.67421875 0.06640625 0.02421875
2 0.53046875 0.65 0.065625 0.02578125
2 0.4390625 0.83359375 0.07734375 0.040625
2 0.46015625 0.809375 0.053125 0.015625
2 0.55234375 0.80703125 0.08671875 0.02421875
2 0.69140625 0.809375 0.02578125 0.021875
2 0.8578125 0.8328125 0.07421875 0.02734375
2 0.2078125 0.8078125 0.06171875 0.0328125
2 0.1328125 0.60546875 0.0546875 0.04375
2 0.915625 0.7078125 0.10859375 0.0203125
2 0.89453125 0.68046875 0.0671875 0.0328125
2 0.60234375 0.59296875 0.04765625 0.025