0 0.52421875 0.13515625 0.06796875 0.01953125
0 0.79765625 0.09609375 0.05234375 0.01796875
0 0.38125 0.33984375 0.0515625 0.02578125
0 0.040625 0.33125 0.06328125 0.025
0 0.79609375 0.03515625 0.0421875 0.01796875
0 0.40625 0.140625 0.05859375 0.02421875
0 0.10234375 0.1796875 0.075 0.0234375
0 0.4734375 0.61484375 0.05390625 0.03359375
0 0.3015625 0.89765625 0.05234375 0.0328125
0 0.52421875 0.80859375 0.05625 0.0234375
0 0.2546875 0.91328125 0.0828125 0.01875
0 0.44921875 0.7515625 0.05234375 0.02109375
0 0.30859375 0.95703125 0.05390625 0.02421875
0 0.13515625 0.83125 0.05625 0.03125
0 0.7578125 0.8078125 0.0484375 0.0296875
0 0.88046875 0.17890625 0.090625 0.0265625
0 0.90625 0.3984375 0.0796875 0.02734375
0 0.77265625 0.759375 0.075 0.02109375
0 0.0453125 0.36640625 0.03359375 0.02578125
0 0.81328125 0.64921875 0.04375 0.0328125
0 0.38203125 0.8671875 0.05390625 0.02421875
0 0.38046875 0.1796875 0.0609375 0.01796875
0 0.27421875 0.67734375 0.0515625 0.03125
0 0.2109375 0.15390625 0.07421875 0.025
0 0.74921875 0.8859375 0.06015625 0.0265625
0 0.7546875 0.6859375 0.0453125 0.028125
0 0.92578125 0.15546875 0.06875 0.01640625
0 0.5640625 0.121875 0.04609375 0.025
0 0.6640625 0.540625 0.03671875 0.0296875
0 0.79921875 0.2484375 0.08125 0.021875
0 0.971875 0.234375 0.05625 0.02109375
0 0.3640625 0.45 0.053125 0.0265625
0 0.54140625 0.51953125 0.04921875 0.0359375
0 0.3796875 0.98125 0.0546875 0.028125
0 0.02421875 0.0734375 0.0484375 0.0140625
0 0.05625 0.0609375 0.06640625 0.021875
0 0.19375 0.06015625 0.0421875 0.0234375
0 0.228125 0.840625 0.0625 0.025
0 0.66328125 0.06953125 0.05703125 0.02421875
0 0.1703125 0.0375 0.05390625 0.02734375
0 0.4515625 0.89296875 0.05546875 0.0171875
0 0.32890625 0.0171875 0.0625 0.0203125
0 0.02578125 0.38515625 0.04609375 0.02421875
0 0.1859375 0.42421875 0.05 0.021875
0 0.684375 0.334375 0.0515625 0.021875
0 0.09375 0.70390625 0.04921875 0.02421875
0 0.0234375 0.73515625 0.04296875 0.03203125
0 0.31875 0.675 0.0390625 0.03046875
0 0.19609375 0.65234375 0.046875 0.02890625
0 0.2046875 0.9359375 0.0625 0.03203125
0 0.09453125 0.85 0.05546875 0.02421875