2 0.7078125 0.09375 0.075 0.01875
2 0.81796875 0.10546875 0.0625 0.0328125
2 0.94453125 0.28125 0.0546875 0.03125
2 0.415625 0.11171875 0.0625 0.0203125
2 0.38515625 0.08984375 0.059375 0.021875
2 0.396875 0.096875 0.078125 0.0140625
2 0.1328125 0.11640625 0.0546875 0.01875
2 0.40078125 0.18359375 0.0640625 0.021875
2 0.36796875 0.16015625 0.065625 0.0203125
2 0.740625 0.1828125 0.0375 0.0296875
2 0.5828125 0.16953125 0.053125 0.03125
2 0.91796875 0.259375 0.040625 0.0375
2 0.65078125 0.4203125 0.05625 0.025
2 0.9265625 0.446875 0.053125 0.025
2 0.92578125 0.56328125 0.0359375 0.0375
2 0.89921875 0.55078125 0.028125 0.040625
2 0.8640625 0.53203125 0.0296875 0.028125
2 0.8203125 0.51328125 0.0703125 0.028125
2 0.8265625 0.484375 0.059375 0.025
2 0.31484375 0.5046875 0.040625 0.028125
2 0.59453125 0.58671875 0.0296875 0.034375
2 0.7640625 0.53359375 0.0421875 0.025
2 0.6078125 0.44609375 0.05 0.028125
2 0.821875 0.59453125 0.0296875 0.040625
2 0.8609375 0.6328125 0.034375 0.03125
2 0.90859375 0.75234375 0.0296875 0.0296875
2 0.77265625 0.8078125 0.053125 0.021875
2 0.615625 0.771875 0.04375 0.0234375
2 0.5671875 0.80546875 0.053125 0.025
2 0.1671875 0.8609375 0.06875 0.015625
2 0.103125 0.87109375 0.065625 0.0171875
2 0.82890625 0.86015625 0.046875 0.01875
2 0.6265625 0.86484375 0.065625 0.021875
2 0.19140625 0.7625 0.0359375 0.025
2 0.078125 0.6203125 0.05 0.03125
2 0.39453125 0.55234375 0.04375 0.025