0 0.97734375 0.5828125 0.021875 0.075
0 0.97265625 0.35625 0.0328125 0.0640625
0 0.95859375 0.140625 0.0375 0.06875
0 0.85546875 0.1453125 0.01875 0.065625
0 0.84765625 0.390625 0.025 0.0703125
0 0.87421875 0.53984375 0.025 0.078125
0 0.85703125 0.603125 0.021875 0.084375
0 0.9265625 0.340625 0.021875 0.071875
0 0.91796875 0.2078125 0.021875 0.084375
0 0.803125 0.09765625 0.021875 0.046875
0 0.7359375 0.0828125 0.028125 0.05625
0 0.7296875 0.16640625 0.0265625 0.0609375
0 0.6890625 0.41328125 0.03125 0.046875
0 0.7328125 0.6125 0.021875 0.053125
0 0.7015625 0.70703125 0.01875 0.05
0 0.66796875 0.81171875 0.03125 0.046875
0 0.665625 0.85703125 0.025 0.04375
0 0.57265625 0.59453125 0.028125 0.04375
0 0.54765625 0.01484375 0.034375 0.0296875
0 0.3578125 0.365625 0.034375 0.0609375
0 0.31875 0.659375 0.034375 0.0328125
0 0.35078125 0.80703125 0.034375 0.0328125
0 0.44765625 0.72421875 0.021875 0.0640625
0 0.4296875 0.7796875 0.01875 0.0734375
0 0.240625 0.325 0.0328125 0.0640625
0 0.134375 0.1796875 0.021875 0.059375
0 0.2015625 0.08125 0.015625 0.0515625
0 0.153125 0.3265625 0.03125 0.0328125
0 0.1640625 0.378125 0.01875 0.0625
0 0.30625 0.65234375 0.025 0.059375
0 0.3109375 0.9453125 0.028125 0.071875
0 0.16953125 0.14140625 0.015625 0.053125
0 0.11328125 0.059375 0.0203125 0.078125
0 0.03984375 0.09453125 0.028125 0.0515625
0 0.053125 0.28828125 0.015625 0.0703125
0 0.0359375 0.36875 0.021875 0.06875
0 0.02734375 0.43359375 0.025 0.040625
0 0.1125 0.7921875 0.0234375 0.0625
0 0.2359375 0.675 0.01875 0.059375
0 0.1953125 0.94765625 0.021875 0.046875
0 0.165625 0.8953125 0.015625 0.065625
0 0.35 0.88359375 0.01875 0.059375