2 0.9046875 0.4375 0.025 0.059375
2 0.8671875 0.046875 0.03125 0.028125
2 0.953125 0.8546875 0.0359375 0.1125
2 0.9015625 0.828125 0.025 0.05625
2 0.84765625 0.94140625 0.0375 0.0671875
2 0.7171875 0.909375 0.034375 0.0453125
2 0.72890625 0.96640625 0.03125 0.034375
2 0.71171875 0.4546875 0.028125 0.0796875
2 0.40859375 0.50703125 0.028125 0.05
2 0.46484375 0.4328125 0.0375 0.034375
2 0.62421875 0.51015625 0.025 0.059375
2 0.56796875 0.54140625 0.04375 0.046875
2 0.38359375 0.78046875 0.034375 0.065625
2 0.3546875 0.740625 0.03125 0.06875
2 0.4375 0.91953125 0.0265625 0.053125
2 0.35703125 0.521875 0.021875 0.05625
2 0.32578125 0.590625 0.03125 0.0390625
2 0.2828125 0.44609375 0.028125 0.040625
2 0.25390625 0.24921875 0.028125 0.05
2 0.2953125 0.0921875 0.0296875 0.053125
2 0.15703125 0.21640625 0.0234375 0.078125
2 0.16015625 0.34140625 0.0375 0.05
2 0.14296875 0.31875 0.025 0.05625
2 0.30078125 0.78125 0.03125 0.0375
2 0.334375 0.9265625 0.0265625 0.034375
2 0.184375 0.91875 0.0296875 0.05625
2 0.240625 0.5765625 0.0234375 0.05625
2 0.22890625 0.6890625 0.021875 0.05
2 0.2078125 0.6203125 0.025 0.0375