0 0.97890625 0.76875 0.025 0.1046875
0 0.95234375 0.1703125 0.028125 0.0625
0 0.96796875 0.24296875 0.01875 0.1
0 0.934375 0.175 0.028125 0.075
0 0.884375 0.3640625 0.0234375 0.0671875
0 0.878125 0.62421875 0.034375 0.071875
0 0.8125 0.61640625 0.025 0.0796875
0 0.82578125 0.37734375 0.03125 0.0671875
0 0.85703125 0.55 0.034375 0.0546875
0 0.77578125 0.40234375 0.0375 0.053125
0 0.7859375 0.2359375 0.0328125 0.08125
0 0.6890625 0.92734375 0.0375 0.08125
0 0.61171875 0.51171875 0.028125 0.0625
0 0.7328125 0.64921875 0.0328125 0.0703125
0 0.73515625 0.025 0.0375 0.05
0 0.64765625 0.3734375 0.0328125 0.1
0 0.58125 0.88984375 0.028125 0.08125
0 0.56171875 0.94921875 0.0375 0.053125
0 0.5078125 0.646875 0.03125 0.075
0 0.40546875 0.42109375 0.0375 0.103125
0 0.309375 0.03515625 0.0453125 0.0703125
0 0.30703125 0.76015625 0.028125 0.059375
0 0.3515625 0.73125 0.034375 0.0875
0 0.2953125 0.71484375 0.0296875 0.046875
0 0.23203125 0.55546875 0.034375 0.046875
0 0.30234375 0.56640625 0.040625 0.0515625
0 0.17109375 0.153125 0.0234375 0.06875
0 0.20546875 0.203125 0.025 0.05
0 0.1734375 0.38203125 0.040625 0.065625
0 0.1734375 0.23203125 0.028125 0.078125
0 0.27890625 0.234375 0.034375 0.071875
0 0.14140625 0.45625 0.0171875 0.08125
0 0.2296875 0.27109375 0.0390625 0.075
0 0.1734375 0.74453125 0.0453125 0.090625
0 0.1140625 0.62109375 0.0375 0.0625
0 0.115625 0.8078125 0.0375 0.0625
0 0.1984375 0.7875 0.0375 0.0546875
0 0.18828125 0.0453125 0.0328125 0.0875
0 0.48671875 0.890625 0.021875 0.04375
0 0.421875 0.88359375 0.028125 0.059375
0 0.0953125 0.13671875 0.0234375 0.0625
0 0.04140625 0.22109375 0.021875 0.06875
0 0.10390625 0.3515625 0.0296875 0.05625
0 0.40390625 0.34375 0.05 0.1
0 0.1765625 0.60625 0.021875 0.05
0 0.0796875 0.88984375 0.0296875 0.059375
0 0.03671875 0.559375 0.03125 0.0546875
0 0.22890625 0.87265625 0.01875 0.0609375