2 0.740625 0.83359375 0.05703125 0.021875
2 0.925 0.83203125 0.05546875 0.0125
2 0.6140625 0.76796875 0.05703125 0.025
2 0.61328125 0.82734375 0.05703125 0.0109375
2 0.5453125 0.825 0.0578125 0.02578125
2 0.46015625 0.82265625 0.04765625 0.01328125
2 0.29921875 0.7765625 0.0453125 0.021875
2 0.12578125 0.80078125 0.034375 0.015625
2 0.221875 0.68828125 0.059375 0.0265625
2 0.62578125 0.66640625 0.0734375 0.02265625
2 0.38359375 0.6609375 0.08203125 0.021875
2 0.25625 0.58359375 0.05390625 0.0234375
2 0.2 0.55625 0.04140625 0.02265625
2 0.8953125 0.61796875 0.04921875 0.0203125
2 0.91015625 0.75625 0.05546875 0.0234375
2 0.0984375 0.54921875 0.0375 0.015625
2 0.14375 0.5109375 0.05234375 0.0234375
2 0.33515625 0.50546875 0.03671875 0.02265625
2 0.08671875 0.48203125 0.04453125 0.01796875
2 0.08203125 0.29140625 0.03125 0.02265625
2 0.1703125 0.2953125 0.03828125 0.02109375
2 0.05703125 0.24140625 0.03828125 0.02890625
2 0.1390625 0.2421875 0.02578125 0.021875
2 0.50078125 0.1984375 0.04140625 0.01875
2 0.21171875 0.153125 0.01875 0.01484375
2 0.32109375 0.16796875 0.04609375 0.0171875
2 0.12734375 0.11796875 0.04609375 0.01640625
2 0.0734375 0.159375 0.03125 0.0234375
2 0.1359375 0.2140625 0.040625 0.01640625
2 0.50625 0.0859375 0.06796875 0.0109375
2 0.60234375 0.128125 0.03984375 0.01796875
2 0.690625 0.12109375 0.04296875 0.01875
2 0.8875 0.14296875 0.06328125 0.01953125
2 0.95390625 0.13515625 0.03203125 0.01796875
2 0.93359375 0.17890625 0.0765625 0.021875
2 0.296875 0.2671875 0.02890625 0.025
2 0.5953125 0.3578125 0.059375 0.034375