0 0.94765625 0.421875 0.021875 0.071875
0 0.9453125 0.53515625 0.015625 0.071875
0 0.97890625 0.6734375 0.015625 0.053125
0 0.92421875 0.06796875 0.0234375 0.046875
0 0.86875 0.4546875 0.021875 0.0453125
0 0.90390625 0.87578125 0.021875 0.0484375
0 0.9203125 0.96484375 0.0234375 0.06875
0 0.8484375 0.78125 0.025 0.0515625
0 0.7984375 0.290625 0.025 0.09375
0 0.79765625 0.18046875 0.034375 0.0390625
0 0.74765625 0.140625 0.01875 0.0640625
0 0.740625 0.365625 0.0265625 0.0828125
0 0.6859375 0.64609375 0.04375 0.078125
0 0.69609375 0.56015625 0.0265625 0.0625
0 0.73359375 0.86796875 0.021875 0.0765625
0 0.71015625 0.9796875 0.025 0.040625
0 0.8140625 0.596875 0.040625 0.0625
0 0.64609375 0.34609375 0.025 0.084375
0 0.6234375 0.05078125 0.034375 0.078125
0 0.565625 0.4328125 0.03125 0.0546875
0 0.52109375 0.60546875 0.01875 0.059375
0 0.47890625 0.778125 0.028125 0.071875
0 0.39609375 0.796875 0.028125 0.0703125
0 0.4265625 0.76953125 0.01875 0.059375
0 0.4234375 0.396875 0.0328125 0.08125
0 0.45859375 0.10625 0.015625 0.0890625
0 0.3796875 0.3421875 0.0125 0.0328125
0 0.2859375 0.41484375 0.0296875 0.046875
0 0.28203125 0.2015625 0.0265625 0.075
0 0.340625 0.8546875 0.021875 0.0515625
0 0.24140625 0.8875 0.015625 0.06875
0 0.26328125 0.8609375 0.0265625 0.0375
0 0.23828125 0.75 0.034375 0.053125
0 0.20390625 0.44921875 0.021875 0.04375
0 0.21171875 0.3421875 0.01875 0.0703125
0 0.18828125 0.378125 0.021875 0.034375
0 0.196875 0.2171875 0.025 0.05625
0 0.11640625 0.246875 0.028125 0.0625
0 0.07109375 0.4796875 0.028125 0.059375
0 0.1 0.6734375 0.0265625 0.059375
0 0.103125 0.6171875 0.021875 0.034375
0 0.15 0.6609375 0.021875 0.071875
0 0.15625 0.74140625 0.0171875 0.05
0 0.14765625 0.60234375 0.0171875 0.0640625
0 0.16171875 0.59375 0.01875 0.053125
0 0.06328125 0.04765625 0.0265625 0.04375
0 0.03515625 0.09140625 0.0390625 0.075