2 0.1390625 0.03359375 0.0484375 0.0328125
2 0.5515625 0.10234375 0.06875 0.01875
2 0.6546875 0.1453125 0.059375 0.0234375
2 0.49765625 0.1921875 0.0859375 0.021875
2 0.63359375 0.3046875 0.0453125 0.0171875
2 0.6796875 0.27265625 0.04375 0.01875
2 0.94375 0.32578125 0.046875 0.028125
2 0.0296875 0.153125 0.053125 0.0375
2 0.04921875 0.11953125 0.05 0.021875
2 0.04921875 0.3140625 0.0484375 0.034375
2 0.065625 0.096875 0.05625 0.021875
2 0.53046875 0.375 0.0390625 0.03125
2 0.86953125 0.35859375 0.0578125 0.015625
2 0.196875 0.5171875 0.05625 0.028125
2 0.04921875 0.5 0.04375 0.0296875
2 0.30390625 0.61015625 0.0390625 0.021875
2 0.7953125 0.62890625 0.0375 0.0375
2 0.23046875 0.65546875 0.0609375 0.021875
2 0.075 0.66796875 0.05625 0.0265625
2 0.30859375 0.7203125 0.065625 0.03125
2 0.3234375 0.68984375 0.078125 0.021875
2 0.08125 0.93515625 0.0859375 0.021875
2 0.86875 0.8703125 0.0484375 0.01875
2 0.09140625 0.31484375 0.053125 0.0265625
2 0.1671875 0.6765625 0.04375 0.0171875
2 0.1265625 0.5421875 0.040625 0.0328125
2 0.7546875 0.56796875 0.075 0.015625
2 0.82578125 0.08984375 0.0703125 0.0234375
2 0.9265625 0.16875 0.0875 0.0234375