0 0.9515625 0.82578125 0.034375 0.0734375
0 0.96953125 0.65 0.025 0.0875
0 0.99375 0.2734375 0.0125 0.071875
0 0.94765625 0.21640625 0.025 0.078125
0 0.90546875 0.12265625 0.0328125 0.078125
0 0.88984375 0.06796875 0.028125 0.090625
0 0.84140625 0.34609375 0.0296875 0.0875
0 0.90625 0.3125 0.0328125 0.0921875
0 0.884375 0.35234375 0.025 0.078125
0 0.728125 0.65234375 0.0453125 0.0765625
0 0.7671875 0.5984375 0.04375 0.071875
0 0.7390625 0.56796875 0.040625 0.0859375
0 0.54296875 0.2125 0.034375 0.090625
0 0.5203125 0.475 0.0359375 0.0796875
0 0.52265625 0.22734375 0.034375 0.115625
0 0.528125 0.79453125 0.040625 0.0796875
0 0.3296875 0.80859375 0.028125 0.06875
0 0.3421875 0.95078125 0.0390625 0.059375
0 0.31875 0.2234375 0.0375 0.075
0 0.33359375 0.2609375 0.025 0.059375
0 0.25625 0.059375 0.025 0.075
0 0.271875 0.31328125 0.028125 0.0765625
0 0.31953125 0.04296875 0.04375 0.0859375
0 0.21953125 0.5296875 0.0375 0.090625
0 0.165625 0.3484375 0.03125 0.08125
0 0.1984375 0.39921875 0.040625 0.06875
0 0.234375 0.40078125 0.0203125 0.0625
0 0.17578125 0.04921875 0.021875 0.0328125
0 0.11640625 0.65703125 0.025 0.059375
0 0.09375 0.7078125 0.025 0.059375
0 0.05078125 0.10625 0.03125 0.05
0 0.9453125 0.02890625 0.0453125 0.046875
0 0.0921875 0.7765625 0.0359375 0.071875
0 0.0921875 0.56640625 0.0296875 0.0625
0 0.2015625 0.7328125 0.040625 0.0765625
0 0.26328125 0.80625 0.034375 0.0640625