0 0.596875 0.034375 0.06640625 0.03046875
0 0.646875 0.09609375 0.0859375 0.05234375
0 0.3390625 0.0765625 0.06171875 0.04140625
0 0.2578125 0.17109375 0.0546875 0.0328125
0 0.49453125 0.20625 0.08046875 0.0375
0 0.4015625 0.13359375 0.08359375 0.0265625
0 0.91953125 0.21953125 0.05859375 0.03515625
0 0.8109375 0.2234375 0.06328125 0.02890625
0 0.75703125 0.24140625 0.0875 0.02578125
0 0.52109375 0.23671875 0.09609375 0.02890625
0 0.50859375 0.2875 0.0703125 0.0359375
0 0.3671875 0.26640625 0.04453125 0.0296875
0 0.0515625 0.228125 0.071875 0.02890625
0 0.7796875 0.3640625 0.06015625 0.0375
0 0.7375 0.5296875 0.0578125 0.04609375
0 0.81640625 0.4765625 0.05859375 0.03671875
0 0.621875 0.5078125 0.09375 0.034375
0 0.36640625 0.50546875 0.06796875 0.03125
0 0.0578125 0.43203125 0.071875 0.034375
0 0.03203125 0.40703125 0.0640625 0.0421875
0 0.5375 0.58828125 0.06484375 0.0328125
0 0.43203125 0.60078125 0.0765625 0.0265625
0 0.35234375 0.6703125 0.075 0.03125
0 0.159375 0.64296875 0.0859375 0.0359375
0 0.384375 0.72265625 0.06171875 0.034375
0 0.50234375 0.77734375 0.0734375 0.04140625
0 0.64921875 0.74375 0.0703125 0.03359375
0 0.36640625 0.7734375 0.1046875 0.03515625
0 0.24375 0.81796875 0.08203125 0.0265625
0 0.240625 0.86484375 0.0703125 0.02890625
0 0.3 0.88671875 0.06171875 0.0328125
0 0.3875 0.91953125 0.05 0.02734375
0 0.428125 0.95078125 0.05859375 0.0296875
0 0.25390625 0.746875 0.07890625 0.0328125