0 0.3296875 0.11171875 0.03984375 0.01875
0 0.81171875 0.05390625 0.0421875 0.03046875
0 0.96171875 0.05 0.0203125 0.0265625
0 0.76875 0.15078125 0.06171875 0.021875
0 0.828125 0.22578125 0.03359375 0.034375
0 0.0703125 0.14140625 0.06953125 0.02421875
0 0.10546875 0.1109375 0.053125 0.0203125
0 0.55546875 0.1203125 0.05859375 0.0375
0 0.50859375 0.23359375 0.08046875 0.021875
0 0.68671875 0.315625 0.08515625 0.0265625
0 0.4 0.32890625 0.05859375 0.025
0 0.91171875 0.34609375 0.05859375 0.0234375
0 0.0515625 0.4265625 0.03515625 0.03359375
0 0.125 0.4234375 0.06328125 0.0265625
0 0.26015625 0.49921875 0.05625 0.028125
0 0.15390625 0.53984375 0.06171875 0.025
0 0.675 0.5953125 0.06328125 0.04765625
0 0.69375 0.55625 0.1015625 0.02578125
0 0.75234375 0.49921875 0.078125 0.02734375
0 0.25859375 0.6796875 0.04921875 0.04140625
0 0.21328125 0.7765625 0.05625 0.0359375
0 0.0578125 0.83046875 0.04296875 0.0328125
0 0.2828125 0.87890625 0.059375 0.0359375
0 0.3578125 0.89609375 0.04453125 0.0125
0 0.43828125 0.92578125 0.06484375 0.021875
0 0.60703125 0.83828125 0.065625 0.034375
0 0.384375 0.7375 0.06328125 0.01484375
0 0.3671875 0.53828125 0.05 0.03125
0 0.55 0.7765625 0.053125 0.0296875