0 0.2671875 0.0609375 0.059375 0.0234375
0 0.5109375 0.07109375 0.05546875 0.025
0 0.62890625 0.01171875 0.0640625 0.01953125
0 0.81640625 0.07578125 0.05234375 0.021875
0 0.97421875 0.03046875 0.0515625 0.01328125
0 0.86328125 0.12109375 0.06015625 0.01953125
0 0.61328125 0.11484375 0.059375 0.01484375
0 0.19609375 0.140625 0.046875 0.01484375
0 0.3046875 0.13125 0.0640625 0.01796875
0 0.53671875 0.140625 0.0671875 0.0109375
0 0.38515625 0.1125 0.06640625 0.01328125
0 0.46171875 0.16328125 0.053125 0.01953125
0 0.23828125 0.215625 0.059375 0.0234375
0 0.29921875 0.225 0.04609375 0.0265625
0 0.44453125 0.246875 0.05 0.0203125
0 0.77734375 0.19140625 0.059375 0.01875
0 0.821875 0.26953125 0.06484375 0.01328125
0 0.86875 0.29140625 0.0375 0.02421875
0 0.97109375 0.28671875 0.0234375 0.0296875
0 0.58359375 0.328125 0.05234375 0.02578125
0 0.39375 0.33046875 0.04609375 0.01484375
0 0.3265625 0.35 0.0484375 0.02421875
0 0.725 0.3703125 0.0390625 0.0140625
0 0.77109375 0.46015625 0.05546875 0.0171875
0 0.64453125 0.60625 0.0484375 0.02578125
0 0.45 0.57578125 0.0546875 0.0234375
0 0.125 0.5359375 0.0484375 0.0171875
0 0.38515625 0.675 0.03984375 0.02109375
0 0.48359375 0.64921875 0.0328125 0.01875
0 0.4390625 0.62890625 0.0578125 0.01328125
0 0.58828125 0.603125 0.046875 0.0203125
0 0.75 0.63203125 0.04453125 0.0171875
0 0.7921875 0.634375 0.034375 0.02578125
0 0.94765625 0.640625 0.0234375 0.0234375
0 0.19921875 0.68515625 0.04140625 0.028125
0 0.12734375 0.71015625 0.06640625 0.0171875
0 0.5140625 0.6921875 0.03984375 0.0203125
0 0.5046875 0.7359375 0.0484375 0.0234375
0 0.553125 0.7609375 0.046875 0.015625
0 0.1921875 0.77578125 0.0640625 0.0171875
0 0.1765625 0.7578125 0.06015625 0.0171875
0 0.3234375 0.80546875 0.053125 0.0171875
0 0.81953125 0.7171875 0.06875 0.01953125
0 0.70390625 0.85078125 0.06171875 0.01796875
0 0.675 0.8890625 0.06171875 0.0265625
0 0.24375 0.87890625 0.0546875 0.02734375
0 0.19296875 0.8578125 0.07421875 0.02421875
0 0.6015625 0.90625 0.04140625 0.02109375