0 0.309375 0.0671875 0.0828125 0.01796875
0 0.4171875 0.0078125 0.06171875 0.01484375
0 0.6671875 0.0125 0.07578125 0.025
0 0.96796875 0.0328125 0.0640625 0.01953125
0 0.83828125 0.075 0.03359375 0.025
0 0.8796875 0.12109375 0.07421875 0.025
0 0.5765625 0.1375 0.06328125 0.0203125
0 0.60625 0.1140625 0.05859375 0.025
0 0.6765625 0.1328125 0.06328125 0.02421875
0 0.3296875 0.125 0.06171875 0.01484375
0 0.4796875 0.159375 0.06015625 0.0171875
0 0.47265625 0.14921875 0.053125 0.01953125
0 0.2265625 0.153125 0.0484375 0.02109375
0 0.22890625 0.215625 0.053125 0.0265625
0 0.30546875 0.221875 0.04140625 0.01875
0 0.428125 0.2546875 0.05078125 0.025
0 0.7984375 0.196875 0.0625 0.02734375
0 0.84296875 0.278125 0.04375 0.02890625
0 0.97421875 0.28515625 0.034375 0.0390625
0 0.58671875 0.33046875 0.0390625 0.0359375
0 0.40625 0.3375 0.046875 0.021875
0 0.33671875 0.35078125 0.05703125 0.028125
0 0.73125 0.37109375 0.0421875 0.0171875
0 0.12109375 0.53515625 0.0625 0.01953125
0 0.41328125 0.621875 0.053125 0.01875
0 0.4796875 0.6515625 0.03515625 0.02421875
0 0.3890625 0.67890625 0.03984375 0.01953125
0 0.5015625 0.6890625 0.0390625 0.02265625
0 0.18984375 0.684375 0.04453125 0.02109375
0 0.10703125 0.71484375 0.06015625 0.01875
0 0.63359375 0.61640625 0.04140625 0.03125
0 0.7546875 0.63671875 0.05546875 0.0203125
0 0.19453125 0.7734375 0.06484375 0.01171875
0 0.196875 0.7609375 0.05078125 0.0234375
0 0.3078125 0.80390625 0.06015625 0.0140625
0 0.57890625 0.7578125 0.05 0.0171875
0 0.48984375 0.74609375 0.0625 0.015625
0 0.80703125 0.7859375 0.0421875 0.02578125
0 0.91953125 0.79609375 0.053125 0.02421875
0 0.83359375 0.84296875 0.0671875 0.0296875
0 0.9140625 0.84375 0.0546875 0.0265625
0 0.6484375 0.88828125 0.06640625 0.0171875
0 0.71015625 0.85234375 0.07109375 0.01953125
0 0.1546875 0.8609375 0.06171875 0.01796875
0 0.2109375 0.87890625 0.053125 0.0203125
0 0.22890625 0.83828125 0.07109375 0.0125
0 0.046875 0.890625 0.08359375 0.0171875
0 0.6109375 0.9109375 0.07109375 0.01875