0 0.921875 0.06875 0.08046875 0.034375
0 0.8171875 0.1015625 0.078125 0.0359375
0 0.71640625 0.09765625 0.08046875 0.03203125
0 0.7609375 0.15078125 0.09765625 0.0453125
0 0.85703125 0.18984375 0.0734375 0.040625
0 0.34609375 0.009375 0.0625 0.01796875
0 0.26328125 0.01171875 0.0609375 0.0234375
0 0.26796875 0.05859375 0.0859375 0.02890625
0 0.41484375 0.09921875 0.0578125 0.02421875
0 0.4625 0.1203125 0.08671875 0.021875
0 0.03046875 0.140625 0.06015625 0.03828125
0 0.496875 0.215625 0.06875 0.040625
0 0.4046875 0.2640625 0.078125 0.03359375
0 0.853125 0.2515625 0.0875 0.0296875
0 0.97109375 0.31640625 0.0578125 0.025
0 0.815625 0.35234375 0.06484375 0.03125
0 0.78046875 0.3671875 0.0734375 0.03125
0 0.1828125 0.49375 0.059375 0.02734375
0 0.534375 0.46796875 0.06171875 0.040625
0 0.5859375 0.4328125 0.07421875 0.028125
0 0.60078125 0.4734375 0.0625 0.025
0 0.746875 0.53671875 0.07109375 0.02109375
0 0.8765625 0.5140625 0.06484375 0.02890625
0 0.93046875 0.56953125 0.040625 0.02734375
0 0.6765625 0.565625 0.0578125 0.0234375
0 0.50859375 0.61328125 0.071875 0.034375
0 0.36328125 0.5609375 0.0390625 0.025
0 0.02109375 0.6 0.040625 0.03125
0 0.57109375 0.7375 0.0515625 0.03828125
0 0.809375 0.6984375 0.0640625 0.028125
0 0.74765625 0.7484375 0.06015625 0.0265625
0 0.2625 0.7859375 0.0671875 0.0328125
0 0.328125 0.778125 0.046875 0.02890625
0 0.22421875 0.82265625 0.0765625 0.02421875
0 0.25546875 0.85078125 0.0640625 0.02109375
0 0.56953125 0.82578125 0.046875 0.01953125
0 0.5203125 0.82890625 0.03984375 0.028125
0 0.61171875 0.8515625 0.05234375 0.0203125
0 0.6328125 0.83359375 0.04921875 0.03203125
0 0.83828125 0.80234375 0.0484375 0.02109375
0 0.671875 0.91328125 0.10546875 0.028125
0 0.365625 0.92265625 0.05546875 0.0375
0 0.36015625 0.90234375 0.06171875 0.02421875
0 0.43828125 0.8515625 0.05859375 0.02578125
0 0.20234375 0.9359375 0.05 0.02109375
0 0.01875 0.8609375 0.03671875 0.025
0 0.0296875 0.953125 0.05625 0.02890625