0 0.12890625 0.06953125 0.065625 0.03125
0 0.2421875 0.08125 0.04375 0.0234375
0 0.571875 0.12265625 0.06875 0.021875
0 0.6 0.10546875 0.075 0.0171875
0 0.77734375 0.08828125 0.084375 0.0265625
0 0.49140625 0.10390625 0.0703125 0.028125
0 0.38515625 0.084375 0.040625 0.021875
0 0.12578125 0.11015625 0.08125 0.028125
0 0.03828125 0.140625 0.075 0.0296875
0 0.784375 0.17421875 0.05625 0.03125
0 0.72265625 0.1734375 0.065625 0.0359375
0 0.33359375 0.1296875 0.0578125 0.025
0 0.15703125 0.17421875 0.065625 0.03125
0 0.5390625 0.17109375 0.0578125 0.01875
0 0.63359375 0.24375 0.059375 0.025
0 0.39765625 0.33984375 0.0359375 0.034375
0 0.0265625 0.3578125 0.053125 0.03125
0 0.17890625 0.3875 0.053125 0.025
0 0.65703125 0.20234375 0.0734375 0.021875
0 0.18984375 0.4390625 0.0625 0.025
0 0.61953125 0.61015625 0.0625 0.028125
0 0.76484375 0.4921875 0.06875 0.021875
0 0.2046875 0.56171875 0.05 0.021875
0 0.09609375 0.5171875 0.046875 0.03125
0 0.17578125 0.4875 0.0515625 0.021875
0 0.059375 0.4796875 0.059375 0.0203125
0 0.03046875 0.84375 0.046875 0.0359375
0 0.434375 0.9015625 0.090625 0.03125
0 0.58828125 0.875 0.0578125 0.0265625
0 0.121875 0.95390625 0.05625 0.0390625
0 0.58203125 0.959375 0.065625 0.025
0 0.94765625 0.64609375 0.053125 0.021875
0 0.85078125 0.56875 0.059375 0.021875
0 0.1546875 0.8234375 0.06875 0.021875
0 0.15546875 0.809375 0.0578125 0.021875
0 0.16484375 0.7640625 0.0515625 0.0265625
0 0.58671875 0.69609375 0.046875 0.021875
0 0.75859375 0.64453125 0.046875 0.028125