0 0.04609375 0.29765625 0.025 0.0484375
0 0.01171875 0.29921875 0.0234375 0.0828125
0 0.01015625 0.34765625 0.0203125 0.065625
0 0.09140625 0.4125 0.021875 0.0515625
0 0.1140625 0.503125 0.021875 0.06875
0 0.09921875 0.0265625 0.0265625 0.053125
0 0.1015625 0.83515625 0.03125 0.0625
0 0.096875 0.69921875 0.025 0.071875
0 0.153125 0.775 0.025 0.0703125
0 0.19140625 0.890625 0.03125 0.0875
0 0.07890625 0.96171875 0.021875 0.05625
0 0.22265625 0.5359375 0.028125 0.05625
0 0.22890625 0.61015625 0.04375 0.065625
0 0.26484375 0.38125 0.0328125 0.0609375
0 0.26015625 0.8859375 0.025 0.0578125
0 0.30859375 0.9703125 0.021875 0.059375
0 0.38671875 0.6265625 0.0265625 0.053125
0 0.4578125 0.49453125 0.034375 0.0609375
0 0.475 0.51796875 0.025 0.053125
0 0.46640625 0.59453125 0.025 0.053125
0 0.43125 0.8 0.0296875 0.046875
0 0.3625 0.7734375 0.0265625 0.0453125
0 0.35625 0.8375 0.021875 0.065625
0 0.496875 0.184375 0.03125 0.0484375
0 0.596875 0.03359375 0.03125 0.0484375
0 0.63203125 0.103125 0.0328125 0.05
0 0.59296875 0.35546875 0.0375 0.040625
0 0.60625 0.45859375 0.0265625 0.0609375
0 0.5671875 0.68203125 0.025 0.05625
0 0.73671875 0.60078125 0.025 0.0484375
0 0.70625 0.3328125 0.025 0.075
0 0.671875 0.09375 0.034375 0.06875
0 0.8390625 0.24140625 0.021875 0.0625
0 0.8078125 0.28125 0.03125 0.0453125
0 0.7890625 0.26953125 0.025 0.078125
0 0.846875 0.0296875 0.025 0.059375
0 0.9109375 0.36640625 0.021875 0.071875
0 0.90625 0.28671875 0.0296875 0.05
0 0.9421875 0.575 0.034375 0.0765625
0 0.8171875 0.796875 0.028125 0.0453125
0 0.83359375 0.57578125 0.0328125 0.065625
0 0.8453125 0.62109375 0.025 0.059375