0 0.34765625 0.05390625 0.0703125 0.028125
0 0.11953125 0.05078125 0.05625 0.02578125
0 0.15390625 0.0859375 0.075 0.0234375
0 0.41484375 0.10078125 0.07578125 0.03671875
0 0.54921875 0.1953125 0.06484375 0.0359375
0 0.08125 0.1390625 0.06328125 0.0359375
0 0.10234375 0.17265625 0.09296875 0.04375
0 0.04765625 0.096875 0.05625 0.02578125
0 0.734375 0.190625 0.053125 0.03828125
0 0.72421875 0.14921875 0.04453125 0.03046875
0 0.90859375 0.19140625 0.08125 0.04375
0 0.9046875 0.14140625 0.0625 0.0390625
0 0.66328125 0.309375 0.1015625 0.0484375
0 0.85390625 0.475 0.07890625 0.03828125
0 0.78359375 0.5 0.05625 0.03125
0 0.8625 0.5265625 0.05234375 0.02265625
0 0.93828125 0.6515625 0.04765625 0.04140625
0 0.85859375 0.65078125 0.065625 0.03828125
0 0.7671875 0.59921875 0.04921875 0.03203125
0 0.56875 0.6078125 0.07578125 0.03203125
0 0.56015625 0.64375 0.05234375 0.03203125
0 0.6703125 0.68828125 0.04453125 0.0265625
0 0.7515625 0.71875 0.0609375 0.03828125
0 0.5015625 0.75234375 0.03828125 0.03203125
0 0.4734375 0.6890625 0.03984375 0.0234375
0 0.28125 0.6296875 0.04453125 0.02265625
0 0.2171875 0.60546875 0.04765625 0.025
0 0.37734375 0.590625 0.034375 0.02734375
0 0.253125 0.49453125 0.046875 0.03671875
0 0.071875 0.47578125 0.05078125 0.01953125
0 0.0734375 0.55234375 0.06796875 0.0375
0 0.03515625 0.61171875 0.0703125 0.0328125
0 0.57578125 0.56328125 0.078125 0.0234375
0 0.31328125 0.7734375 0.059375 0.02421875
0 0.17890625 0.77890625 0.065625 0.03359375
0 0.2484375 0.853125 0.0625 0.02890625
0 0.2546875 0.8328125 0.05625 0.02421875
0 0.40078125 0.91171875 0.053125 0.0328125
0 0.49765625 0.91640625 0.06953125 0.025
0 0.6984375 0.91953125 0.0640625 0.025
0 0.60625 0.96796875 0.0765625 0.03984375
0 0.50078125 0.95234375 0.07265625 0.0265625
0 0.134375 0.953125 0.0921875 0.03515625
0 0.33515625 0.84296875 0.05703125 0.0296875
0 0.2453125 0.10859375 0.05859375 0.028125