0 0.90703125 0.059375 0.05625 0.03046875
0 0.2609375 0.0109375 0.096875 0.021875
0 0.25390625 0.06484375 0.0984375 0.02421875
0 0.1 0.109375 0.06171875 0.02265625
0 0.4171875 0.11640625 0.065625 0.02890625
0 0.04609375 0.1421875 0.0640625 0.02421875
0 0.73046875 0.14765625 0.08984375 0.03125
0 0.7921875 0.10546875 0.0546875 0.025
0 0.71796875 0.103125 0.04296875 0.02421875
0 0.84765625 0.18359375 0.078125 0.0328125
0 0.40703125 0.15703125 0.05078125 0.01875
0 0.48828125 0.2140625 0.07109375 0.02890625
0 0.40703125 0.2609375 0.071875 0.0296875
0 0.815625 0.24296875 0.08046875 0.025
0 0.965625 0.32265625 0.06640625 0.028125
0 0.78515625 0.33828125 0.06796875 0.03125
0 0.7890625 0.4078125 0.065625 0.0265625
0 0.5921875 0.3609375 0.07890625 0.034375
0 0.19296875 0.48828125 0.06484375 0.02890625
0 0.54765625 0.4640625 0.07421875 0.04296875
0 0.875 0.51328125 0.0625 0.0296875
0 0.93515625 0.5671875 0.075 0.0328125
0 0.684375 0.56875 0.08671875 0.0375
0 0.54921875 0.61484375 0.07578125 0.0390625
0 0.10859375 0.61796875 0.0796875 0.02734375
0 0.034375 0.59609375 0.05546875 0.0421875
0 0.54765625 0.740625 0.07578125 0.02890625
0 0.38984375 0.7140625 0.07421875 0.0328125
0 0.18828125 0.69375 0.0484375 0.02421875
0 0.26171875 0.7328125 0.06796875 0.01796875
0 0.26328125 0.79140625 0.09375 0.02890625
0 0.26953125 0.85546875 0.0484375 0.02421875
0 0.38359375 0.9 0.07421875 0.0296875
0 0.371875 0.92265625 0.10078125 0.02578125
0 0.6671875 0.909375 0.10078125 0.02265625
0 0.64296875 0.840625 0.0578125 0.01796875
0 0.5984375 0.8453125 0.04765625 0.02734375
0 0.5234375 0.82890625 0.06328125 0.0234375
0 0.65546875 0.82265625 0.096875 0.02109375
0 0.946875 0.80078125 0.065625 0.02578125
0 0.72265625 0.753125 0.053125 0.0265625
0 0.221875 0.93046875 0.04765625 0.025