0 0.090625 0.13828125 0.05859375 0.01796875
0 0.13515625 0.11015625 0.05078125 0.0140625
0 0.2953125 0.1078125 0.04765625 0.01875
0 0.54609375 0.0203125 0.075 0.01640625
0 0.5140625 0.23515625 0.0390625 0.0265625
0 0.6890625 0.31875 0.03984375 0.0296875
0 0.7828125 0.15078125 0.0578125 0.0140625
0 0.79765625 0.13828125 0.04921875 0.01484375
0 0.04296875 0.4234375 0.0328125 0.0265625
0 0.078125 0.43359375 0.05625 0.0171875
0 0.12265625 0.40078125 0.0359375 0.03359375
0 0.4046875 0.33203125 0.03828125 0.03046875
0 0.85546875 0.23359375 0.0625 0.01484375
0 0.76953125 0.0296875 0.0375 0.021875
0 0.975 0.0515625 0.04921875 0.01796875
0 0.93125 0.35078125 0.04296875 0.02421875
0 0.92734375 0.4625 0.02890625 0.0203125
0 0.76796875 0.5015625 0.0484375 0.01484375
0 0.68515625 0.55390625 0.05390625 0.02578125
0 0.8515625 0.621875 0.05625 0.021875
0 0.6046875 0.5921875 0.0609375 0.02109375
0 0.15546875 0.54609375 0.0515625 0.0171875
0 0.37109375 0.5421875 0.06953125 0.021875
0 0.265625 0.5015625 0.0515625 0.01640625
0 0.196875 0.76015625 0.06484375 0.01875
0 0.27421875 0.67265625 0.05 0.015625
0 0.01875 0.590625 0.0375 0.025
0 0.6453125 0.778125 0.04609375 0.01875
0 0.5890625 0.75234375 0.0515625 0.02265625
0 0.57578125 0.78046875 0.05703125 0.01875
0 0.37890625 0.74453125 0.0609375 0.021875
0 0.3375 0.81015625 0.0484375 0.01484375
0 0.30625 0.79453125 0.0546875 0.01640625
0 0.0265625 0.83828125 0.053125 0.01640625
0 0.24921875 0.8828125 0.05390625 0.01875
0 0.33359375 0.89296875 0.0609375 0.01875
0 0.390625 0.9265625 0.06875 0.01875
0 0.58828125 0.83359375 0.06796875 0.01640625
0 0.76953125 0.81171875 0.0609375 0.02578125
0 0.86796875 0.81953125 0.0484375 0.0140625
0 0.515625 0.934375 0.059375 0.0203125