2 0.0671875 0.0625 0.0375 0.034375
2 0.29453125 0.0875 0.040625 0.03125
2 0.365625 0.115625 0.04375 0.025
2 0.65234375 0.14453125 0.06875 0.0203125
2 0.7375 0.18515625 0.053125 0.021875
2 0.75078125 0.175 0.0375 0.0234375
2 0.76484375 0.14921875 0.059375 0.021875
2 0.61484375 0.24375 0.0421875 0.021875
2 0.69140625 0.271875 0.0328125 0.028125
2 0.946875 0.2359375 0.053125 0.015625
2 0.1453125 0.08671875 0.0359375 0.028125
2 0.39453125 0.0953125 0.0640625 0.015625
2 0.1671875 0.2296875 0.0375 0.0359375
2 0.06328125 0.29765625 0.059375 0.0234375
2 0.09921875 0.32109375 0.028125 0.028125
2 0.14140625 0.303125 0.03125 0.021875
2 0.5328125 0.290625 0.040625 0.021875
2 0.63203125 0.3296875 0.034375 0.015625
2 0.63671875 0.31171875 0.053125 0.01875
2 0.78984375 0.39140625 0.046875 0.0234375
2 0.4953125 0.38046875 0.05625 0.0171875
2 0.0796875 0.3859375 0.0375 0.0140625
2 0.103125 0.51640625 0.03125 0.028125
2 0.09453125 0.490625 0.0375 0.0265625
2 0.27421875 0.6671875 0.025 0.028125
2 0.29765625 0.61796875 0.034375 0.0203125
2 0.66640625 0.64375 0.034375 0.028125
2 0.63203125 0.70390625 0.0390625 0.01875
2 0.3453125 0.7578125 0.04375 0.009375
2 0.61875 0.81015625 0.03125 0.021875
2 0.7640625 0.784375 0.046875 0.0125
2 0.61328125 0.846875 0.05 0.0140625
2 0.53046875 0.84140625 0.04375 0.0125
2 0.0578125 0.9171875 0.096875 0.015625
2 0.403125 0.87734375 0.034375 0.0125
2 0.465625 0.86953125 0.034375 0.015625
2 0.53125 0.19375 0.05625 0.0171875
2 0.02890625 0.23359375 0.028125 0.028125
2 0.0828125 0.23984375 0.03125 0.028125
2 0.140625 0.153125 0.034375 0.021875
2 0.85 0.45859375 0.0265625 0.0203125
2 0.97734375 0.3265625 0.034375 0.0171875