0 0.971875 0.08125 0.05625 0.021875
0 0.5703125 0.053125 0.034375 0.0265625
0 0.5 0.05859375 0.06875 0.0171875
0 0.290625 0.0203125 0.065625 0.0203125
0 0.13125 0.0859375 0.0421875 0.021875
0 0.0875 0.0703125 0.040625 0.021875
0 0.0234375 0.0828125 0.040625 0.028125
0 0.2328125 0.15234375 0.0296875 0.021875
0 0.15625 0.259375 0.053125 0.025
0 0.3703125 0.18203125 0.065625 0.0203125
0 0.56640625 0.1296875 0.05 0.01875
0 0.62890625 0.14921875 0.053125 0.021875
0 0.86796875 0.1890625 0.04375 0.015625
0 0.71953125 0.21171875 0.040625 0.025
0 0.6546875 0.24921875 0.046875 0.01875
0 0.865625 0.26015625 0.0296875 0.015625
0 0.359375 0.31953125 0.046875 0.0125
0 0.45625 0.29140625 0.028125 0.028125
0 0.02734375 0.296875 0.034375 0.025
0 0.6546875 0.35625 0.0453125 0.021875
0 0.94296875 0.35859375 0.028125 0.021875
0 0.396875 0.4796875 0.05625 0.015625
0 0.540625 0.428125 0.059375 0.015625
0 0.86328125 0.5390625 0.059375 0.01875
0 0.20234375 0.51171875 0.0625 0.021875
0 0.25703125 0.57734375 0.040625 0.021875
0 0.23671875 0.5984375 0.053125 0.025
0 0.6140625 0.57734375 0.05 0.021875
0 0.3 0.7359375 0.040625 0.025
0 0.13984375 0.76015625 0.0453125 0.01875
0 0.07421875 0.57578125 0.025 0.025
0 0.5796875 0.725 0.0421875 0.0203125
0 0.81640625 0.79375 0.05 0.01875
0 0.73203125 0.87109375 0.053125 0.015625
0 0.31796875 0.896875 0.046875 0.01875
0 0.3875 0.89921875 0.05625 0.0125
0 0.74375 0.7265625 0.0625 0.015625
0 0.62421875 0.746875 0.053125 0.0125
0 0.49296875 0.9265625 0.0484375 0.021875
0 0.365625 0.84296875 0.040625 0.021875
0 0.578125 0.8375 0.046875 0.015625