0 0.73984375 0.05078125 0.08125 0.01875
0 0.8765625 0.08828125 0.0640625 0.021875
0 0.75078125 0.09453125 0.08125 0.028125
0 0.859375 0.12734375 0.084375 0.01875
0 0.83203125 0.15234375 0.05 0.0296875
0 0.5796875 0.1890625 0.0609375 0.015625
0 0.478125 0.171875 0.0546875 0.021875
0 0.15859375 0.0796875 0.0546875 0.028125
0 0.22890625 0.00546875 0.065625 0.0109375
0 0.41796875 0.09375 0.046875 0.015625
0 0.54453125 0.13828125 0.078125 0.01875
0 0.12578125 0.15 0.05 0.0265625
0 0.21640625 0.12265625 0.0796875 0.025
0 0.54453125 0.23359375 0.065625 0.015625
0 0.31875 0.24765625 0.059375 0.028125
0 0.50546875 0.2953125 0.05 0.01875
0 0.43671875 0.32265625 0.053125 0.025
0 0.7015625 0.2703125 0.053125 0.040625
0 0.5625 0.3421875 0.04375 0.034375
0 0.96484375 0.2390625 0.053125 0.021875
0 0.85078125 0.3890625 0.028125 0.034375
0 0.83828125 0.384375 0.0671875 0.015625
0 0.434375 0.4953125 0.078125 0.0203125
0 0.6828125 0.4578125 0.046875 0.0296875
0 0.8796875 0.5140625 0.0453125 0.0203125
0 0.58671875 0.55390625 0.034375 0.03125
0 0.4515625 0.56484375 0.059375 0.015625
0 0.16953125 0.5953125 0.078125 0.015625
0 0.3390625 0.60078125 0.084375 0.01875
0 0.45390625 0.646875 0.071875 0.0125
0 0.6515625 0.69375 0.046875 0.0390625
0 0.921875 0.65078125 0.04375 0.034375
0 0.41796875 0.66953125 0.0421875 0.0296875
0 0.25859375 0.68046875 0.0671875 0.025
0 0.2390625 0.70234375 0.0671875 0.01875
0 0.85078125 0.71328125 0.071875 0.021875
0 0.96171875 0.83671875 0.075 0.015625
0 0.9203125 0.85546875 0.0796875 0.0203125
0 0.89921875 0.84375 0.0625 0.0203125
0 0.47890625 0.86796875 0.05 0.021875
0 0.4765625 0.82109375 0.059375 0.01875
0 0.40546875 0.82421875 0.05 0.025
0 0.28359375 0.76640625 0.0671875 0.0171875
0 0.15859375 0.80078125 0.0546875 0.01875
0 0.42265625 0.91015625 0.0625 0.028125
0 0.59296875 0.8875 0.0703125 0.021875