0 0.3984375 0.01328125 0.09375 0.0265625
0 0.1984375 0.0546875 0.0859375 0.0375
0 0.1015625 0.0546875 0.08125 0.034375
0 0.4640625 0.0953125 0.0625 0.021875
0 0.63359375 0.06796875 0.078125 0.0328125
0 0.753125 0.0515625 0.090625 0.03125
0 0.5953125 0.13203125 0.1109375 0.0375
0 0.65703125 0.18828125 0.0875 0.040625
0 0.3015625 0.16484375 0.0734375 0.0375
0 0.915625 0.05859375 0.0765625 0.034375
0 0.11328125 0.22734375 0.05625 0.034375
0 0.42734375 0.24375 0.0890625 0.040625
0 0.08828125 0.321875 0.065625 0.034375
0 0.7375 0.41328125 0.071875 0.04375
0 0.52890625 0.4828125 0.078125 0.0390625
0 0.6125 0.70859375 0.071875 0.0328125
0 0.471875 0.6109375 0.071875 0.0375
0 0.34609375 0.5703125 0.0828125 0.034375
0 0.89296875 0.62578125 0.0515625 0.028125
0 0.9703125 0.609375 0.059375 0.0296875
0 0.93984375 0.596875 0.0625 0.01875
0 0.7453125 0.63125 0.0859375 0.0265625
0 0.73828125 0.67265625 0.103125 0.03125
0 0.1625 0.69765625 0.075 0.046875
0 0.3109375 0.7875 0.05625 0.03125
0 0.36953125 0.81015625 0.078125 0.034375
0 0.49375 0.86796875 0.075 0.0375
0 0.2859375 0.87421875 0.071875 0.025
0 0.22265625 0.85859375 0.053125 0.03125
0 0.56953125 0.87265625 0.084375 0.034375
0 0.61640625 0.890625 0.053125 0.03125
0 0.70703125 0.815625 0.046875 0.040625
0 0.95703125 0.75078125 0.06875 0.028125
0 0.92890625 0.8359375 0.06875 0.034375