0 0.9703125 0.846875 0.021875 0.0765625
0 0.98828125 0.7578125 0.0234375 0.0453125
0 0.9421875 0.36875 0.0234375 0.0703125
0 0.8734375 0.553125 0.015625 0.06875
0 0.89921875 0.809375 0.01875 0.0578125
0 0.9234375 0.78046875 0.015625 0.078125
0 0.8140625 0.83671875 0.015625 0.084375
0 0.8328125 0.9421875 0.03125 0.0703125
0 0.87109375 0.8984375 0.01875 0.075
0 0.8375 0.640625 0.025 0.059375
0 0.9859375 0.54296875 0.028125 0.0703125
0 0.803125 0.20078125 0.028125 0.0640625
0 0.7609375 0.29296875 0.0171875 0.075
0 0.77578125 0.4296875 0.034375 0.040625
0 0.7671875 0.55625 0.03125 0.078125
0 0.7765625 0.63046875 0.0234375 0.071875
0 0.65390625 0.64375 0.025 0.0703125
0 0.56640625 0.5859375 0.028125 0.046875
0 0.69453125 0.040625 0.01875 0.06875
0 0.8671875 0.14765625 0.021875 0.084375
0 0.51015625 0.3265625 0.025 0.05
0 0.51953125 0.11015625 0.034375 0.0421875
0 0.4375 0.671875 0.0203125 0.0734375
0 0.378125 0.83671875 0.0203125 0.06875
0 0.38828125 0.96640625 0.0375 0.0671875
0 0.41171875 0.6171875 0.021875 0.08125
0 0.3359375 0.465625 0.021875 0.0734375
0 0.3015625 0.28828125 0.01875 0.084375
0 0.28359375 0.86953125 0.028125 0.053125
0 0.22890625 0.68984375 0.034375 0.046875
0 0.25234375 0.95703125 0.025 0.053125
0 0.2203125 0.65546875 0.03125 0.0703125
0 0.16484375 0.75390625 0.021875 0.04375
0 0.1859375 0.703125 0.021875 0.0875
0 0.078125 0.778125 0.0296875 0.0765625
0 0.1640625 0.94375 0.015625 0.0609375
0 0.0203125 0.35390625 0.034375 0.05
0 0.03515625 0.69296875 0.0265625 0.0671875
0 0.1078125 0.40078125 0.0265625 0.071875
0 0.21015625 0.48671875 0.034375 0.05
0 0.10234375 0.596875 0.025 0.0671875
0 0.05234375 0.67734375 0.0234375 0.053125
0 0.45703125 0.128125 0.028125 0.059375