2 0.90234375 0.09921875 0.0734375 0.040625
2 0.96484375 0.153125 0.028125 0.03125
2 0.8375 0.10546875 0.053125 0.025
2 0.70078125 0.1546875 0.05 0.028125
2 0.45859375 0.10390625 0.0640625 0.025
2 0.36640625 0.04453125 0.096875 0.034375
2 0.3 0.09296875 0.025 0.01875
2 0.23515625 0.0671875 0.046875 0.028125
2 0.0859375 0.0609375 0.065625 0.04375
2 0.4 0.34921875 0.090625 0.05
2 0.32890625 0.41171875 0.0671875 0.0390625
2 0.240625 0.43359375 0.090625 0.034375
2 0.21015625 0.47265625 0.04375 0.03125
2 0.13984375 0.3265625 0.0375 0.0359375
2 0.09140625 0.17890625 0.0375 0.021875
2 0.06171875 0.3640625 0.065625 0.0375
2 0.21796875 0.3484375 0.09375 0.0375
2 0.4109375 0.56953125 0.034375 0.046875
2 0.4984375 0.371875 0.05625 0.034375
2 0.22109375 0.54921875 0.053125 0.021875
2 0.4890625 0.825 0.084375 0.028125
2 0.77265625 0.8109375 0.0625 0.040625
2 0.92265625 0.84375 0.06875 0.034375
2 0.46484375 0.6453125 0.065625 0.040625
2 0.48125 0.63203125 0.06875 0.040625
2 0.39296875 0.6546875 0.078125 0.03125
2 0.196875 0.87421875 0.071875 0.040625
2 0.19140625 0.81953125 0.084375 0.0296875
2 0.1 0.80859375 0.0734375 0.03125
2 0.46015625 0.92109375 0.06875 0.0484375