0 0.6109375 0.015625 0.0515625 0.03125
0 0.5453125 0.03828125 0.06796875 0.028125
0 0.28125 0.04140625 0.0765625 0.021875
0 0.5328125 0.0625 0.06484375 0.0234375
0 0.78359375 0.046875 0.040625 0.02734375
0 0.796875 0.07421875 0.07265625 0.01796875
0 0.83515625 0.1125 0.06484375 0.03125
0 0.540625 0.0953125 0.08125 0.03046875
0 0.73125 0.27265625 0.05859375 0.03046875
0 0.60234375 0.2453125 0.071875 0.02265625
0 0.32421875 0.3484375 0.0796875 0.0390625
0 0.59765625 0.46796875 0.0625 0.02890625
0 0.50625 0.47109375 0.07578125 0.02421875
0 0.31328125 0.55 0.06953125 0.0375
0 0.1421875 0.56640625 0.0765625 0.01171875
0 0.1796875 0.51796875 0.0578125 0.025
0 0.42578125 0.5125 0.040625 0.0171875
0 0.67109375 0.5625 0.08828125 0.02734375
0 0.57265625 0.6359375 0.059375 0.02734375
0 0.16484375 0.64765625 0.06640625 0.025
0 0.0265625 0.6125 0.05234375 0.02265625
0 0.05234375 0.665625 0.075 0.02578125
0 0.2421875 0.68828125 0.07890625 0.02734375
0 0.8390625 0.64765625 0.071875 0.0296875
0 0.9109375 0.67734375 0.06953125 0.03671875
0 0.825 0.7046875 0.05859375 0.03125
0 0.81640625 0.77578125 0.0671875 0.03984375
0 0.28984375 0.75703125 0.065625 0.03203125
0 0.034375 0.73203125 0.04453125 0.0234375
0 0.0953125 0.79453125 0.07421875 0.034375
0 0.22734375 0.81953125 0.06328125 0.025
0 0.328125 0.79453125 0.07734375 0.02421875
0 0.33828125 0.8421875 0.06640625 0.02421875
0 0.2734375 0.85 0.0375 0.0234375
0 0.1109375 0.8515625 0.0453125 0.02421875
0 0.028125 0.8578125 0.04921875 0.02890625
0 0.21015625 0.94921875 0.09765625 0.02578125
0 0.45 0.9453125 0.0796875 0.0359375
0 0.58828125 0.9390625 0.0625 0.02734375
0 0.4109375 0.87421875 0.06015625 0.03046875
0 0.56640625 0.86796875 0.059375 0.0234375
0 0.62109375 0.85234375 0.08046875 0.02734375
0 0.68359375 0.46484375 0.071875 0.02890625