0 0.971875 0.0375 0.05 0.025
0 0.75546875 0.01875 0.0453125 0.021875
0 0.53125 0.07890625 0.0375 0.0234375
0 0.8359375 0.13125 0.034375 0.0265625
0 0.41875 0.1234375 0.06875 0.021875
0 0.27109375 0.03828125 0.040625 0.0265625
0 0.13671875 0.12578125 0.065625 0.0203125
0 0.1578125 0.10390625 0.03125 0.028125
0 0.29375 0.1453125 0.0609375 0.01875
0 0.08125 0.16953125 0.040625 0.021875
0 0.05 0.24140625 0.034375 0.01875
0 0.2703125 0.23203125 0.04375 0.01875
0 0.48984375 0.23125 0.0375 0.025
0 0.31640625 0.1515625 0.0375 0.015625
0 0.5328125 0.171875 0.034375 0.01875
0 0.6875 0.33203125 0.04375 0.0203125
0 0.7828125 0.34609375 0.0296875 0.0171875
0 0.66875 0.35859375 0.0375 0.025
0 0.9578125 0.41640625 0.059375 0.0203125
0 0.2140625 0.38359375 0.0296875 0.0265625
0 0.09375 0.37734375 0.05 0.015625
0 0.2234375 0.50078125 0.0515625 0.0140625
0 0.0484375 0.61796875 0.046875 0.0125
0 0.12265625 0.64296875 0.03125 0.021875
0 0.1640625 0.6421875 0.0375 0.015625
0 0.4734375 0.61015625 0.040625 0.0171875
0 0.44609375 0.61015625 0.05625 0.0203125
0 0.66640625 0.54375 0.05625 0.0171875
0 0.9 0.5703125 0.0515625 0.01875
0 0.7859375 0.5484375 0.05 0.0125
0 0.73984375 0.5046875 0.04375 0.0140625
0 0.97734375 0.53984375 0.0453125 0.01875
0 0.85 0.44296875 0.0515625 0.0203125
0 0.878125 0.72421875 0.053125 0.01875
0 0.93671875 0.70078125 0.046875 0.009375
0 0.6796875 0.68515625 0.0390625 0.03125
0 0.95859375 0.7765625 0.0328125 0.028125
0 0.90859375 0.81796875 0.021875 0.025
0 0.69921875 0.765625 0.05625 0.015625
0 0.734375 0.7796875 0.059375 0.01875
0 0.78984375 0.79453125 0.04375 0.0171875
0 0.6640625 0.825 0.053125 0.01875
0 0.95 0.90078125 0.0296875 0.01875
0 0.565625 0.85546875 0.0625 0.0203125
0 0.40390625 0.83359375 0.059375 0.015625
0 0.38671875 0.9125 0.05625 0.01875
0 0.41484375 0.875 0.0640625 0.015625
0 0.37421875 0.88671875 0.040625 0.015625
0 0.4390625 0.825 0.040625 0.015625
0 0.52578125 0.74609375 0.0375 0.025
0 0.16171875 0.709375 0.028125 0.0296875
0 0.08046875 0.69140625 0.03125 0.028125
0 0.62421875 0.96015625 0.075 0.025