0 0.921875 0.103125 0.0640625 0.025
0 0.796875 0.1421875 0.065625 0.03125
0 0.36640625 0.08125 0.078125 0.03125
0 0.359375 0.0671875 0.08125 0.0171875
0 0.4390625 0.12734375 0.059375 0.0203125
0 0.2921875 0.11484375 0.0765625 0.025
0 0.6015625 0.17265625 0.0640625 0.0234375
0 0.30703125 0.18828125 0.05625 0.0265625
0 0.3703125 0.23671875 0.059375 0.025
0 0.65390625 0.2140625 0.0734375 0.01875
0 0.50859375 0.3109375 0.0609375 0.034375
0 0.48125 0.296875 0.053125 0.034375
0 0.38515625 0.284375 0.05625 0.0296875
0 0.23984375 0.3359375 0.046875 0.0296875
0 0.08828125 0.2953125 0.0625 0.040625
0 0.04375 0.284375 0.0640625 0.0421875
0 0.2828125 0.41484375 0.0625 0.028125
0 0.42421875 0.40078125 0.046875 0.0328125
0 0.196875 0.421875 0.0390625 0.025
0 0.74609375 0.465625 0.059375 0.028125
0 0.35546875 0.46875 0.078125 0.0234375
0 0.303125 0.56484375 0.059375 0.021875
0 0.1859375 0.621875 0.059375 0.021875
0 0.11484375 0.56015625 0.0390625 0.028125
0 0.196875 0.48359375 0.05625 0.028125
0 0.97421875 0.60703125 0.05 0.0203125
0 0.2171875 0.65859375 0.0734375 0.01875
0 0.73828125 0.74609375 0.0625 0.01875
0 0.62890625 0.8296875 0.0578125 0.025
0 0.5296875 0.84140625 0.06875 0.03125
0 0.44765625 0.88515625 0.0578125 0.0265625
0 0.27265625 0.85 0.0515625 0.01875
0 0.278125 0.90625 0.06875 0.0375
0 0.52890625 0.9328125 0.075 0.021875
0 0.715625 0.95234375 0.065625 0.028125
0 0.83359375 0.95625 0.0546875 0.0375
0 0.85390625 0.6 0.0625 0.0296875
0 0.115625 0.12265625 0.0578125 0.0203125
0 0.81015625 0.11484375 0.078125 0.025
0 0.34765625 0.01015625 0.065625 0.01875
0 0.5109375 0.8203125 0.065625 0.028125
0 0.8109375 0.77578125 0.0734375 0.0203125