0 0.5953125 0.021875 0.075 0.025
0 0.34375 0.0203125 0.05625 0.01875
0 0.4140625 0.08515625 0.0515625 0.028125
0 0.46171875 0.05390625 0.0640625 0.01875
0 0.47109375 0.121875 0.0640625 0.0296875
0 0.21171875 0.065625 0.1 0.0359375
0 0.21875 0.1515625 0.059375 0.0265625
0 0.4 0.1984375 0.08125 0.0328125
0 0.30546875 0.278125 0.0921875 0.04375
0 0.81796875 0.09921875 0.10625 0.0359375
0 0.3875 0.34609375 0.0671875 0.04375
0 0.32578125 0.38828125 0.078125 0.034375
0 0.0671875 0.35234375 0.0828125 0.040625
0 0.034375 0.36171875 0.06875 0.0375
0 0.2953125 0.4359375 0.053125 0.0359375
0 0.48984375 0.3953125 0.059375 0.021875
0 0.628125 0.46484375 0.053125 0.03125
0 0.84140625 0.56796875 0.08125 0.034375
0 0.746875 0.6765625 0.059375 0.021875
0 0.62734375 0.7046875 0.0546875 0.0328125
0 0.74296875 0.703125 0.040625 0.03125
0 0.6046875 0.7703125 0.06875 0.034375
0 0.4734375 0.61015625 0.040625 0.0171875
0 0.4234375 0.6296875 0.059375 0.028125
0 0.1296875 0.5734375 0.05625 0.025
0 0.29609375 0.609375 0.05625 0.01875
0 0.31640625 0.65234375 0.0625 0.021875
0 0.25078125 0.67734375 0.0890625 0.025
0 0.51484375 0.69921875 0.0796875 0.025
0 0.41015625 0.75234375 0.1 0.0328125
0 0.040625 0.73984375 0.04375 0.0171875
0 0.18125 0.78671875 0.059375 0.021875
0 0.44921875 0.84453125 0.04375 0.021875
0 0.32109375 0.840625 0.059375 0.021875
0 0.3703125 0.83203125 0.046875 0.021875
0 0.6984375 0.846875 0.065625 0.034375
0 0.6984375 0.9015625 0.05625 0.03125
0 0.50859375 0.9671875 0.09375 0.04375
0 0.43046875 0.9765625 0.0890625 0.040625
0 0.4140625 0.91328125 0.0546875 0.0265625