0 0.65703125 0.1109375 0.05625 0.0375
0 0.51015625 0.0859375 0.0453125 0.034375
0 0.55703125 0.0125 0.0734375 0.0125
0 0.16875 0.109375 0.059375 0.021875
0 0.21796875 0.0921875 0.053125 0.04375
0 0.1234375 0.14921875 0.028125 0.025
0 0.0703125 0.19921875 0.03125 0.0234375
0 0.13984375 0.1859375 0.034375 0.025
0 0.2078125 0.20078125 0.0390625 0.03125
0 0.2703125 0.2421875 0.0515625 0.03125
0 0.0484375 0.11328125 0.0625 0.021875
0 0.51796875 0.2265625 0.05 0.04375
0 0.89609375 0.28125 0.0515625 0.028125
0 0.9578125 0.2515625 0.053125 0.03125
0 0.9640625 0.18515625 0.040625 0.028125
0 0.96171875 0.09921875 0.034375 0.0234375
0 0.63046875 0.07421875 0.0546875 0.025
0 0.68046875 0.16796875 0.05625 0.028125
0 0.4015625 0.38203125 0.0546875 0.03125
0 0.2078125 0.35859375 0.103125 0.034375
0 0.45390625 0.43515625 0.059375 0.034375
0 0.84140625 0.40390625 0.0609375 0.034375
0 0.57265625 0.56953125 0.06875 0.028125
0 0.25859375 0.490625 0.04375 0.028125
0 0.2890625 0.5125 0.0671875 0.0328125
0 0.3359375 0.63046875 0.05 0.021875
0 0.25703125 0.6078125 0.05 0.021875
0 0.18203125 0.6953125 0.053125 0.025
0 0.21875 0.6625 0.0390625 0.025
0 0.4625 0.73125 0.04375 0.0203125
0 0.49140625 0.71015625 0.053125 0.028125
0 0.85390625 0.74609375 0.0125 0.021875
0 0.95390625 0.725 0.0296875 0.0265625
0 0.709375 0.9515625 0.0359375 0.025
0 0.3171875 0.7890625 0.05625 0.0296875
0 0.14921875 0.83359375 0.040625 0.040625