0 0.84921875 0.08515625 0.0734375 0.0234375
0 0.665625 0.2328125 0.05859375 0.02890625
0 0.78125 0.2921875 0.0703125 0.03125
0 0.5921875 0.28125 0.06640625 0.0203125
0 0.50703125 0.2890625 0.0734375 0.01875
0 0.4 0.2171875 0.07265625 0.0234375
0 0.23515625 0.1359375 0.03671875 0.02578125
0 0.075 0.1890625 0.0546875 0.03671875
0 0.3890625 0.32421875 0.05703125 0.03359375
0 0.05078125 0.3453125 0.0453125 0.02890625
0 0.696875 0.32109375 0.05 0.040625
0 0.61171875 0.375 0.059375 0.03984375
0 0.90234375 0.2765625 0.05078125 0.03828125
0 0.67109375 0.5125 0.06875 0.028125
0 0.746875 0.509375 0.03671875 0.02890625
0 0.3453125 0.43828125 0.065625 0.03046875
0 0.02578125 0.44296875 0.05078125 0.0234375
0 0.05546875 0.6015625 0.065625 0.025
0 0.02421875 0.6625 0.0484375 0.02890625
0 0.55390625 0.65859375 0.11328125 0.03203125
0 0.63515625 0.57890625 0.05703125 0.02734375
0 0.234375 0.7078125 0.07890625 0.0421875
0 0.14609375 0.75234375 0.0734375 0.02109375
0 0.4109375 0.73046875 0.06796875 0.02421875
0 0.25 0.78046875 0.0546875 0.021875
0 0.17578125 0.79609375 0.06796875 0.02265625
0 0.18203125 0.83125 0.0640625 0.021875
0 0.7640625 0.7875 0.04296875 0.01953125
0 0.82109375 0.94140625 0.07890625 0.0421875
0 0.91171875 0.8953125 0.065625 0.03203125