2 0.18515625 0.71328125 0.0171875 0.0484375
2 0.15859375 0.54375 0.01875 0.0375
2 0.25234375 0.39296875 0.0203125 0.04375
2 0.15390625 0.39921875 0.0203125 0.0359375
2 0.16875 0.3984375 0.0140625 0.04375
2 0.18046875 0.24375 0.0140625 0.04375
2 0.28125 0.10078125 0.01875 0.046875
2 0.3734375 0.165625 0.009375 0.0375
2 0.38671875 0.20390625 0.01875 0.025
2 0.34296875 0.253125 0.01875 0.040625
2 0.49921875 0.06484375 0.028125 0.0375
2 0.44453125 0.10859375 0.021875 0.0125
2 0.553125 0.23125 0.015625 0.0375
2 0.509375 0.17421875 0.021875 0.0359375
2 0.51875 0.12890625 0.0125 0.0265625
2 0.4484375 0.25625 0.021875 0.0359375
2 0.45234375 0.8203125 0.021875 0.05625
2 0.6140625 0.12109375 0.0203125 0.04375
2 0.68828125 0.140625 0.01875 0.0375
2 0.67421875 0.0484375 0.015625 0.0375
2 0.6453125 0.07265625 0.0125 0.028125
2 0.7765625 0.20078125 0.021875 0.059375
2 0.79296875 0.084375 0.034375 0.046875
2 0.80546875 0.15859375 0.021875 0.028125
2 0.86015625 0.2609375 0.01875 0.028125
2 0.82109375 0.29140625 0.021875 0.034375
2 0.79609375 0.24609375 0.0125 0.04375
2 0.82265625 0.359375 0.015625 0.034375
2 0.82421875 0.31796875 0.0109375 0.0265625
2 0.83515625 0.31953125 0.0140625 0.034375
2 0.8453125 0.7984375 0.021875 0.0234375
2 0.88359375 0.91796875 0.0203125 0.0375
2 0.85625 0.59765625 0.0125 0.046875
2 0.84296875 0.55546875 0.015625 0.0515625
2 0.80625 0.8796875 0.0140625 0.025
2 0.91171875 0.57734375 0.0203125 0.034375
2 0.90546875 0.46875 0.025 0.065625
2 0.9140625 0.13984375 0.025 0.0875
2 0.82265625 0.58359375 0.0109375 0.0484375
2 0.82421875 0.525 0.01875 0.0375
2 0.84140625 0.5171875 0.0171875 0.05
2 0.884375 0.2421875 0.0125 0.046875
2 0.70234375 0.70859375 0.034375 0.05
2 0.40546875 0.1734375 0.015625 0.025
2 0.44765625 0.1484375 0.01875 0.0328125
2 0.43125 0.21953125 0.01875 0.03125
2 0.2828125 0.44921875 0.015625 0.0390625
2 0.2703125 0.4203125 0.0140625 0.046875
2 0.2765625 0.578125 0.01875 0.0421875
2 0.26640625 0.6265625 0.021875 0.028125
2 0.253125 0.78671875 0.021875 0.025
2 0.2765625 0.746875 0.015625 0.04375
2 0.33671875 0.896875 0.0234375 0.04375
2 0.215625 0.5296875 0.0140625 0.0375
2 0.22265625 0.69375 0.015625 0.0390625
2 0.24140625 0.753125 0.0171875 0.028125