0 0.09375 0.08046875 0.05546875 0.02109375
0 0.4203125 0.05703125 0.0546875 0.02421875
0 0.61796875 0.05546875 0.05703125 0.0203125
0 0.60546875 0.0171875 0.07421875 0.01328125
0 0.76953125 0.1390625 0.0296875 0.02578125
0 0.4953125 0.11875 0.0515625 0.0203125
0 0.4859375 0.15703125 0.04140625 0.01953125
0 0.5828125 0.18046875 0.0421875 0.0140625
0 0.01796875 0.1578125 0.03515625 0.01796875
0 0.2171875 0.209375 0.0625 0.0140625
0 0.28046875 0.2125 0.0375 0.01875
0 0.16015625 0.25 0.0390625 0.01875
0 0.86015625 0.27421875 0.05546875 0.02265625
0 0.6328125 0.325 0.05390625 0.01953125
0 0.346875 0.35859375 0.059375 0.01640625
0 0.04921875 0.34609375 0.02890625 0.02109375
0 0.40078125 0.4375 0.0484375 0.01015625
0 0.4359375 0.42578125 0.04453125 0.01640625
0 0.7703125 0.51796875 0.0578125 0.015625
0 0.584375 0.45703125 0.059375 0.01796875
0 0.12109375 0.54140625 0.046875 0.01796875
0 0.3796875 0.57265625 0.0421875 0.0171875
0 0.35859375 0.63515625 0.03203125 0.02109375
0 0.37578125 0.7 0.0328125 0.02421875
0 0.115625 0.69453125 0.07265625 0.0140625
0 0.346875 0.74765625 0.05703125 0.015625
0 0.48203125 0.66640625 0.03828125 0.0171875
0 0.028125 0.78359375 0.05078125 0.01640625
0 0.23125 0.79765625 0.04921875 0.015625
0 0.3609375 0.83984375 0.0625 0.01640625
0 0.925 0.74765625 0.0546875 0.02109375
0 0.859375 0.60703125 0.06484375 0.02265625
0 0.66875 0.88125 0.0703125 0.01875
0 0.17890625 0.87890625 0.08984375 0.01640625
0 0.803125 0.8484375 0.03671875 0.01328125