0 0.93828125 0.084375 0.065625 0.025
0 0.70625 0.14140625 0.05625 0.0265625
0 0.6921875 0.1625 0.040625 0.01875
0 0.48359375 0.1671875 0.04375 0.025
0 0.08125 0.05703125 0.0578125 0.01875
0 0.23203125 0.0078125 0.05 0.015625
0 0.91171875 0.16796875 0.040625 0.025
0 0.81171875 0.153125 0.05 0.021875
0 0.3984375 0.26953125 0.053125 0.0234375
0 0.309375 0.2578125 0.059375 0.021875
0 0.52890625 0.32890625 0.053125 0.0328125
0 0.63671875 0.34765625 0.046875 0.0328125
0 0.85 0.0859375 0.065625 0.0265625
0 0.12421875 0.11171875 0.059375 0.025
0 0.57109375 0.1140625 0.059375 0.0171875
0 0.62265625 0.5734375 0.0625 0.0234375
0 0.6125 0.509375 0.05 0.028125
0 0.8984375 0.584375 0.0484375 0.0234375
0 0.84765625 0.5671875 0.0609375 0.0234375
0 0.8046875 0.60234375 0.04375 0.0203125
0 0.66484375 0.62734375 0.0625 0.025
0 0.28203125 0.63828125 0.0265625 0.0265625
0 0.57890625 0.68984375 0.053125 0.03125
0 0.48671875 0.71328125 0.05 0.01875
0 0.91875 0.68984375 0.0390625 0.028125
0 0.69765625 0.72265625 0.05625 0.01875
0 0.91328125 0.77109375 0.0609375 0.021875
0 0.74375 0.77109375 0.05 0.028125
0 0.69296875 0.78125 0.05 0.0234375
0 0.5328125 0.80078125 0.046875 0.028125
0 0.6390625 0.74375 0.071875 0.025
0 0.525 0.878125 0.0703125 0.025
0 0.71796875 0.84453125 0.0609375 0.028125
0 0.8609375 0.8765625 0.040625 0.034375
0 0.11171875 0.26171875 0.04375 0.028125
0 0.06484375 0.27109375 0.046875 0.025
0 0.19140625 0.87421875 0.0421875 0.040625
0 0.284375 0.70234375 0.04375 0.025
0 0.41015625 0.7703125 0.04375 0.021875
0 0.04609375 0.9375 0.0625 0.0234375