0 0.7015625 0.83984375 0.0453125 0.0890625
0 0.74765625 0.9625 0.0484375 0.075
0 0.77734375 0.9046875 0.0328125 0.13125
0 0.7796875 0.678125 0.03125 0.1265625
0 0.82734375 0.875 0.034375 0.121875
0 0.896875 0.66328125 0.0328125 0.11875
0 0.890625 0.42890625 0.0296875 0.134375
0 0.90703125 0.85625 0.034375 0.071875
0 0.9390625 0.821875 0.028125 0.090625
0 0.87890625 0.1578125 0.053125 0.115625
0 0.89453125 0.09375 0.025 0.1375
0 0.92109375 0.3625 0.03125 0.0890625
0 0.9578125 0.36796875 0.04375 0.13125
0 0.7390625 0.13671875 0.04375 0.078125
0 0.78046875 0.1125 0.0375 0.0625
0 0.8375 0.0796875 0.0484375 0.071875
0 0.80703125 0.3734375 0.053125 0.071875
0 0.6890625 0.25234375 0.06875 0.0890625
0 0.68046875 0.57890625 0.021875 0.071875
0 0.63515625 0.9859375 0.01875 0.028125
0 0.371875 0.7359375 0.025 0.0546875
0 0.32890625 0.57734375 0.021875 0.075
0 0.275 0.51640625 0.0234375 0.040625
0 0.25078125 0.43671875 0.03125 0.053125
0 0.23671875 0.80625 0.0234375 0.078125
0 0.303125 0.9171875 0.021875 0.0703125
0 0.21875 0.93984375 0.025 0.034375
0 0.159375 0.921875 0.034375 0.05
0 0.15546875 0.83671875 0.021875 0.0625
0 0.1015625 0.65390625 0.028125 0.059375
0 0.065625 0.821875 0.0265625 0.059375
0 0.37265625 0.26953125 0.028125 0.0625
0 0.16875 0.4921875 0.0296875 0.090625
0 0.2640625 0.7203125 0.028125 0.05625