2 0.80703125 0.1015625 0.0390625 0.02421875
2 0.8546875 0.11953125 0.0359375 0.03125
2 0.275 0.11640625 0.0515625 0.01875
2 0.428125 0.16171875 0.06328125 0.021875
2 0.4671875 0.19765625 0.0421875 0.02890625
2 0.578125 0.19609375 0.0515625 0.02734375
2 0.8453125 0.23984375 0.05234375 0.03125
2 0.88203125 0.2921875 0.078125 0.03203125
2 0.05546875 0.03828125 0.05078125 0.02734375
2 0.028125 0.08671875 0.05625 0.02265625
2 0.303125 0.29921875 0.0671875 0.02578125
2 0.09375 0.328125 0.04375 0.02734375
2 0.5171875 0.37734375 0.08828125 0.04375
2 0.5375 0.50234375 0.04296875 0.03671875
2 0.2875 0.60546875 0.08125 0.02890625
2 0.26171875 0.6546875 0.046875 0.03203125
2 0.759375 0.63203125 0.053125 0.0328125
2 0.43125 0.69765625 0.06328125 0.02890625
2 0.5421875 0.7546875 0.046875 0.034375
2 0.446875 0.7328125 0.0453125 0.025
2 0.32734375 0.86953125 0.0640625 0.021875
2 0.1796875 0.84296875 0.0640625 0.01953125
2 0.928125 0.85546875 0.040625 0.015625
2 0.9203125 0.8828125 0.06953125 0.0234375
2 0.73125 0.8546875 0.05390625 0.0234375
2 0.66015625 0.83984375 0.06484375 0.0296875