0 0.83203125 0.05078125 0.0796875 0.03125
0 0.5140625 0.0828125 0.084375 0.025
0 0.49609375 0.11796875 0.078125 0.021875
0 0.52421875 0.140625 0.059375 0.025
0 0.609375 0.1671875 0.059375 0.0296875
0 0.84609375 0.13671875 0.06875 0.021875
0 0.728125 0.1265625 0.0625 0.0328125
0 0.3078125 0.18046875 0.04375 0.034375
0 0.51953125 0.23125 0.0640625 0.0375
0 0.41484375 0.3171875 0.0515625 0.034375
0 0.27734375 0.371875 0.06875 0.0484375
0 0.6875 0.22109375 0.0859375 0.0375
0 0.2046875 0.07578125 0.05 0.0375
0 0.446875 0.0125 0.053125 0.025
0 0.65390625 0.32265625 0.06875 0.028125
0 0.659375 0.35546875 0.0796875 0.028125
0 0.88984375 0.50625 0.078125 0.01875
0 0.8890625 0.53828125 0.0859375 0.0203125
0 0.63984375 0.5265625 0.05 0.028125
0 0.596875 0.55703125 0.0515625 0.03125
0 0.34921875 0.59609375 0.0515625 0.03125
0 0.2046875 0.60703125 0.059375 0.025
0 0.1265625 0.6265625 0.059375 0.03125
0 0.27890625 0.640625 0.053125 0.028125
0 0.19140625 0.66875 0.03125 0.021875
0 0.51796875 0.63203125 0.0703125 0.025
0 0.609375 0.66875 0.0625 0.03125
0 0.51640625 0.671875 0.05625 0.025
0 0.4890625 0.59140625 0.0578125 0.034375
0 0.8609375 0.7203125 0.0625 0.03125
0 0.8296875 0.67421875 0.071875 0.03125
0 0.853125 0.74921875 0.059375 0.0234375
0 0.84140625 0.77890625 0.0625 0.025
0 0.92578125 0.7734375 0.075 0.028125
0 0.725 0.8171875 0.06875 0.025
0 0.71796875 0.87734375 0.071875 0.025
0 0.76484375 0.853125 0.0625 0.025
0 0.31875 0.84921875 0.06875 0.028125
0 0.28125 0.884375 0.04375 0.025
0 0.44140625 0.79296875 0.059375 0.028125
0 0.471875 0.76796875 0.04375 0.021875
0 0.328125 0.7546875 0.059375 0.025
0 0.17421875 0.765625 0.0359375 0.034375
0 0.78828125 0.40234375 0.065625 0.0234375