2 0.76171875 0.29140625 0.0171875 0.0484375
2 0.73125 0.34296875 0.021875 0.040625
2 0.71640625 0.18046875 0.021875 0.046875
2 0.7234375 0.16171875 0.0234375 0.034375
2 0.69765625 0.234375 0.021875 0.046875
2 0.6828125 0.2671875 0.01875 0.05625
2 0.66015625 0.46640625 0.0265625 0.0328125
2 0.8203125 0.8421875 0.028125 0.0421875
2 0.83125 0.6703125 0.01875 0.05
2 0.87734375 0.76171875 0.015625 0.05625
2 0.878125 0.6109375 0.0171875 0.0765625
2 0.8296875 0.13359375 0.021875 0.046875
2 0.80234375 0.178125 0.021875 0.0625
2 0.790625 0.1828125 0.0171875 0.0625
2 0.784375 0.95078125 0.0125 0.05
2 0.81484375 0.98046875 0.0203125 0.0390625
2 0.390625 0.06875 0.028125 0.034375
2 0.29296875 0.11796875 0.0296875 0.040625
2 0.296875 0.0171875 0.0265625 0.034375
2 0.15234375 0.0375 0.034375 0.040625
2 0.0984375 0.06796875 0.025 0.08125
2 0.0875 0.321875 0.015625 0.0625
2 0.09375 0.22578125 0.025 0.04375
2 0.153125 0.15 0.0265625 0.046875
2 0.14453125 0.20859375 0.021875 0.0546875
2 0.0921875 0.5890625 0.01875 0.084375
2 0.06875 0.52734375 0.0203125 0.10625
2 0.15625 0.6734375 0.0140625 0.0765625
2 0.14375 0.72421875 0.015625 0.053125
2 0.1109375 0.75390625 0.025 0.071875
2 0.09140625 0.8875 0.021875 0.059375
2 0.196875 0.73984375 0.021875 0.05625
2 0.1828125 0.7453125 0.0125 0.05
2 0.22578125 0.496875 0.028125 0.040625
2 0.15546875 0.48828125 0.0265625 0.0546875
2 0.171875 0.23828125 0.034375 0.0375
2 0.159375 0.25625 0.0296875 0.0296875
2 0.14375 0.3203125 0.015625 0.05625
2 0.3140625 0.29921875 0.025 0.053125
2 0.25703125 0.1453125 0.0296875 0.034375