0 0.95859375 0.0796875 0.028125 0.0859375
0 0.87265625 0.3375 0.021875 0.084375
0 0.88125 0.25703125 0.0328125 0.04375
0 0.98359375 0.125 0.0234375 0.1046875
0 0.9390625 0.296875 0.021875 0.0828125
0 0.96328125 0.3171875 0.0234375 0.0765625
0 0.990625 0.61796875 0.01875 0.065625
0 0.884375 0.87109375 0.025 0.065625
0 0.87421875 0.9734375 0.0171875 0.053125
0 0.87578125 0.7640625 0.025 0.0765625
0 0.87578125 0.51328125 0.028125 0.08125
0 0.81484375 0.55234375 0.03125 0.065625
0 0.740625 0.89609375 0.0265625 0.05625
0 0.69765625 0.7609375 0.021875 0.0515625
0 0.778125 0.6984375 0.01875 0.0515625
0 0.625 0.2515625 0.021875 0.053125
0 0.8390625 0.1015625 0.028125 0.053125
0 0.81640625 0.228125 0.025 0.034375
0 0.61640625 0.46875 0.028125 0.040625
0 0.7046875 0.08828125 0.0203125 0.0546875
0 0.68828125 0.03359375 0.03125 0.0375
0 0.65390625 0.67109375 0.0265625 0.05
0 0.60703125 0.3734375 0.0234375 0.04375
0 0.47734375 0.9109375 0.0328125 0.05
0 0.5453125 0.1765625 0.01875 0.05
0 0.40625 0.7390625 0.021875 0.0609375
0 0.3875 0.9453125 0.0390625 0.05
0 0.40859375 0.43515625 0.0359375 0.053125
0 0.3671875 0.52265625 0.0296875 0.053125
0 0.47734375 0.33359375 0.025 0.0609375
0 0.2203125 0.246875 0.0328125 0.0484375
0 0.31328125 0.446875 0.028125 0.071875
0 0.33203125 0.4046875 0.021875 0.06875
0 0.3125 0.2109375 0.03125 0.0375
0 0.2765625 0.253125 0.028125 0.05625
0 0.246875 0.41484375 0.03125 0.059375
0 0.19609375 0.62890625 0.034375 0.075
0 0.1984375 0.8640625 0.021875 0.05625
0 0.24609375 0.73984375 0.0296875 0.053125
0 0.15078125 0.5859375 0.021875 0.05625
0 0.1859375 0.9296875 0.028125 0.08125
0 0.0921875 0.7640625 0.021875 0.0796875
0 0.02890625 0.159375 0.0296875 0.0875
0 0.128125 0.32890625 0.01875 0.0625
0 0.1546875 0.30234375 0.025 0.046875
0 0.1796875 0.2296875 0.021875 0.0609375
0 0.08515625 0.446875 0.021875 0.084375
0 0.3140625 0.978125 0.028125 0.04375
0 0.2734375 0.715625 0.025 0.053125
0 0.33828125 0.66015625 0.021875 0.059375
0 0.315625 0.76484375 0.015625 0.059375
0 0.46015625 0.86640625 0.021875 0.0625