0 0.5828125 0.97734375 0.075 0.021875
0 0.35625 0.97265625 0.0640625 0.0328125
0 0.140625 0.95859375 0.06875 0.0375
0 0.1453125 0.85546875 0.065625 0.01875
0 0.390625 0.84765625 0.0703125 0.025
0 0.53984375 0.87421875 0.078125 0.02421875
0 0.603125 0.85703125 0.08515625 0.02265625
0 0.340625 0.9265625 0.071875 0.021875
0 0.2078125 0.91796875 0.08359375 0.021875
0 0.09765625 0.803125 0.04609375 0.02109375
0 0.0828125 0.7359375 0.05546875 0.028125
0 0.16640625 0.7296875 0.0609375 0.0265625
0 0.41328125 0.6890625 0.04609375 0.03125
0 0.6125 0.7328125 0.05234375 0.021875
0 0.70703125 0.7015625 0.05078125 0.01875
0 0.81171875 0.66796875 0.04765625 0.03203125
0 0.85703125 0.665625 0.04375 0.025
0 0.59453125 0.57265625 0.04375 0.02734375
0 0.01484375 0.54765625 0.0296875 0.034375
0 0.365625 0.3578125 0.0609375 0.034375
0 0.659375 0.31875 0.0328125 0.03359375
0 0.80703125 0.35078125 0.0328125 0.03359375
0 0.72421875 0.44765625 0.0640625 0.02265625
0 0.7796875 0.4296875 0.0734375 0.01875
0 0.325 0.240625 0.0640625 0.0328125
0 0.1796875 0.134375 0.06015625 0.021875
0 0.08125 0.2015625 0.0515625 0.01640625
0 0.3265625 0.153125 0.0328125 0.03203125
0 0.378125 0.1640625 0.06171875 0.01796875
0 0.65234375 0.30625 0.059375 0.02421875
0 0.9453125 0.3109375 0.07265625 0.02734375
0 0.14140625 0.16953125 0.05390625 0.01484375
0 0.059375 0.11328125 0.07890625 0.0203125
0 0.09453125 0.03984375 0.0515625 0.028125
0 0.28828125 0.053125 0.0703125 0.015625
0 0.36875 0.0359375 0.06875 0.02109375
0 0.43359375 0.02734375 0.04140625 0.02421875
0 0.7921875 0.1125 0.0625 0.0234375
0 0.675 0.2359375 0.06015625 0.01796875
0 0.94765625 0.1953125 0.04765625 0.021875
0 0.8953125 0.165625 0.06484375 0.01484375
0 0.88359375 0.35 0.059375 0.01953125