0 0.08359375 0.484375 0.025 0.084375
0 0.11171875 0.61015625 0.021875 0.059375
0 0.12734375 0.55625 0.01875 0.0515625
0 0.18125 0.6625 0.021875 0.08125
0 0.16484375 0.70546875 0.028125 0.0421875
0 0.07265625 0.1984375 0.025 0.071875
0 0.115625 0.1734375 0.0140625 0.0453125
0 0.1203125 0.265625 0.0125 0.05625
0 0.13046875 0.32578125 0.015625 0.0421875
0 0.12265625 0.38515625 0.021875 0.0625
0 0.18515625 0.2015625 0.028125 0.05
0 0.1703125 0.284375 0.0203125 0.0515625
0 0.1859375 0.46640625 0.01875 0.04375
0 0.27578125 0.3890625 0.0234375 0.065625
0 0.33046875 0.91484375 0.021875 0.034375
0 0.4921875 0.22265625 0.021875 0.075
0 0.459375 0.27578125 0.021875 0.065625
0 0.584375 0.6140625 0.04375 0.046875
0 0.53125 0.60546875 0.0390625 0.0609375
0 0.4859375 0.09453125 0.0265625 0.0484375
0 0.48046875 0.0578125 0.025 0.059375
0 0.65 0.3546875 0.0234375 0.065625
0 0.684375 0.86640625 0.0265625 0.046875
0 0.78828125 0.64140625 0.034375 0.05625
0 0.834375 0.634375 0.0296875 0.046875
0 0.90390625 0.690625 0.028125 0.084375
0 0.7359375 0.08984375 0.01875 0.040625
0 0.7203125 0.10390625 0.0265625 0.0484375
0 0.76875 0.23828125 0.025 0.059375
0 0.8140625 0.0734375 0.03125 0.040625
0 0.828125 0.03046875 0.03125 0.04375
0 0.96328125 0.5078125 0.021875 0.096875
0 0.95546875 0.103125 0.0234375 0.053125
0 0.9609375 0.21875 0.021875 0.06875