0 0.12890625 0.084375 0.04921875 0.01953125
0 0.3015625 0.06953125 0.04921875 0.0171875
0 0.03828125 0.13671875 0.05859375 0.0234375
0 0.19765625 0.184375 0.040625 0.02265625
0 0.34453125 0.20078125 0.0390625 0.02578125
0 0.35 0.17109375 0.0671875 0.01796875
0 0.4640625 0.14453125 0.0578125 0.01953125
0 0.75625 0.13203125 0.05078125 0.01796875
0 0.775 0.1203125 0.04921875 0.01796875
0 0.684375 0.16640625 0.05703125 0.0140625
0 0.503125 0.2546875 0.053125 0.03125
0 0.53203125 0.24765625 0.03984375 0.03515625
0 0.4859375 0.2171875 0.04296875 0.03203125
0 0.41484375 0.23046875 0.0359375 0.01953125
0 0.18046875 0.13359375 0.05859375 0.01640625
0 0.6203125 0.11953125 0.0421875 0.02265625
0 0.89375 0.14296875 0.0421875 0.015625
0 0.921875 0.25546875 0.028125 0.02109375
0 0.84140625 0.1609375 0.03828125 0.02578125
0 0.7375 0.16953125 0.04921875 0.02109375
0 0.7625 0.38046875 0.03984375 0.02109375
0 0.55546875 0.384375 0.03828125 0.02421875
0 0.375 0.4796875 0.04609375 0.01953125
0 0.27109375 0.509375 0.04375 0.01796875
0 0.27578125 0.49375 0.04375 0.01640625
0 0.32734375 0.5640625 0.0375 0.02265625
0 0.3515625 0.55234375 0.03984375 0.01640625
0 0.48203125 0.56875 0.0453125 0.0203125
0 0.81796875 0.56171875 0.0359375 0.01875
0 0.821875 0.54453125 0.0328125 0.0171875
0 0.571875 0.42578125 0.03359375 0.01875
0 0.7109375 0.4171875 0.03671875 0.01875
0 0.82578125 0.38125 0.028125 0.01875
0 0.9125 0.37265625 0.03515625 0.0171875
0 0.8578125 0.6609375 0.01328125 0.04609375
0 0.9 0.66484375 0.0421875 0.03359375
0 0.8546875 0.64765625 0.04453125 0.02734375
0 0.45 0.63203125 0.0453125 0.01875
0 0.4125 0.59765625 0.05625 0.028125
0 0.2015625 0.6484375 0.04765625 0.0203125
0 0.2640625 0.68828125 0.0453125 0.02265625
0 0.071875 0.45859375 0.04609375 0.02265625
0 0.46640625 0.74375 0.05390625 0.02421875
0 0.3484375 0.79453125 0.05078125 0.02265625
0 0.61875 0.81484375 0.04453125 0.01953125
0 0.409375 0.9203125 0.0546875 0.02265625
0 0.31171875 0.94453125 0.028125 0.02421875
0 0.171875 0.9078125 0.04921875 0.01640625
0 0.70859375 0.8875 0.07421875 0.02421875
0 0.71328125 0.81171875 0.04375 0.0203125
0 0.97734375 0.64296875 0.04453125 0.01796875