0 0.5328125 0.0296875 0.0796875 0.03203125
0 0.146875 0.125 0.06484375 0.03359375
0 0.15390625 0.18359375 0.046875 0.0375
0 0.1765625 0.15625 0.06015625 0.021875
0 0.7171875 0.12890625 0.08515625 0.02421875
0 0.65234375 0.16796875 0.0640625 0.02578125
0 0.69296875 0.18125 0.0703125 0.028125
0 0.6265625 0.203125 0.06484375 0.01796875
0 0.57109375 0.24296875 0.0453125 0.02421875
0 0.878125 0.13359375 0.07421875 0.0203125
0 0.79765625 0.11796875 0.0453125 0.0234375
0 0.11875 0.26015625 0.0609375 0.0390625
0 0.409375 0.46171875 0.04921875 0.021875
0 0.4375 0.4515625 0.046875 0.03203125
0 0.04609375 0.47890625 0.046875 0.0171875
0 0.06953125 0.4703125 0.07421875 0.01640625
0 0.75703125 0.36484375 0.04921875 0.0328125
0 0.8234375 0.24375 0.0578125 0.03125
0 0.478125 0.13984375 0.05 0.0203125
0 0.45078125 0.121875 0.06796875 0.0171875
0 0.40859375 0.02109375 0.0546875 0.02265625
0 0.89921875 0.29921875 0.053125 0.0234375
0 0.61328125 0.6453125 0.040625 0.02890625
0 0.31328125 0.55234375 0.05546875 0.02734375
0 0.1421875 0.49453125 0.040625 0.0171875
0 0.2390625 0.6734375 0.06171875 0.0171875
0 0.39140625 0.69921875 0.0546875 0.02265625
0 0.28515625 0.67734375 0.03984375 0.028125
0 0.1265625 0.7609375 0.0296875 0.03046875
0 0.24140625 0.790625 0.071875 0.0203125
0 0.17421875 0.79375 0.0453125 0.01953125
0 0.06953125 0.8 0.04765625 0.021875
0 0.21640625 0.88125 0.06796875 0.021875
0 0.184375 0.9515625 0.071875 0.0421875
0 0.19140625 0.934375 0.06640625 0.0359375
0 0.5796875 0.78125 0.0609375 0.03046875
0 0.65703125 0.9203125 0.06484375 0.021875
0 0.70703125 0.615625 0.0609375 0.02578125
0 0.76171875 0.4859375 0.0609375 0.03125
0 0.6109375 0.128125 0.07890625 0.02578125
0 0.53125 0.85390625 0.07421875 0.025