2 0.18046875 0.07109375 0.1171875 0.02265625
2 0.1796875 0.05546875 0.08125 0.0296875
2 0.059375 0.125 0.06796875 0.028125
2 0.36796875 0.1046875 0.0375 0.034375
2 0.4359375 0.08515625 0.03984375 0.03515625
2 0.10390625 0.1609375 0.034375 0.0296875
2 0.52578125 0.10234375 0.06796875 0.0234375
2 0.5859375 0.13359375 0.05078125 0.01953125
2 0.625 0.1203125 0.07421875 0.021875
2 0.86875 0.11640625 0.05703125 0.028125
2 0.7828125 0.14375 0.05859375 0.0203125
2 0.34375 0.1703125 0.0734375 0.0203125
2 0.50390625 0.2453125 0.05546875 0.02421875
2 0.0703125 0.29296875 0.04609375 0.034375
2 0.028125 0.3453125 0.0328125 0.0390625
2 0.06796875 0.396875 0.034375 0.0265625
2 0.13515625 0.409375 0.0296875 0.0296875
2 0.3921875 0.36796875 0.028125 0.028125
2 0.48359375 0.42578125 0.06953125 0.01328125
2 0.075 0.49296875 0.034375 0.02421875
2 0.134375 0.54609375 0.03046875 0.028125
2 0.10703125 0.628125 0.03203125 0.02734375
2 0.1828125 0.71953125 0.025 0.0359375
2 0.203125 0.71640625 0.03515625 0.03671875
2 0.19375 0.8328125 0.078125 0.0171875
2 0.16875 0.81328125 0.05703125 0.025
2 0.55625 0.93203125 0.0640625 0.0203125
2 0.934375 0.65078125 0.059375 0.015625
2 0.22734375 0.09140625 0.07890625 0.021875
2 0.0546875 0.440625 0.0296875 0.03359375