0 0.909375 0.109375 0.0765625 0.015625
0 0.61015625 0.084375 0.059375 0.015625
0 0.65703125 0.15625 0.0765625 0.015625
0 0.51171875 0.1234375 0.0625 0.0171875
0 0.2171875 0.0328125 0.06875 0.01875
0 0.0953125 0.103125 0.0671875 0.0234375
0 0.36484375 0.1296875 0.059375 0.0203125
0 0.475 0.15546875 0.065625 0.025
0 0.553125 0.184375 0.059375 0.015625
0 0.42890625 0.24765625 0.040625 0.028125
0 0.7625 0.234375 0.05625 0.0140625
0 0.76875 0.19453125 0.0453125 0.025
0 0.365625 0.3234375 0.0625 0.015625
0 0.65625 0.38984375 0.053125 0.0265625
0 0.7203125 0.4515625 0.04375 0.021875
0 0.45234375 0.45703125 0.04375 0.028125
0 0.04140625 0.30625 0.0609375 0.015625
0 0.22109375 0.51875 0.065625 0.021875
0 0.30859375 0.5765625 0.05 0.015625
0 0.59375 0.57421875 0.0359375 0.01875
0 0.6796875 0.5625 0.046875 0.0171875
0 0.63828125 0.5484375 0.0625 0.0203125
0 0.734375 0.50390625 0.053125 0.01875
0 0.59453125 0.7640625 0.05 0.0203125
0 0.96875 0.753125 0.0625 0.01875
0 0.8921875 0.796875 0.05625 0.0203125
0 0.6046875 0.81953125 0.06875 0.025
0 0.51484375 0.834375 0.05625 0.01875
0 0.509375 0.76015625 0.0546875 0.034375
0 0.2546875 0.7484375 0.034375 0.025
0 0.26484375 0.7796875 0.04375 0.028125
0 0.153125 0.85390625 0.053125 0.01875
0 0.6 0.8921875 0.0765625 0.028125
0 0.021875 0.4109375 0.0421875 0.025
0 0.171875 0.1953125 0.040625 0.015625
0 0.2140625 0.18359375 0.05 0.015625
0 0.95703125 0.659375 0.053125 0.01875
0 0.8578125 0.96015625 0.0625 0.028125
0 0.171875 0.81953125 0.046875 0.021875
0 0.1796875 0.76328125 0.046875 0.025
0 0.0515625 0.653125 0.0640625 0.025
0 0.34375 0.59140625 0.059375 0.025
0 0.6703125 0.78359375 0.053125 0.01875