0 0.965625 0.47421875 0.0203125 0.0625
0 0.93046875 0.48828125 0.028125 0.021875
0 0.85859375 0.665625 0.04375 0.0859375
0 0.8578125 0.96171875 0.028125 0.046875
0 0.79765625 0.51796875 0.034375 0.0625
0 0.68671875 0.94609375 0.03125 0.046875
0 0.61875 0.4796875 0.028125 0.065625
0 0.68828125 0.21171875 0.0375 0.053125
0 0.83671875 0.04140625 0.03125 0.059375
0 0.846875 0.10859375 0.028125 0.065625
0 0.7921875 0.0421875 0.040625 0.071875
0 0.71328125 0.15703125 0.028125 0.0625
0 0.88515625 0.17890625 0.0125 0.040625
0 0.90859375 0.1609375 0.025 0.0375
0 0.91953125 0.07578125 0.01875 0.025
0 0.875 0.375 0.0375 0.0625
0 0.5890625 0.834375 0.0375 0.06875
0 0.55078125 0.51328125 0.0359375 0.034375
0 0.49765625 0.29609375 0.0375 0.084375
0 0.4390625 0.6234375 0.0265625 0.0375
0 0.38203125 0.3765625 0.034375 0.078125
0 0.44375 0.33203125 0.0296875 0.109375
0 0.365625 0.1296875 0.0375 0.065625
0 0.28046875 0.3984375 0.025 0.084375
0 0.1671875 0.23125 0.034375 0.0578125
0 0.134375 0.265625 0.028125 0.078125
0 0.0671875 0.38671875 0.021875 0.034375
0 0.140625 0.52265625 0.025 0.121875
0 0.04296875 0.734375 0.040625 0.0859375
0 0.23359375 0.88359375 0.034375 0.0359375
0 0.225 0.1734375 0.0015625 0.003125
0 0.284375 0.94921875 0.03125 0.05
0 0.5265625 0.8296875 0.0375 0.053125