0 0.984375 0.40390625 0.025 0.059375
0 0.9421875 0.7890625 0.028125 0.071875
0 0.94140625 0.63671875 0.03125 0.0625
0 0.9015625 0.58828125 0.01875 0.05625
0 0.88125 0.678125 0.028125 0.04375
0 0.86328125 0.75234375 0.015625 0.059375
0 0.85546875 0.8375 0.01875 0.05625
0 0.89453125 0.05234375 0.015625 0.0640625
0 0.8671875 0.28671875 0.01875 0.05625
0 0.79921875 0.77265625 0.01875 0.053125
0 0.8140625 0.7359375 0.03125 0.0515625
0 0.83828125 0.72421875 0.01875 0.05625
0 0.76875 0.684375 0.01875 0.046875
0 0.73828125 0.20390625 0.021875 0.05
0 0.78203125 0.30703125 0.01875 0.0578125
0 0.81171875 0.128125 0.0234375 0.0515625
0 0.82734375 0.4015625 0.021875 0.0484375
0 0.80859375 0.4671875 0.021875 0.04375
0 0.81953125 0.44375 0.01875 0.0640625
0 0.65 0.6390625 0.0265625 0.046875
0 0.65625 0.7296875 0.0328125 0.04375
0 0.64921875 0.9625 0.0375 0.0375
0 0.54453125 0.94609375 0.01875 0.05625
0 0.49921875 0.98046875 0.0234375 0.0390625
0 0.4125 0.97265625 0.0203125 0.0546875
0 0.43125 0.41953125 0.021875 0.0625
0 0.309375 0.56171875 0.034375 0.040625
0 0.66796875 0.12578125 0.0265625 0.0359375
0 0.71171875 0.08046875 0.021875 0.0390625
0 0.85234375 0.15078125 0.01875 0.0796875
0 0.95625 0.90625 0.015625 0.05
0 0.221875 0.4953125 0.021875 0.05625
0 0.28671875 0.24765625 0.0265625 0.028125
0 0.26953125 0.13515625 0.015625 0.046875
0 0.23984375 0.0625 0.025 0.034375
0 0.25234375 0.93828125 0.0296875 0.0265625
0 0.15234375 0.9703125 0.028125 0.034375
0 0.17734375 0.86640625 0.01875 0.04375
0 0.18359375 0.84140625 0.015625 0.075
0 0.17109375 0.53828125 0.01875 0.0640625
0 0.15625 0.43828125 0.0140625 0.065625
0 0.15 0.3640625 0.01875 0.059375
0 0.07578125 0.8515625 0.025 0.03125
0 0.10234375 0.85546875 0.0234375 0.0375
0 0.01953125 0.26015625 0.021875 0.065625
0 0.12265625 0.27890625 0.021875 0.040625