0 0.67578125 0.084375 0.07890625 0.01875
0 0.74375 0.10546875 0.09140625 0.02734375
0 0.7515625 0.0875 0.0703125 0.02109375
0 0.1171875 0.01015625 0.0671875 0.0203125
0 0.12421875 0.1203125 0.06875 0.01953125
0 0.16328125 0.125 0.08671875 0.0265625
0 0.13125 0.09375 0.0546875 0.03046875
0 0.2265625 0.14765625 0.0609375 0.02265625
0 0.2640625 0.13046875 0.06875 0.0234375
0 0.3953125 0.2171875 0.0671875 0.0296875
0 0.40703125 0.1921875 0.0625 0.03046875
0 0.67421875 0.2328125 0.08515625 0.025
0 0.73046875 0.1875 0.0625 0.03046875
0 0.5328125 0.1234375 0.07890625 0.02734375
0 0.8421875 0.128125 0.0609375 0.0265625
0 0.94609375 0.321875 0.0421875 0.03828125
0 0.74609375 0.3515625 0.05 0.04765625
0 0.64609375 0.3015625 0.0609375 0.04140625
0 0.51171875 0.31640625 0.0625 0.03203125
0 0.54609375 0.31484375 0.0453125 0.03203125
0 0.58984375 0.4046875 0.05234375 0.03046875
0 0.684375 0.421875 0.06875 0.01640625
0 0.7921875 0.40625 0.0625 0.03359375
0 0.24609375 0.471875 0.071875 0.02890625
0 0.42421875 0.4796875 0.059375 0.040625
0 0.6453125 0.4671875 0.0828125 0.0203125
0 0.13203125 0.60390625 0.05078125 0.02109375
0 0.0328125 0.60703125 0.065625 0.0171875
0 0.68671875 0.56875 0.06875 0.0203125
0 0.77265625 0.6296875 0.0640625 0.021875
0 0.85078125 0.553125 0.05234375 0.03203125
0 0.8171875 0.49453125 0.03984375 0.02421875
0 0.1734375 0.77265625 0.059375 0.02109375
0 0.27109375 0.7484375 0.0625 0.01640625
0 0.37734375 0.7375 0.06015625 0.0140625
0 0.36015625 0.82109375 0.06875 0.0203125
0 0.48125 0.81484375 0.053125 0.0171875
0 0.49921875 0.8453125 0.05078125 0.01640625
0 0.5015625 0.884375 0.0578125 0.02109375
0 0.6953125 0.9203125 0.0484375 0.02421875
0 0.3921875 0.9296875 0.07578125 0.01953125
0 0.30390625 0.94765625 0.0625 0.02265625
0 0.24453125 0.790625 0.05234375 0.0140625
0 0.74609375 0.90546875 0.0390625 0.03203125
0 0.7796875 0.91328125 0.04453125 0.03515625
0 0.1609375 0.97890625 0.06015625 0.0296875