2 0.88828125 0.109375 0.0484375 0.0234375
2 0.73046875 0.1015625 0.0578125 0.02421875
2 0.37578125 0.084375 0.071875 0.02578125
2 0.35078125 0.07265625 0.0515625 0.01640625
2 0.4453125 0.084375 0.04765625 0.01484375
2 0.10390625 0.125 0.0734375 0.01796875
2 0.15 0.09921875 0.0609375 0.02265625
2 0.04375 0.18671875 0.04765625 0.025
2 0.321875 0.146875 0.03671875 0.0171875
2 0.19375 0.165625 0.0453125 0.021875
2 0.12578125 0.23046875 0.0453125 0.03046875
2 0.20703125 0.20703125 0.02890625 0.01875
2 0.2171875 0.17109375 0.053125 0.01796875
2 0.2109375 0.15625 0.046875 0.0234375
2 0.5859375 0.215625 0.0609375 0.01328125
2 0.4546875 0.1828125 0.04296875 0.0171875
2 0.7 0.15625 0.0453125 0.021875
2 0.07421875 0.20078125 0.02109375 0.02890625
2 0.053125 0.2828125 0.02890625 0.02734375
2 0.05859375 0.41015625 0.03984375 0.0359375
2 0.13203125 0.4375 0.03515625 0.01796875
2 0.06640625 0.3625 0.046875 0.01875
2 0.39609375 0.36953125 0.06640625 0.0203125
2 0.075 0.52421875 0.03984375 0.02421875
2 0.09140625 0.6078125 0.0328125 0.02109375
2 0.12265625 0.60078125 0.02890625 0.02578125
2 0.1546875 0.57109375 0.0265625 0.025
2 0.0734375 0.7046875 0.03671875 0.01875
2 0.51796875 0.81640625 0.046875 0.02265625
2 0.55859375 0.834375 0.06640625 0.01875
2 0.7890625 0.84453125 0.04609375 0.015625
2 0.8796875 0.7890625 0.05546875 0.02109375
2 0.78984375 0.74765625 0.06328125 0.01875
2 0.2109375 0.8515625 0.0375 0.02109375
2 0.3640625 0.86015625 0.0546875 0.021875
2 0.13671875 0.76796875 0.02734375 0.015625
2 0.1828125 0.775 0.06015625 0.01875
2 0.12421875 0.75390625 0.0390625 0.0234375
2 0.12421875 0.734375 0.05546875 0.02265625
2 0.08359375 0.684375 0.0375 0.02734375