0 0.0328125 0.8890625 0.03125 0.0640625
0 0.07578125 0.4203125 0.025 0.071875
0 0.06953125 0.75078125 0.028125 0.0484375
0 0.009375 0.38046875 0.01875 0.05
0 0.0171875 0.44765625 0.01875 0.0578125
0 0.14609375 0.6890625 0.025 0.0515625
0 0.15078125 0.64921875 0.01875 0.05625
0 0.19765625 0.4390625 0.03125 0.0375
0 0.2390625 0.1078125 0.025 0.05
0 0.2640625 0.2375 0.03125 0.0421875
0 0.246875 0.5625 0.025 0.034375
0 0.2421875 0.5234375 0.01875 0.0578125
0 0.34296875 0.65703125 0.028125 0.0625
0 0.45625 0.6125 0.025 0.0546875
0 0.53984375 0.63046875 0.0171875 0.0375
0 0.621875 0.84296875 0.021875 0.071875
0 0.5828125 0.6234375 0.01875 0.078125
0 0.64921875 0.73046875 0.0296875 0.0375
0 0.659375 0.48203125 0.0203125 0.06875
0 0.67421875 0.09453125 0.021875 0.0625
0 0.92578125 0.7703125 0.0171875 0.05625
0 0.90859375 0.77421875 0.01875 0.071875
0 0.85 0.96328125 0.0171875 0.0671875
0 0.88125 0.3625 0.025 0.05
0 0.896875 0.22109375 0.0265625 0.034375
0 0.96953125 0.36953125 0.0328125 0.0453125
0 0.815625 0.61484375 0.025 0.046875
0 0.884375 0.1828125 0.025 0.04375
0 0.71015625 0.8453125 0.01875 0.046875
0 0.76484375 0.6796875 0.025 0.05
0 0.76875 0.6015625 0.01875 0.059375
0 0.7921875 0.51484375 0.015625 0.0703125
0 0.83046875 0.90078125 0.01875 0.053125
0 0.13046875 0.0984375 0.01875 0.0375
0 0.8046875 0.93046875 0.01875 0.046875
0 0.89140625 0.81796875 0.015625 0.0578125