0 0.94296875 0.790625 0.0234375 0.0859375
0 0.83125 0.37421875 0.01875 0.0609375
0 0.7984375 0.06953125 0.034375 0.04375
0 0.7828125 0.6109375 0.0234375 0.090625
0 0.7921875 0.671875 0.021875 0.0734375
0 0.88828125 0.95859375 0.025 0.0625
0 0.87265625 0.76328125 0.01875 0.0875
0 0.7703125 0.9140625 0.025 0.0609375
0 0.7859375 0.934375 0.0171875 0.05
0 0.7109375 0.97578125 0.0203125 0.046875
0 0.634375 0.6375 0.03125 0.0640625
0 0.50703125 0.4046875 0.0296875 0.0703125
0 0.525 0.421875 0.0296875 0.05625
0 0.48984375 0.25078125 0.021875 0.065625
0 0.48984375 0.06328125 0.021875 0.0703125
0 0.82265625 0.32421875 0.0203125 0.0609375
0 0.4734375 0.66015625 0.0265625 0.03125
0 0.4265625 0.69296875 0.01875 0.0625
0 0.39375 0.43359375 0.01875 0.0546875
0 0.4125 0.4078125 0.028125 0.0375
0 0.4359375 0.19453125 0.0234375 0.0546875
0 0.47890625 0.77578125 0.0171875 0.06875
0 0.54296875 0.921875 0.028125 0.04375
0 0.59140625 0.85625 0.0234375 0.046875
0 0.23203125 0.5703125 0.021875 0.0625
0 0.30625 0.409375 0.0203125 0.046875
0 0.1921875 0.590625 0.025 0.0515625
0 0.16015625 0.63984375 0.021875 0.0625
0 0.16875 0.53984375 0.01875 0.053125
0 0.153125 0.49921875 0.021875 0.0703125
0 0.190625 0.33515625 0.01875 0.05625
0 0.15625 0.32734375 0.01875 0.075
0 0.1703125 0.20625 0.021875 0.0625
0 0.1171875 0.0484375 0.021875 0.0484375
0 0.234375 0.19453125 0.021875 0.05625
0 0.28125 0.26171875 0.03125 0.053125
0 0.31171875 0.03984375 0.021875 0.0515625
0 0.5734375 0.2375 0.01875 0.053125
0 0.21015625 0.528125 0.015625 0.0484375
0 0.221875 0.471875 0.025 0.046875