0 0.95703125 0.5171875 0.028125 0.05625
0 0.93359375 0.6390625 0.028125 0.05625
0 0.95390625 0.90546875 0.0265625 0.0671875
0 0.884375 0.9328125 0.01875 0.05
0 0.803125 0.98125 0.028125 0.0375
0 0.80078125 0.69609375 0.01875 0.0625
0 0.79765625 0.60546875 0.025 0.040625
0 0.815625 0.4625 0.025 0.06875
0 0.82890625 0.27265625 0.01875 0.0390625
0 0.828125 0.33671875 0.025 0.075
0 0.87265625 0.19453125 0.01875 0.0375
0 0.83125 0.10234375 0.025 0.0375
0 0.8859375 0.12578125 0.021875 0.046875
0 0.915625 0.3359375 0.01875 0.04375
0 0.62578125 0.2234375 0.0265625 0.0609375
0 0.65078125 0.275 0.01875 0.05625
0 0.68359375 0.75546875 0.025 0.046875
0 0.63671875 0.75703125 0.0296875 0.078125
0 0.58125 0.76875 0.0171875 0.0421875
0 0.603125 0.82890625 0.034375 0.0484375
0 0.46640625 0.43203125 0.0328125 0.084375
0 0.5234375 0.215625 0.025 0.0875
0 0.3703125 0.32578125 0.025 0.0625
0 0.31875 0.15625 0.028125 0.0640625
0 0.35703125 0.82578125 0.040625 0.08125
0 0.44921875 0.85234375 0.0234375 0.0546875
0 0.32265625 0.38671875 0.025 0.0765625
0 0.26640625 0.42109375 0.03125 0.065625
0 0.196875 0.2125 0.0359375 0.0890625
0 0.18828125 0.1015625 0.0265625 0.059375
0 0.08046875 0.47265625 0.01875 0.0671875
0 0.11796875 0.77578125 0.034375 0.0609375
0 0.15078125 0.221875 0.028125 0.046875
0 0.21015625 0.48203125 0.0390625 0.025
0 0.3328125 0.8953125 0.025 0.06875
0 0.49296875 0.290625 0.021875 0.01875
0 0.4375 0.06328125 0.03125 0.084375
0 0.55546875 0.81875 0.046875 0.05625
0 0.84453125 0.85703125 0.0359375 0.05625
0 0.66484375 0.93984375 0.0375 0.065625