0 0.31796875 0.1046875 0.0609375 0.0390625
0 0.16484375 0.23671875 0.06875 0.040625
0 0.0375 0.3125 0.0734375 0.021875
0 0.3625 0.3265625 0.0265625 0.02734375
0 0.5046875 0.165625 0.0515625 0.046875
0 0.50625 0.22578125 0.08125 0.025
0 0.67265625 0.34140625 0.0515625 0.0296875
0 0.69375 0.29765625 0.0703125 0.02890625
0 0.7828125 0.26484375 0.08671875 0.0515625
0 0.971875 0.2421875 0.03125 0.0359375
0 0.6265625 0.14609375 0.06015625 0.0359375
0 0.61796875 0.115625 0.06171875 0.01640625
0 0.3984375 0.1296875 0.05078125 0.028125
0 0.0515625 0.17421875 0.08125 0.04453125
0 0.10390625 0.15703125 0.0625 0.025
0 0.109375 0.11796875 0.0609375 0.02421875
0 0.26015625 0.52421875 0.065625 0.03984375
0 0.26328125 0.4921875 0.04296875 0.01953125
0 0.27265625 0.45703125 0.046875 0.040625
0 0.48671875 0.634375 0.0453125 0.03984375
0 0.346875 0.65625 0.05 0.02734375
0 0.04375 0.5890625 0.0515625 0.03984375
0 0.07578125 0.7390625 0.0265625 0.0375
0 0.353125 0.93671875 0.06796875 0.0328125
0 0.6 0.80625 0.05390625 0.02734375
0 0.8984375 0.7390625 0.05625 0.021875
0 0.06484375 0.7828125 0.05703125 0.0171875
0 0.72734375 0.42734375 0.05703125 0.046875
0 0.82421875 0.38203125 0.04453125 0.028125
0 0.9125 0.571875 0.0515625 0.03984375
0 0.715625 0.10234375 0.05 0.02734375