0 0.3296875 0.0390625 0.0625 0.034375
0 0.11953125 0.12890625 0.06484375 0.02578125
0 0.22265625 0.1984375 0.0875 0.03046875
0 0.4125 0.2296875 0.090625 0.0265625
0 0.51171875 0.29140625 0.05859375 0.03203125
0 0.52421875 0.24375 0.0578125 0.028125
0 0.72421875 0.31328125 0.0578125 0.03046875
0 0.94453125 0.32109375 0.0703125 0.03203125
0 0.07890625 0.2453125 0.06640625 0.0328125
0 0.0265625 0.23828125 0.0421875 0.034375
0 0.12265625 0.3671875 0.0703125 0.02421875
0 0.53515625 0.40546875 0.06875 0.02890625
0 0.4546875 0.39453125 0.08125 0.02890625
0 0.775 0.53828125 0.071875 0.03125
0 0.49140625 0.5984375 0.05546875 0.01875
0 0.72265625 0.59375 0.09140625 0.02578125
0 0.6078125 0.65546875 0.05703125 0.02578125
0 0.5203125 0.6140625 0.05859375 0.02734375
0 0.05703125 0.6046875 0.0671875 0.03046875
0 0.103125 0.7453125 0.0578125 0.021875
0 0.05234375 0.77421875 0.03515625 0.02109375
0 0.44453125 0.69765625 0.03828125 0.01953125
0 0.13671875 0.83828125 0.08515625 0.02890625
0 0.17890625 0.8546875 0.071875 0.021875
0 0.64375 0.8453125 0.0625 0.0421875
0 0.2921875 0.87421875 0.065625 0.0328125
0 0.31328125 0.59921875 0.0734375 0.025
0 0.69296875 0.28046875 0.04609375 0.0171875
0 0.5984375 0.24609375 0.06328125 0.02109375
0 0.5015625 0.4890625 0.05234375 0.02734375
0 0.19140625 0.06875 0.06640625 0.03515625
0 0.40234375 0.0515625 0.05078125 0.02421875
0 0.19375 0.09921875 0.06875 0.021875