0 0.49921875 0.04296875 0.06015625 0.021875
0 0.26015625 0.0953125 0.05546875 0.02109375
0 0.62578125 0.20390625 0.06875 0.02578125
0 0.70390625 0.14609375 0.04140625 0.015625
0 0.82421875 0.109375 0.05390625 0.0171875
0 0.809375 0.18203125 0.03828125 0.015625
0 0.534375 0.2734375 0.0515625 0.021875
0 0.88125 0.27734375 0.0578125 0.03203125
0 0.42734375 0.40859375 0.075 0.025
0 0.13515625 0.47734375 0.06875 0.015625
0 0.23125 0.46875 0.08515625 0.01875
0 0.2734375 0.46484375 0.06484375 0.02578125
0 0.51640625 0.45390625 0.0734375 0.0265625
0 0.44140625 0.51484375 0.04296875 0.021875
0 0.4328125 0.2453125 0.06171875 0.0265625
0 0.10546875 0.09609375 0.06875 0.01953125
0 0.04453125 0.61328125 0.06484375 0.01875
0 0.02734375 0.5953125 0.040625 0.028125
0 0.30234375 0.6078125 0.05234375 0.01640625
0 0.19765625 0.675 0.04375 0.02578125
0 0.4046875 0.6640625 0.0609375 0.0203125
0 0.4078125 0.69609375 0.0296875 0.028125
0 0.54453125 0.66796875 0.0375 0.0234375
0 0.9171875 0.69765625 0.046875 0.01953125
0 0.93203125 0.6703125 0.04609375 0.0296875
0 0.66328125 0.62421875 0.06015625 0.0140625
0 0.6640625 0.60625 0.0515625 0.01875
0 0.875 0.53359375 0.06171875 0.0203125
0 0.26484375 0.8046875 0.071875 0.02109375
0 0.21484375 0.7390625 0.03515625 0.028125
0 0.06015625 0.82578125 0.06328125 0.02109375
0 0.0515625 0.81875 0.0453125 0.01484375
0 0.27734375 0.90234375 0.0625 0.02265625
0 0.57265625 0.91328125 0.0515625 0.01953125
0 0.56875 0.8828125 0.0609375 0.02421875
0 0.41015625 0.9546875 0.06875 0.01875
0 0.871875 0.94375 0.090625 0.0171875
0 0.3765625 0.74921875 0.04765625 0.02734375
0 0.24453125 0.51796875 0.04453125 0.034375
0 0.56171875 0.01171875 0.07578125 0.01640625