0 0.94765625 0.421875 0.021875 0.071875
0 0.94140625 0.6734375 0.015625 0.071875
0 0.97890625 0.6734375 0.015625 0.053125
0 0.9140625 0.175 0.0234375 0.046875
0 0.8734375 0.53671875 0.021875 0.0453125
0 0.9015625 0.84921875 0.021875 0.0484375
0 0.9203125 0.9390625 0.0234375 0.06875
0 0.87265625 0.7671875 0.025 0.0515625
0 0.7984375 0.290625 0.025 0.09375
0 0.79765625 0.18046875 0.034375 0.0390625
0 0.76484375 0.18671875 0.01875 0.0640625
0 0.728125 0.37578125 0.0265625 0.0828125
0 0.6859375 0.64609375 0.04375 0.078125
0 0.69609375 0.56015625 0.0265625 0.0625
0 0.7203125 0.88203125 0.021875 0.0765625
0 0.709375 0.98046875 0.025 0.0390625
0 0.8359375 0.60546875 0.040625 0.0625
0 0.64609375 0.34609375 0.025 0.084375
0 0.68515625 0.040625 0.034375 0.078125
0 0.56796875 0.34921875 0.03125 0.0546875
0 0.52109375 0.60546875 0.01875 0.059375
0 0.46953125 0.7359375 0.028125 0.071875
0 0.38046875 0.946875 0.028125 0.0703125
0 0.43828125 0.84140625 0.01875 0.059375
0 0.4234375 0.396875 0.0328125 0.08125
0 0.45859375 0.10625 0.015625 0.0890625
0 0.3796875 0.3421875 0.0125 0.0328125
0 0.32421875 0.30625 0.0296875 0.046875
0 0.3 0.06484375 0.0265625 0.075
0 0.265625 0.83515625 0.021875 0.0515625
0 0.246875 0.9359375 0.015625 0.06875
0 0.25234375 0.71171875 0.0265625 0.0375
0 0.19453125 0.8140625 0.034375 0.053125
0 0.22265625 0.46484375 0.021875 0.04375
0 0.25078125 0.321875 0.01875 0.0703125
0 0.16015625 0.35546875 0.021875 0.034375
0 0.21484375 0.28515625 0.025 0.05625
0 0.12421875 0.07578125 0.028125 0.0625
0 0.0640625 0.4375 0.028125 0.059375
0 0.12421875 0.66953125 0.0265625 0.0609375
0 0.096875 0.6203125 0.021875 0.034375
0 0.165625 0.678125 0.021875 0.071875
0 0.1578125 0.86328125 0.0171875 0.05
0 0.14765625 0.60234375 0.0171875 0.0640625
0 0.16171875 0.59375 0.01875 0.053125
0 0.0609375 0.18125 0.0265625 0.04375
0 0.0453125 0.09140625 0.0390625 0.075
0 0.40859375 0.9125 0.03125 0.05625
0 0.33828125 0.3703125 0.025 0.0390625
0 0.8390625 0.0890625 0.01875 0.05
0 0.9078125 0.78671875 0.025 0.0609375
0 0.95234375 0.48125 0.0234375 0.040625
0 0.98046875 0.47734375 0.0171875 0.0609375