0 0.2046875 0.103125 0.065625 0.01796875
0 0.56015625 0.07734375 0.0453125 0.02109375
0 0.8015625 0.078125 0.0671875 0.01640625
0 0.6359375 0.121875 0.071875 0.021875
0 0.60546875 0.0140625 0.06171875 0.021875
0 0.83046875 0.04609375 0.0546875 0.0203125
0 0.22734375 0.1359375 0.07265625 0.01796875
0 0.50703125 0.1671875 0.06328125 0.0171875
0 0.8140625 0.17109375 0.04453125 0.0203125
0 0.3125 0.23046875 0.05 0.02578125
0 0.1984375 0.296875 0.03515625 0.025
0 0.2234375 0.27421875 0.03046875 0.02421875
0 0.92890625 0.26484375 0.03984375 0.02265625
0 0.7609375 0.39140625 0.05703125 0.02421875
0 0.14765625 0.51953125 0.06328125 0.01796875
0 0.57890625 0.49453125 0.07578125 0.015625
0 0.5375 0.59609375 0.0671875 0.01953125
0 0.54765625 0.61484375 0.03671875 0.02421875
0 0.82109375 0.65 0.05078125 0.02734375
0 0.875 0.646875 0.053125 0.02578125
0 0.2078125 0.671875 0.04765625 0.028125
0 0.0890625 0.68125 0.05546875 0.03203125
0 0.47109375 0.7328125 0.06796875 0.0203125
0 0.26796875 0.7671875 0.06328125 0.02265625
0 0.3 0.7265625 0.065625 0.0203125
0 0.721875 0.76796875 0.0578125 0.01953125
0 0.128125 0.87109375 0.06953125 0.02109375
0 0.303125 0.965625 0.071875 0.02265625
0 0.46875 0.97109375 0.096875 0.02890625
0 0.3078125 0.8828125 0.065625 0.028125
0 0.26484375 0.8859375 0.05234375 0.01953125
0 0.021875 0.946875 0.03046875 0.03046875
0 0.6265625 0.878125 0.0671875 0.01953125
0 0.5140625 0.8140625 0.04921875 0.01640625
0 0.4484375 0.80703125 0.0671875 0.01953125
0 0.8640625 0.10859375 0.05078125 0.028125
0 0.5484375 0.7203125 0.06015625 0.03984375
0 0.1609375 0.78046875 0.0671875 0.0265625
0 0.85546875 0.59765625 0.0609375 0.02109375