2 0.0375 0.5515625 0.028125 0.0890625
2 0.1046875 0.51328125 0.03125 0.053125
2 0.134375 0.5875 0.03125 0.046875
2 0.146875 0.521875 0.025 0.0296875
2 0.16875 0.403125 0.028125 0.078125
2 0.1453125 0.38984375 0.021875 0.0375
2 0.19921875 0.40703125 0.01875 0.0515625
2 0.19375 0.30625 0.034375 0.046875
2 0.121875 0.30625 0.03125 0.0875
2 0.0953125 0.08203125 0.028125 0.0796875
2 0.221875 0.06015625 0.0484375 0.1
2 0.3328125 0.17734375 0.053125 0.0671875
2 0.3609375 0.27890625 0.0328125 0.05625
2 0.4 0.5078125 0.0375 0.071875
2 0.3828125 0.6875 0.0375 0.05625
2 0.303125 0.75625 0.0328125 0.034375
2 0.28984375 0.84453125 0.034375 0.04375
2 0.28046875 0.81640625 0.040625 0.0515625
2 0.03671875 0.9 0.0265625 0.0578125
2 0.025 0.8421875 0.05 0.0875
2 0.0828125 0.8984375 0.01875 0.034375
2 0.1015625 0.84609375 0.05 0.08125
2 0.13203125 0.94453125 0.0375 0.0515625
2 0.38203125 0.92109375 0.04375 0.0796875
2 0.43984375 0.921875 0.040625 0.0375
2 0.6046875 0.84140625 0.04375 0.0609375
2 0.68203125 0.82265625 0.04375 0.0625
2 0.66015625 0.6953125 0.0375 0.040625
2 0.66328125 0.596875 0.04375 0.084375
2 0.6484375 0.45546875 0.028125 0.046875
2 0.6203125 0.52734375 0.0265625 0.0578125
2 0.80625 0.67734375 0.0390625 0.084375
2 0.82734375 0.40703125 0.0359375 0.06875
2 0.8046875 0.36484375 0.025 0.0375
2 0.86171875 0.8203125 0.04375 0.071875
2 0.6875 0.93515625 0.021875 0.0703125