1 0.9578125 0.846875 0.034375 0.01875
1 0.92578125 0.796875 0.0203125 0.0328125
1 0.91796875 0.75078125 0.0140625 0.0390625
1 0.9265625 0.6734375 0.021875 0.05
1 0.94453125 0.68046875 0.0171875 0.05
1 0.9203125 0.6015625 0.0140625 0.0390625
1 0.8890625 0.7109375 0.0125 0.040625
1 0.884375 0.76640625 0.0203125 0.0328125
1 0.9078125 0.8890625 0.01875 0.021875
1 0.7875 0.79765625 0.028125 0.028125
1 0.92734375 0.53046875 0.0140625 0.046875
1 0.86328125 0.33671875 0.021875 0.046875
1 0.88359375 0.309375 0.01875 0.040625
1 0.87265625 0.27265625 0.03125 0.0265625
1 0.77421875 0.31171875 0.028125 0.0234375
1 0.77734375 0.28671875 0.03125 0.01875
1 0.809375 0.2828125 0.03125 0.028125
1 0.81875 0.26484375 0.025 0.0375
1 0.7296875 0.37734375 0.040625 0.040625
1 0.8265625 0.50234375 0.01875 0.04375
1 0.81640625 0.453125 0.0171875 0.0359375
1 0.7828125 0.4265625 0.028125 0.0234375
1 0.71328125 0.465625 0.028125 0.03125
1 0.73828125 0.4703125 0.0296875 0.025
1 0.6609375 0.4515625 0.0296875 0.01875
1 0.6921875 0.44921875 0.025 0.03125
1 0.70546875 0.42421875 0.03125 0.0265625
1 0.67578125 0.659375 0.028125 0.040625
1 0.60703125 0.41328125 0.028125 0.040625
1 0.63828125 0.4 0.01875 0.04375
1 0.63515625 0.36640625 0.0375 0.0390625
1 0.5140625 0.6734375 0.021875 0.0421875
1 0.46640625 0.5953125 0.034375 0.025
1 0.54296875 0.4140625 0.021875 0.05625
1 0.53828125 0.409375 0.025 0.03125
1 0.36796875 0.459375 0.0265625 0.053125
1 0.37578125 0.3796875 0.0375 0.0328125
1 0.3125 0.70703125 0.03125 0.034375
1 0.30546875 0.88984375 0.015625 0.04375
1 0.24921875 0.840625 0.028125 0.0375
1 0.2578125 0.659375 0.0265625 0.053125
1 0.29140625 0.5640625 0.03125 0.028125
1 0.27109375 0.534375 0.034375 0.021875
1 0.21015625 0.4234375 0.0328125 0.03125
1 0.24296875 0.42734375 0.03125 0.028125
1 0.196875 0.58125 0.028125 0.0421875
1 0.22578125 0.3046875 0.034375 0.028125
1 0.1984375 0.753125 0.0203125 0.0375
1 0.08125 0.6 0.03125 0.0390625
1 0.05078125 0.58671875 0.03125 0.03125
1 0.08046875 0.5953125 0.034375 0.021875
1 0.06484375 0.35234375 0.025 0.0359375
1 0.059375 0.95546875 0.01875 0.053125
1 0.07734375 0.94140625 0.0171875 0.0640625
1 0.09296875 0.96328125 0.025 0.05
1 0.09140625 0.90625 0.01875 0.059375
1 0.06328125 0.87109375 0.021875 0.05
1 0.0765625 0.76015625 0.021875 0.0515625
1 0.88828125 0.38203125 0.021875 0.040625