1 0.98046875 0.2765625 0.0375 0.046875
1 0.971875 0.22578125 0.05625 0.05
1 0.86796875 0.50859375 0.065625 0.046875
1 0.75859375 0.56796875 0.053125 0.0484375
1 0.74296875 0.509375 0.053125 0.034375
1 0.775 0.37109375 0.06875 0.0484375
1 0.528125 0.55234375 0.05 0.05
1 0.46640625 0.54296875 0.0765625 0.046875
1 0.33515625 0.5671875 0.084375 0.0515625
1 0.25546875 0.56640625 0.0875 0.05625
1 0.25234375 0.4984375 0.109375 0.0453125
1 0.071875 0.3734375 0.06875 0.059375
1 0.09296875 0.32578125 0.096875 0.059375