1 0.1875 0.01484375 0.03125 0.02578125
1 0.1125 0.015625 0.02734375 0.02578125
1 0.140625 0.08984375 0.02890625 0.028125
1 0.29609375 0.01328125 0.05 0.02421875
1 0.178125 0.1125 0.03125 0.0265625
1 0.20625 0.11796875 0.0296875 0.0265625
1 0.38984375 0.03125 0.0421875 0.0171875
1 0.43671875 0.0328125 0.03828125 0.02265625
1 0.415625 0.040625 0.0375 0.01953125
1 0.084375 0.16953125 0.025 0.025
1 0.09140625 0.14765625 0.0234375 0.028125
1 0.559375 0.0625 0.03828125 0.01875
1 0.52109375 0.11484375 0.03671875 0.0140625
1 0.28828125 0.2015625 0.03203125 0.0171875
1 0.39921875 0.19296875 0.021875 0.02734375
1 0.3078125 0.2421875 0.02109375 0.025
1 0.64453125 0.14609375 0.04140625 0.01953125
1 0.6453125 0.06796875 0.03515625 0.021875
1 0.584375 0.084375 0.03828125 0.01875
1 0.73828125 0.0265625 0.03359375 0.0171875
1 0.69140625 0.0390625 0.0390625 0.02265625
1 0.73046875 0.06015625 0.0390625 0.015625
1 0.8625 0.075 0.03046875 0.02421875
1 0.8078125 0.13828125 0.03046875 0.01640625
1 0.82578125 0.12421875 0.02109375 0.021875
1 0.59609375 0.23125 0.03125 0.015625
1 0.85703125 0.2453125 0.02265625 0.02578125
1 0.8703125 0.24453125 0.02109375 0.02578125
1 0.865625 0.27421875 0.02890625 0.02265625
1 0.87421875 0.3234375 0.0265625 0.01953125
1 0.7609375 0.26640625 0.02890625 0.0234375
1 0.80078125 0.2765625 0.02890625 0.01484375
1 0.85 0.38125 0.025 0.0234375
1 0.8578125 0.38203125 0.03046875 0.028125
1 0.81796875 0.4 0.01796875 0.0203125
1 0.6171875 0.36171875 0.02578125 0.02421875
1 0.84609375 0.45859375 0.01953125 0.01796875
1 0.85 0.4421875 0.02578125 0.01875
1 0.81796875 0.5265625 0.021875 0.0296875
1 0.85546875 0.52890625 0.01953125 0.025
1 0.625 0.52578125 0.02734375 0.01953125
1 0.08359375 0.259375 0.01953125 0.02734375
1 0.14921875 0.26953125 0.02265625 0.02734375
1 0.090625 0.33671875 0.02265625 0.03046875
1 0.08671875 0.41796875 0.02421875 0.03203125
1 0.08203125 0.48671875 0.025 0.034375
1 0.034375 0.459375 0.0265625 0.028125
1 0.028125 0.49765625 0.025 0.0328125
1 0.071875 0.5328125 0.0328125 0.028125
1 0.12890625 0.565625 0.02421875 0.0265625
1 0.23671875 0.5375 0.02421875 0.02421875
1 0.32265625 0.4875 0.0234375 0.03046875
1 0.025 0.57734375 0.02421875 0.03046875
1 0.0734375 0.615625 0.0171875 0.0265625
1 0.02578125 0.63671875 0.021875 0.02734375
1 0.0734375 0.63828125 0.02421875 0.01875
1 0.05546875 0.6640625 0.01875 0.025
1 0.05078125 0.6875 0.02265625 0.02734375
1 0.17890625 0.69765625 0.03046875 0.01640625
1 0.209375 0.66875 0.02421875 0.0140625
1 0.17578125 0.71875 0.01484375 0.01953125
1 0.034375 0.76796875 0.02265625 0.02578125
1 0.06640625 0.78984375 0.0203125 0.01796875
1 0.15703125 0.79609375 0.0296875 0.01484375
1 0.15625 0.7875 0.03125 0.01328125
1 0.02734375 0.85 0.01640625 0.0265625
1 0.03671875 0.83984375 0.01796875 0.021875
1 0.16953125 0.8390625 0.0296875 0.02109375
1 0.07890625 0.878125 0.015625 0.02109375
1 0.05234375 0.9 0.0234375 0.01875
1 0.140625 0.96484375 0.0265625 0.0140625
1 0.19140625 0.98515625 0.01875 0.01640625
1 0.16953125 0.94375 0.0234375 0.01015625
1 0.2359375 0.96015625 0.025 0.01328125
1 0.25703125 0.9796875 0.0234375 0.009375
1 0.34296875 0.95546875 0.0234375 0.0109375
1 0.37734375 0.96953125 0.02421875 0.01171875
1 0.3515625 0.9328125 0.02578125 0.01171875
1 0.36796875 0.9234375 0.01640625 0.02265625
1 0.2984375 0.8890625 0.025 0.01328125
1 0.49609375 0.934375 0.025 0.01015625
1 0.57421875 0.94609375 0.02578125 0.01015625
1 0.55625 0.98046875 0.0234375 0.009375
1 0.58359375 0.9703125 0.03203125 0.01171875
1 0.6234375 0.98359375 0.028125 0.01171875
1 0.7640625 0.96484375 0.02421875 0.0140625
1 0.7875 0.9734375 0.02109375 0.015625
1 0.825 0.90703125 0.01875 0.01796875
1 0.784375 0.8734375 0.01640625 0.0171875
1 0.8328125 0.828125 0.01640625 0.021875
1 0.853125 0.75859375 0.01953125 0.02109375
1 0.66640625 0.76640625 0.01796875 0.0234375
1 0.59140625 0.73125 0.015625 0.025