1 0.640625 0.1734375 0.0390625 0.025
1 0.6921875 0.209375 0.028125 0.0203125
1 0.828125 0.28359375 0.0296875 0.0265625
1 0.43984375 0.246875 0.0265625 0.0296875
1 0.38828125 0.2578125 0.03125 0.01875
1 0.4890625 0.22265625 0.034375 0.0203125
1 0.3796875 0.22109375 0.03125 0.021875
1 0.3546875 0.225 0.03125 0.025
1 0.25234375 0.30546875 0.034375 0.021875
1 0.315625 0.29921875 0.021875 0.021875
1 0.3453125 0.27421875 0.0265625 0.028125
1 0.20390625 0.39453125 0.034375 0.04375
1 0.2484375 0.4046875 0.0328125 0.025
1 0.24140625 0.47421875 0.034375 0.0265625
1 0.2 0.43984375 0.028125 0.025
1 0.1859375 0.48828125 0.034375 0.028125
1 0.190625 0.5390625 0.03125 0.03125
1 0.2375 0.51875 0.01875 0.01875
1 0.215625 0.509375 0.021875 0.0265625
1 0.03046875 0.51171875 0.0546875 0.04375
1 0.225 0.6140625 0.028125 0.021875
1 0.29609375 0.625 0.0375 0.0203125
1 0.3296875 0.63125 0.028125 0.021875
1 0.38515625 0.7640625 0.034375 0.03125
1 0.40390625 0.77265625 0.0375 0.0296875
1 0.4203125 0.7375 0.028125 0.025
1 0.509375 0.784375 0.028125 0.03125
1 0.6015625 0.69609375 0.03125 0.021875
1 0.69140625 0.690625 0.0265625 0.01875
1 0.659375 0.7921875 0.0375 0.0265625
1 0.86484375 0.71171875 0.040625 0.01875
1 0.87265625 0.6953125 0.0375 0.021875
1 0.93828125 0.63359375 0.040625 0.025
1 0.95859375 0.59609375 0.040625 0.0203125
1 0.88203125 0.47890625 0.034375 0.0296875
1 0.9609375 0.446875 0.025 0.0328125
1 0.9828125 0.41328125 0.034375 0.01875
1 0.97578125 0.38828125 0.040625 0.028125
1 0.92734375 0.3046875 0.028125 0.0328125
1 0.63828125 0.3515625 0.0296875 0.0203125