1 0.39609375 0.13828125 0.15625 0.159375
1 0.10859375 0.41796875 0.06875 0.0578125
1 0.1734375 0.59375 0.0828125 0.0671875
1 0.32109375 0.40625 0.075 0.05
1 0.50546875 0.3765625 0.090625 0.0640625
1 0.3796875 0.43359375 0.0625 0.0453125
1 0.828125 0.4078125 0.10625 0.046875
1 0.71171875 0.46484375 0.09375 0.0578125
1 0.83671875 0.55 0.084375 0.053125
1 0.775 0.5546875 0.075 0.0625
1 0.89296875 0.5921875 0.09375 0.071875
1 0.525 0.96796875 0.06875 0.0640625
1 0.271875 0.97421875 0.04375 0.0515625