1 0.728125 0.81640625 0.03125 0.028125
1 0.74609375 0.73359375 0.025 0.03125
1 0.76171875 0.709375 0.028125 0.034375
1 0.69375 0.80703125 0.01875 0.0390625
1 0.7671875 0.67109375 0.015625 0.021875
1 0.690625 0.6390625 0.021875 0.021875
1 0.659375 0.68984375 0.021875 0.0359375
1 0.7640625 0.5578125 0.025 0.028125
1 0.778125 0.54375 0.01875 0.025
1 0.79453125 0.55078125 0.0125 0.0203125
1 0.7875 0.53125 0.0125 0.0265625
1 0.7609375 0.47265625 0.015625 0.028125
1 0.73359375 0.484375 0.0203125 0.01875
1 0.684375 0.3796875 0.0203125 0.021875
1 0.68125 0.35625 0.0234375 0.021875
1 0.61796875 0.03125 0.028125 0.05
1 0.59453125 0.021875 0.025 0.04375
1 0.5 0.13203125 0.0296875 0.0328125
1 0.46953125 0.16328125 0.03125 0.025
1 0.44921875 0.19921875 0.028125 0.025
1 0.35234375 0.14453125 0.034375 0.05625
1 0.28828125 0.1921875 0.028125 0.0375
1 0.2796875 0.08515625 0.0328125 0.03125
1 0.20703125 0.26328125 0.025 0.04375
1 0.1953125 0.33984375 0.021875 0.0375
1 0.19375 0.40859375 0.0265625 0.028125
1 0.165625 0.39609375 0.01875 0.028125
1 0.13203125 0.459375 0.03125 0.0359375
1 0.28828125 0.46015625 0.0234375 0.025
1 0.2125 0.48046875 0.01875 0.028125
1 0.17109375 0.67734375 0.01875 0.0265625
1 0.1859375 0.67578125 0.015625 0.03125
1 0.15234375 0.66953125 0.0171875 0.028125
1 0.2265625 0.7359375 0.015625 0.025
1 0.2390625 0.875 0.025 0.03125
1 0.22421875 0.90390625 0.0234375 0.0375
1 0.31328125 0.9546875 0.025 0.0359375
1 0.27578125 0.9359375 0.01875 0.0359375
1 0.346875 0.91328125 0.025 0.025
1 0.340625 0.94609375 0.025 0.021875
1 0.61328125 0.946875 0.025 0.025
1 0.5328125 0.97734375 0.021875 0.021875
1 0.596875 0.909375 0.021875 0.03125
1 0.353125 0.3515625 0.0125 0.021875