1 0.22109375 0.1640625 0.0421875 0.03671875
1 0.13984375 0.209375 0.046875 0.028125
1 0.13984375 0.21015625 0.03203125 0.03671875
1 0.33046875 0.1671875 0.04609375 0.03203125
1 0.45 0.1578125 0.0453125 0.0296875
1 0.44609375 0.1296875 0.03359375 0.01875
1 0.47421875 0.10859375 0.04453125 0.02890625
1 0.49375 0.09921875 0.03515625 0.01875
1 0.54921875 0.19296875 0.03828125 0.02734375
1 0.4203125 0.4328125 0.04140625 0.03203125
1 0.6609375 0.26875 0.040625 0.03671875
1 0.65078125 0.29609375 0.03046875 0.025
1 0.878125 0.11875 0.04921875 0.05078125
1 0.778125 0.1953125 0.03828125 0.021875
1 0.81328125 0.240625 0.03359375 0.02109375
1 0.84375 0.303125 0.028125 0.03203125
1 0.75078125 0.33046875 0.03203125 0.02421875
1 0.7578125 0.36953125 0.02578125 0.0234375
1 0.81015625 0.421875 0.03046875 0.03125
1 0.77890625 0.44140625 0.02421875 0.01953125
1 0.88125 0.46015625 0.0421875 0.02890625
1 0.784375 0.56484375 0.0359375 0.0390625
1 0.81640625 0.58046875 0.02890625 0.0265625
1 0.790625 0.66640625 0.03515625 0.03359375
1 0.67421875 0.69609375 0.03359375 0.02109375
1 0.61171875 0.68984375 0.04453125 0.02421875
1 0.54765625 0.70390625 0.03359375 0.025
1 0.55703125 0.72890625 0.02734375 0.02109375
1 0.34921875 0.72421875 0.05078125 0.02734375
1 0.31875 0.64375 0.02890625 0.02734375
1 0.13359375 0.65546875 0.05 0.025
1 0.1265625 0.51875 0.028125 0.0265625
1 0.14296875 0.58828125 0.03125 0.0203125
1 0.0765625 0.5703125 0.02421875 0.0171875
1 0.06015625 0.41953125 0.0328125 0.0234375
1 0.0328125 0.39296875 0.02734375 0.02890625
1 0.03203125 0.4484375 0.01796875 0.01640625
1 0.35546875 0.24921875 0.02265625 0.015625
1 0.53515625 0.43828125 0.02734375 0.01953125
1 0.440625 0.5359375 0.02734375 0.0203125
1 0.49140625 0.69609375 0.028125 0.021875
1 0.2859375 0.13671875 0.0359375 0.028125