1 0.43203125 0.05390625 0.0359375 0.0625
1 0.4625 0.053125 0.0375 0.06875
1 0.71796875 0.14375 0.090625 0.034375
1 0.41875 0.1125 0.0265625 0.046875
1 0.284375 0.30390625 0.0546875 0.059375
1 0.33359375 0.28359375 0.028125 0.04375
1 0.2546875 0.37734375 0.034375 0.0625
1 0.28203125 0.3703125 0.0375 0.0515625
1 0.22265625 0.45078125 0.046875 0.065625
1 0.2625 0.434375 0.028125 0.046875
1 0.1515625 0.5609375 0.034375 0.05
1 0.171875 0.5421875 0.0390625 0.0453125
1 0.18515625 0.53125 0.034375 0.0375
1 0.2578125 0.6890625 0.05625 0.025
1 0.31875 0.5671875 0.0453125 0.0390625
1 0.61484375 0.90625 0.1 0.040625
1 0.790625 0.91796875 0.0875 0.034375
1 0.7625 0.2640625 0.09375 0.0375