1 0.93828125 0.59921875 0.059375 0.034375
1 0.978125 0.62890625 0.04375 0.034375
1 0.8828125 0.625 0.0671875 0.0328125
1 0.79296875 0.75 0.084375 0.05
1 0.77734375 0.95234375 0.065625 0.053125
1 0.678125 0.56796875 0.0546875 0.05625
1 0.6484375 0.49453125 0.053125 0.0375
1 0.66484375 0.5203125 0.059375 0.034375
1 0.73046875 0.53828125 0.0265625 0.078125
1 0.4890625 0.4984375 0.05 0.04375
1 0.51796875 0.41640625 0.034375 0.0875
1 0.4203125 0.3453125 0.03125 0.0703125
1 0.40078125 0.35390625 0.05625 0.0390625
1 0.25546875 0.2984375 0.053125 0.0375
1 0.309375 0.33046875 0.0296875 0.053125
1 0.290625 0.30234375 0.0265625 0.059375
1 0.15390625 0.40078125 0.0375 0.053125
1 0.28515625 0.44609375 0.0375 0.06875
1 0.33828125 0.478125 0.028125 0.071875
1 0.16171875 0.52578125 0.025 0.0828125
1 0.140625 0.57890625 0.028125 0.078125
1 0.21796875 0.9265625 0.053125 0.046875