1 0.11328125 0.278125 0.05625 0.034375
1 0.21328125 0.1953125 0.05234375 0.03359375
1 0.1390625 0.31484375 0.04375 0.0359375
1 0.30625 0.19140625 0.05078125 0.03671875
1 0.44921875 0.3921875 0.03671875 0.03046875
1 0.37890625 0.38203125 0.04453125 0.05390625
1 0.09296875 0.44296875 0.03984375 0.034375
1 0.12890625 0.40234375 0.0515625 0.03515625
1 0.3515625 0.78515625 0.07109375 0.046875
1 0.26328125 0.71171875 0.05546875 0.02890625
1 0.78515625 0.66484375 0.05390625 0.02734375
1 0.21796875 0.66484375 0.03984375 0.02578125
1 0.240625 0.6484375 0.05859375 0.02265625
1 0.7671875 0.61015625 0.01796875 0.0203125
1 0.796875 0.60546875 0.03203125 0.025
1 0.815625 0.61328125 0.0171875 0.0203125
1 0.83203125 0.625 0.02421875 0.02421875
1 0.9203125 0.43359375 0.03828125 0.03046875
1 0.84453125 0.34765625 0.040625 0.0328125
1 0.8453125 0.27734375 0.05234375 0.03125
1 0.653125 0.190625 0.0359375 0.0328125
1 0.44140625 0.08359375 0.07265625 0.04296875
1 0.28046875 0.51640625 0.02734375 0.0203125
1 0.46015625 0.73984375 0.03203125 0.0328125
1 0.5234375 0.28046875 0.02890625 0.0203125
1 0.56171875 0.33203125 0.0296875 0.02265625
1 0.58046875 0.41875 0.03125 0.0203125
1 0.46484375 0.446875 0.03671875 0.02578125
1 0.34140625 0.16953125 0.0625 0.0328125
1 0.32109375 0.14453125 0.03046875 0.03359375
1 0.203125 0.3890625 0.02578125 0.02265625
1 0.60625 0.58984375 0.03125 0.021875
1 0.5453125 0.63125 0.02734375 0.021875