1 0.053125 0.08203125 0.0546875 0.01953125
1 0.08828125 0.08828125 0.05703125 0.0171875
1 0.32578125 0.11875 0.05390625 0.025
1 0.12421875 0.13203125 0.03359375 0.0203125
1 0.3765625 0.15703125 0.04609375 0.021875
1 0.4078125 0.13046875 0.0515625 0.01796875
1 0.4328125 0.146875 0.0375 0.021875
1 0.44453125 0.11875 0.04375 0.01953125
1 0.5109375 0.1125 0.03125 0.028125
1 0.5515625 0.1421875 0.0421875 0.028125
1 0.7578125 0.17890625 0.07578125 0.02421875
1 0.8453125 0.17734375 0.046875 0.0234375
1 0.95078125 0.19765625 0.0421875 0.03125
1 0.1375 0.2125 0.040625 0.03515625
1 0.16171875 0.171875 0.05078125 0.0234375
1 0.175 0.17578125 0.05078125 0.021875
1 0.421875 0.2171875 0.05234375 0.02265625
1 0.41953125 0.18671875 0.04375 0.021875
1 0.48515625 0.2421875 0.04609375 0.02265625
1 0.50078125 0.2171875 0.03828125 0.03671875
1 0.57421875 0.21328125 0.0375 0.03203125
1 0.61328125 0.290625 0.0296875 0.0421875
1 0.659375 0.28125 0.034375 0.03359375
1 0.79453125 0.25859375 0.0515625 0.0359375
1 0.8203125 0.23671875 0.05390625 0.03125
1 0.81796875 0.29296875 0.034375 0.03828125
1 0.82421875 0.28203125 0.0265625 0.02890625
1 0.69453125 0.23359375 0.04609375 0.02890625
1 0.6875 0.21171875 0.028125 0.0484375
1 0.4203125 0.265625 0.0453125 0.02578125
1 0.5609375 0.2734375 0.03828125 0.0171875
1 0.39296875 0.290625 0.05234375 0.03203125
1 0.065625 0.1828125 0.03984375 0.03359375
1 0.0796875 0.22265625 0.05390625 0.02578125
1 0.17265625 0.2859375 0.046875 0.028125
1 0.25703125 0.34375 0.046875 0.034375
1 0.4140625 0.39921875 0.0421875 0.05
1 0.56015625 0.45 0.0375 0.03828125
1 0.6 0.34375 0.02890625 0.03359375
1 0.72265625 0.30390625 0.03203125 0.034375
1 0.6515625 0.46171875 0.03515625 0.0375
1 0.68984375 0.428125 0.02578125 0.0453125
1 0.3890625 0.525 0.05390625 0.04609375
1 0.50703125 0.56484375 0.03984375 0.05625
1 0.63515625 0.53046875 0.028125 0.040625
1 0.66953125 0.54375 0.03125 0.03515625
1 0.65234375 0.52421875 0.04375 0.03671875
1 0.66015625 0.5984375 0.05234375 0.0375
1 0.67265625 0.65234375 0.02578125 0.0375
1 0.7109375 0.5890625 0.040625 0.03984375
1 0.48671875 0.72109375 0.06640625 0.03203125
1 0.490625 0.703125 0.0375 0.0453125
1 0.44375 0.65703125 0.040625 0.03828125
1 0.58359375 0.6375 0.03671875 0.0375
1 0.1171875 0.72578125 0.03359375 0.040625
1 0.22109375 0.7203125 0.03359375 0.04296875
1 0.4734375 0.79296875 0.04375 0.04609375
1 0.4828125 0.7859375 0.03203125 0.0390625
1 0.52265625 0.80390625 0.03359375 0.0484375
1 0.54140625 0.82734375 0.034375 0.040625
1 0.44140625 0.85703125 0.04375 0.03671875
1 0.475 0.86953125 0.0453125 0.0328125
1 0.53671875 0.878125 0.05859375 0.03828125
1 0.7203125 0.884375 0.03828125 0.04453125
1 0.24453125 0.8953125 0.046875 0.03671875
1 0.16328125 0.89296875 0.040625 0.03984375
1 0.07265625 0.92265625 0.0296875 0.04296875
1 0.378125 0.91953125 0.040625 0.025
1 0.37734375 0.890625 0.06015625 0.0328125
1 0.565625 0.91328125 0.05078125 0.0359375
1 0.38671875 0.96640625 0.04609375 0.0359375
1 0.52109375 0.9921875 0.075 0.015625
1 0.53828125 0.98125 0.0625 0.0203125
1 0.2765625 0.95703125 0.06015625 0.025
1 0.17890625 0.98203125 0.0546875 0.02890625
1 0.065625 0.96484375 0.06015625 0.03359375