1 0.34453125 0.0203125 0.065625 0.040625
1 0.35 0.09765625 0.065625 0.0640625
1 0.38203125 0.05234375 0.05625 0.065625
1 0.34921875 0.17734375 0.0609375 0.084375
1 0.4078125 0.28984375 0.053125 0.0734375
1 0.43828125 0.3234375 0.05625 0.071875
1 0.36640625 0.384375 0.0640625 0.071875
1 0.54609375 0.4921875 0.078125 0.065625
1 0.371875 0.5984375 0.065625 0.0875
1 0.36328125 0.54140625 0.0625 0.0765625
1 0.37578125 0.49765625 0.034375 0.046875
1 0.5453125 0.5453125 0.0640625 0.0625
1 0.6671875 0.5546875 0.0875 0.0671875
1 0.54375 0.6546875 0.0484375 0.06875
1 0.38359375 0.746875 0.0640625 0.0875
1 0.40078125 0.9484375 0.0625 0.084375
1 0.68203125 0.97578125 0.0453125 0.0484375
1 0.7640625 0.97578125 0.071875 0.0484375
1 0.7765625 0.8734375 0.0609375 0.090625