1 0.11953125 0.79765625 0.0625 0.0484375
1 0.29921875 0.73046875 0.0453125 0.021875
1 0.38828125 0.77578125 0.021875 0.0265625
1 0.49140625 0.75234375 0.0234375 0.01875
1 0.6265625 0.7953125 0.028125 0.021875
1 0.42890625 0.6875 0.0265625 0.0171875
1 0.43046875 0.63671875 0.0265625 0.015625
1 0.528125 0.73828125 0.025 0.0125
1 0.5734375 0.6453125 0.025 0.01875
1 0.4640625 0.6015625 0.025 0.0125
1 0.3078125 0.621875 0.021875 0.0171875
1 0.3109375 0.59921875 0.028125 0.0234375
1 0.81328125 0.7453125 0.034375 0.021875
1 0.76484375 0.75078125 0.0265625 0.015625
1 0.78515625 0.759375 0.025 0.015625
1 0.75390625 0.78125 0.0328125 0.015625
1 0.68671875 0.79453125 0.028125 0.01875
1 0.1734375 0.596875 0.034375 0.021875
1 0.16328125 0.5796875 0.034375 0.021875
1 0.0703125 0.5390625 0.05 0.0328125
1 0.17421875 0.553125 0.025 0.015625
1 0.215625 0.52265625 0.03125 0.0203125
1 0.20546875 0.49765625 0.025 0.021875
1 0.240625 0.4390625 0.0234375 0.01875
1 0.2765625 0.44921875 0.025 0.015625
1 0.30078125 0.44921875 0.021875 0.01875
1 0.33984375 0.465625 0.025 0.021875
1 0.29453125 0.33828125 0.025 0.0296875
1 0.27421875 0.346875 0.028125 0.025
1 0.4078125 0.3140625 0.03125 0.0140625
1 0.46171875 0.28203125 0.028125 0.025
1 0.484375 0.29296875 0.034375 0.01875
1 0.51953125 0.2921875 0.03125 0.01875
1 0.48515625 0.27265625 0.028125 0.015625
1 0.63515625 0.2796875 0.040625 0.025
1 0.73046875 0.325 0.0359375 0.0171875
1 0.79375 0.36171875 0.0359375 0.025
1 0.79609375 0.3796875 0.0265625 0.015625
1 0.8890625 0.57109375 0.0234375 0.021875
1 0.86171875 0.575 0.021875 0.0125
1 0.88046875 0.64296875 0.021875 0.0203125
1 0.90078125 0.64296875 0.025 0.021875
1 0.84921875 0.546875 0.021875 0.025
1 0.5234375 0.27265625 0.025 0.01875
1 0.57578125 0.2828125 0.021875 0.0171875
1 0.371875 0.3359375 0.0171875 0.01875