1 0.0046875 0.27421875 0.009375 0.034375
1 0.009375 0.1953125 0.0125 0.03125
1 0.01328125 0.16953125 0.01875 0.0140625
1 0.034375 0.084375 0.0203125 0.015625
1 0.05078125 0.090625 0.015625 0.021875
1 0.07109375 0.12890625 0.01875 0.0125
1 0.046875 0.16015625 0.0125 0.01875
1 0.0359375 0.17578125 0.015625 0.015625
1 0.0140625 0.12578125 0.0125 0.021875
1 0.1296875 0.109375 0.025 0.015625
1 0.12421875 0.07578125 0.025 0.01875
1 0.10859375 0.23671875 0.0125 0.028125
1 0.07109375 0.315625 0.015625 0.025
1 0.03125 0.32421875 0.0125 0.0296875
1 0.01796875 0.29921875 0.0109375 0.0328125
1 0.18984375 0.09375 0.021875 0.015625
1 0.23984375 0.19765625 0.025 0.01875
1 0.29140625 0.10546875 0.021875 0.01875
1 0.2953125 0.06953125 0.01875 0.0171875
1 0.2890625 0.23828125 0.021875 0.0140625
1 0.36015625 0.14296875 0.025 0.021875
1 0.3875 0.13828125 0.0171875 0.015625
1 0.3796875 0.071875 0.021875 0.0140625
1 0.48046875 0.0765625 0.025 0.0140625
1 0.46796875 0.0640625 0.0234375 0.015625
1 0.5140625 0.109375 0.01875 0.01875
1 0.521875 0.090625 0.0203125 0.0140625
1 0.5203125 0.07265625 0.01875 0.0125
1 0.5328125 0.059375 0.0125 0.025
1 0.58359375 0.05859375 0.021875 0.0140625
1 0.5828125 0.07890625 0.01875 0.0140625
1 0.63359375 0.04296875 0.025 0.015625
1 0.71796875 0.08359375 0.0265625 0.01875
1 0.7390625 0.06171875 0.021875 0.015625
1 0.76015625 0.053125 0.021875 0.0140625
1 0.78125 0.04375 0.021875 0.0140625
1 0.8109375 0.04296875 0.021875 0.01875
1 0.78671875 0.06953125 0.0125 0.0265625
1 0.8328125 0.04296875 0.0203125 0.0125
1 0.84609375 0.07109375 0.015625 0.0078125
1 0.87890625 0.1203125 0.015625 0.0125
1 0.97265625 0.06171875 0.01875 0.015625
1 0.95234375 0.12890625 0.0109375 0.025
1 0.921875 0.196875 0.015625 0.021875
1 0.9265625 0.23671875 0.0125 0.03125
1 0.95 0.3171875 0.009375 0.028125
1 0.8390625 0.25703125 0.01875 0.028125
1 0.83125 0.36796875 0.0140625 0.03125
1 0.83203125 0.53671875 0.0203125 0.01875
1 0.8640625 0.5671875 0.0234375 0.021875
1 0.90390625 0.51484375 0.0171875 0.0203125
1 0.94609375 0.5203125 0.0203125 0.0140625
1 0.9046875 0.5578125 0.0125 0.028125
1 0.8765625 0.640625 0.0125 0.025
1 0.940625 0.6375 0.025 0.015625
1 0.9703125 0.47421875 0.0125 0.0359375
1 0.9796875 0.67421875 0.0109375 0.03125
1 0.946875 0.684375 0.009375 0.03125
1 0.96328125 0.7328125 0.0109375 0.03125
1 0.8390625 0.65703125 0.0203125 0.021875
1 0.9125 0.79765625 0.01875 0.01875
1 0.878125 0.80546875 0.0171875 0.015625
1 0.925 0.8359375 0.025 0.0140625
1 0.90078125 0.84921875 0.0171875 0.0125
1 0.8921875 0.8546875 0.01875 0.01875
1 0.865625 0.8578125 0.0203125 0.0125
1 0.734375 0.78203125 0.0234375 0.0171875
1 0.75859375 0.8125 0.021875 0.015625
1 0.77265625 0.8421875 0.015625 0.025
1 0.7796875 0.85703125 0.021875 0.0125
1 0.63359375 0.46953125 0.03125 0.025
1 0.5703125 0.62734375 0.0140625 0.028125
1 0.7015625 0.75625 0.0171875 0.040625
1 0.63203125 0.79296875 0.01875 0.025
1 0.61171875 0.87578125 0.0171875 0.028125
1 0.58515625 0.86953125 0.021875 0.015625
1 0.559375 0.7921875 0.0203125 0.0171875
1 0.54921875 0.87578125 0.021875 0.0125
1 0.5515625 0.68515625 0.025 0.015625
1 0.4796875 0.80546875 0.01875 0.021875
1 0.4671875 0.73984375 0.021875 0.0203125
1 0.47265625 0.71328125 0.028125 0.0203125
1 0.39453125 0.71875 0.0171875 0.0375
1 0.41328125 0.7875 0.0125 0.01875
1 0.390625 0.80390625 0.0203125 0.01875
1 0.38359375 0.8625 0.0234375 0.021875
1 0.34140625 0.87109375 0.015625 0.0140625
1 0.24296875 0.7421875 0.015625 0.0328125
1 0.25390625 0.86796875 0.01875 0.015625
1 0.2375 0.86875 0.025 0.0171875
1 0.15546875 0.71171875 0.01875 0.034375
1 0.13828125 0.84296875 0.01875 0.0171875
1 0.1359375 0.85078125 0.021875 0.015625
1 0.09453125 0.8796875 0.015625 0.025
1 0.05234375 0.7265625 0.0125 0.040625
1 0.06171875 0.7140625 0.015625 0.0328125
1 0.0796875 0.72265625 0.01875 0.028125
1 0.01953125 0.515625 0.015625 0.0390625
1 0.0296875 0.48515625 0.0140625 0.034375
1 0.015625 0.45390625 0.0125 0.04375
1 0.1046875 0.44140625 0.021875 0.028125
1 0.1203125 0.503125 0.03125 0.025