1 0.58125 0.4453125 0.0703125 0.0625
1 0.459375 0.27265625 0.0578125 0.0703125
1 0.3296875 0.05625 0.05 0.090625
1 0.24140625 0.3375 0.065625 0.06875
1 0.0734375 0.55 0.0609375 0.0609375
1 0.0484375 0.4828125 0.0546875 0.053125
1 0.11640625 0.484375 0.053125 0.0453125
1 0.05703125 0.3 0.05625 0.059375
1 0.73359375 0.334375 0.05625 0.0625
1 0.796875 0.3796875 0.06875 0.0546875
1 0.859375 0.32890625 0.0578125 0.0671875
1 0.91484375 0.33046875 0.065625 0.0671875
1 0.43125 0.53125 0.053125 0.053125
1 0.21875 0.58125 0.071875 0.05
1 0.225 0.53828125 0.0625 0.075