1 0.13828125 0.39609375 0.16015625 0.15625
1 0.41796875 0.10859375 0.0578125 0.06953125
1 0.59375 0.1734375 0.0671875 0.0828125
1 0.40625 0.32109375 0.05078125 0.07421875
1 0.3765625 0.50546875 0.0640625 0.09140625
1 0.43359375 0.3796875 0.0453125 0.06171875
1 0.4078125 0.828125 0.04609375 0.10625
1 0.46484375 0.71171875 0.0578125 0.09296875
1 0.55 0.83671875 0.05234375 0.08359375
1 0.5546875 0.775 0.0625 0.07578125
1 0.5921875 0.89296875 0.07265625 0.09375
1 0.96796875 0.525 0.0640625 0.06875
1 0.97421875 0.271875 0.0515625 0.04375