1 0.153125 0.0421875 0.01953125 0.034375
1 0.203125 0.07421875 0.0328125 0.0203125
1 0.24921875 0.08203125 0.0390625 0.0140625
1 0.3265625 0.0734375 0.05 0.02109375
1 0.31953125 0.05546875 0.05 0.0171875
1 0.3984375 0.0796875 0.03828125 0.0140625
1 0.2890625 0.1109375 0.040625 0.0125
1 0.23359375 0.115625 0.0328125 0.0203125
1 0.1109375 0.0921875 0.02265625 0.01953125
1 0.20234375 0.2125 0.02734375 0.02734375
1 0.46953125 0.07265625 0.04609375 0.0140625
1 0.66328125 0.13671875 0.046875 0.02109375
1 0.690625 0.11640625 0.04140625 0.01875
1 0.72734375 0.12734375 0.0265625 0.03125
1 0.68828125 0.22578125 0.0234375 0.028125
1 0.71328125 0.22265625 0.01953125 0.03125
1 0.7171875 0.190625 0.028125 0.03046875
1 0.73515625 0.18125 0.0375 0.02578125
1 0.62265625 0.2703125 0.04140625 0.040625
1 0.49765625 0.1734375 0.04375 0.01796875
1 0.546875 0.18359375 0.0359375 0.0171875
1 0.5734375 0.2171875 0.0234375 0.02890625
1 0.534375 0.28671875 0.03125 0.02734375
1 0.5296875 0.26171875 0.02578125 0.0296875
1 0.5484375 0.3390625 0.01953125 0.0296875
1 0.55078125 0.3078125 0.03046875 0.02578125
1 0.57578125 0.29453125 0.0265625 0.03125
1 0.340625 0.32421875 0.040625 0.02734375
1 0.58671875 0.39296875 0.04140625 0.02890625
1 0.6 0.36171875 0.04296875 0.01953125
1 0.63359375 0.36484375 0.0390625 0.03671875
1 0.3265625 0.4859375 0.0421875 0.02109375
1 0.4046875 0.53359375 0.025 0.03359375
1 0.5859375 0.45703125 0.05703125 0.02109375
1 0.590625 0.46171875 0.03046875 0.025
1 0.540625 0.63203125 0.05234375 0.0265625
1 0.6203125 0.62421875 0.0328125 0.03671875
1 0.29296875 0.6875 0.03515625 0.03125
1 0.11015625 0.69453125 0.04375 0.015625
1 0.159375 0.75078125 0.03671875 0.02890625
1 0.340625 0.7421875 0.05234375 0.0265625
1 0.4359375 0.70859375 0.028125 0.03203125
1 0.465625 0.72890625 0.02265625 0.034375
1 0.5765625 0.78984375 0.03125 0.0328125
1 0.57265625 0.75703125 0.02734375 0.03125
1 0.41875 0.803125 0.0421875 0.02890625
1 0.6953125 0.77421875 0.028125 0.03359375
1 0.246875 0.8015625 0.03828125 0.0203125
1 0.4 0.91875 0.0390625 0.03203125
1 0.41328125 0.94921875 0.03125 0.03203125
1 0.4046875 0.91953125 0.021875 0.03515625
1 0.64765625 0.93515625 0.0359375 0.02421875
1 0.04453125 0.940625 0.05390625 0.01796875
1 0.05859375 0.92265625 0.0640625 0.0171875
1 0.03671875 0.90703125 0.05 0.025
1 0.09375 0.90859375 0.059375 0.01875
1 0.12890625 0.93671875 0.05 0.02265625
1 0.23984375 0.9234375 0.0515625 0.02109375
1 0.61796875 0.11171875 0.040625 0.02265625