1 0.5546875 0.58125 0.06328125 0.0703125
1 0.72734375 0.459375 0.0703125 0.0578125
1 0.94375 0.3296875 0.09140625 0.05078125
1 0.6625 0.24140625 0.06953125 0.06640625
1 0.45 0.0734375 0.0609375 0.0609375
1 0.5171875 0.0484375 0.05390625 0.0546875
1 0.515625 0.11640625 0.0453125 0.05234375
1 0.7 0.05703125 0.059375 0.05546875
1 0.665625 0.73359375 0.06171875 0.05625
1 0.6203125 0.796875 0.0546875 0.06796875
1 0.67109375 0.859375 0.0671875 0.0578125
1 0.66953125 0.91484375 0.0671875 0.06484375
1 0.46875 0.43125 0.053125 0.05390625
1 0.41875 0.21875 0.05 0.07265625
1 0.46171875 0.225 0.07578125 0.06328125