1 0.59453125 0.8515625 0.03125 0.034375
1 0.37578125 0.85546875 0.025 0.01875
1 0.38125 0.83046875 0.0234375 0.03125
1 0.31484375 0.8546875 0.028125 0.0390625
1 0.2859375 0.8359375 0.021875 0.059375
1 0.41875 0.92109375 0.028125 0.040625
1 0.21328125 0.6109375 0.01875 0.0375
1 0.17734375 0.62421875 0.021875 0.04375
1 0.2046875 0.55859375 0.0203125 0.0375
1 0.16796875 0.53203125 0.0203125 0.0484375
1 0.16796875 0.4390625 0.021875 0.0453125
1 0.2703125 0.42421875 0.01875 0.040625
1 0.26640625 0.38203125 0.021875 0.040625
1 0.22109375 0.3796875 0.025 0.0296875
1 0.2203125 0.29921875 0.025 0.0328125
1 0.74921875 0.61484375 0.021875 0.01875
1 0.534375 0.5828125 0.0265625 0.0359375
1 0.634375 0.4625 0.028125 0.0234375
1 0.775 0.4875 0.021875 0.03125
1 0.8015625 0.4890625 0.015625 0.028125
1 0.7421875 0.3921875 0.015625 0.03125
1 0.76171875 0.37578125 0.015625 0.028125
1 0.67421875 0.3859375 0.025 0.021875
1 0.67890625 0.25546875 0.0234375 0.0375
1 0.7140625 0.08046875 0.0375 0.065625
1 0.68828125 0.19921875 0.01875 0.0390625
1 0.70078125 0.20078125 0.01875 0.03125
1 0.68125 0.16640625 0.028125 0.046875
1 0.634375 0.21171875 0.015625 0.025
1 0.628125 0.10546875 0.0265625 0.065625
1 0.6078125 0.1234375 0.0203125 0.0390625
1 0.6 0.17890625 0.021875 0.0265625
1 0.58046875 0.16328125 0.0296875 0.03125
1 0.55 0.15859375 0.025 0.040625
1 0.396875 0.1109375 0.0234375 0.0375
1 0.40703125 0.1609375 0.01875 0.040625
1 0.41953125 0.228125 0.0203125 0.021875
1 0.4328125 0.20859375 0.028125 0.0234375
1 0.42734375 0.24921875 0.025 0.0359375
1 0.465625 0.26953125 0.0234375 0.028125
1 0.32578125 0.17421875 0.01875 0.05
1 0.3109375 0.14375 0.015625 0.05
1 0.28046875 0.1625 0.034375 0.05625
1 0.36015625 0.2328125 0.01875 0.0296875
1 0.375 0.26875 0.01875 0.025
1 0.565625 0.5015625 0.0234375 0.028125
1 0.51328125 0.859375 0.028125 0.0296875