1 0.1453125 0.15078125 0.040625 0.046875
1 0.18984375 0.29921875 0.0296875 0.0375
1 0.30859375 0.1359375 0.028125 0.0328125
1 0.35625 0.1109375 0.0234375 0.034375
1 0.3828125 0.12421875 0.03125 0.0234375
1 0.4171875 0.1 0.025 0.028125
1 0.30234375 0.1046875 0.028125 0.0296875
1 0.47578125 0.0421875 0.0234375 0.03125
1 0.5109375 0.05 0.025 0.028125
1 0.615625 0.1078125 0.025 0.0375
1 0.68125 0.17890625 0.028125 0.0328125
1 0.63671875 0.29140625 0.021875 0.0390625
1 0.5640625 0.49921875 0.0265625 0.034375
1 0.63125 0.38515625 0.0171875 0.03125
1 0.66015625 0.39140625 0.0203125 0.025
1 0.75 0.35078125 0.021875 0.04375
1 0.7453125 0.4609375 0.025 0.0265625
1 0.73984375 0.43515625 0.021875 0.03125
1 0.72265625 0.47265625 0.0109375 0.01875
1 0.684375 0.5328125 0.0125 0.021875
1 0.70625 0.54296875 0.0125 0.021875
1 0.70078125 0.62421875 0.01875 0.01875
1 0.69296875 0.646875 0.01875 0.01875
1 0.6765625 0.68203125 0.0125 0.01875
1 0.65078125 0.575 0.015625 0.015625
1 0.584375 0.903125 0.03125 0.0453125
1 0.58984375 0.790625 0.015625 0.0375
1 0.5328125 0.80390625 0.025 0.0390625
1 0.54765625 0.82734375 0.025 0.028125
1 0.53515625 0.828125 0.021875 0.03125
1 0.3453125 0.76796875 0.021875 0.028125
1 0.33046875 0.76171875 0.025 0.03125
1 0.33359375 0.7328125 0.021875 0.0359375
1 0.27578125 0.6484375 0.0171875 0.0375
1 0.165625 0.75390625 0.03125 0.0671875
1 0.20546875 0.76796875 0.034375 0.0421875
1 0.20859375 0.659375 0.0375 0.0296875
1 0.209375 0.60625 0.03125 0.0375
1 0.2375 0.59921875 0.021875 0.03125
1 0.175 0.56015625 0.034375 0.03125
1 0.1828125 0.46328125 0.01875 0.03125
1 0.2140625 0.390625 0.021875 0.0328125