1 0.77890625 0.1640625 0.0421875 0.0375
1 0.86015625 0.209375 0.046875 0.028125
1 0.86015625 0.21015625 0.03125 0.0375
1 0.66953125 0.1671875 0.046875 0.03125
1 0.55 0.1578125 0.0453125 0.0296875
1 0.55390625 0.1296875 0.034375 0.01875
1 0.52578125 0.10859375 0.04375 0.028125
1 0.50625 0.09921875 0.034375 0.01875
1 0.45078125 0.19296875 0.0375 0.028125
1 0.5796875 0.4328125 0.040625 0.03125
1 0.3390625 0.26875 0.040625 0.0375
1 0.34921875 0.29609375 0.03125 0.025
1 0.121875 0.11875 0.05 0.05
1 0.221875 0.1953125 0.0375 0.021875
1 0.18671875 0.240625 0.034375 0.021875
1 0.15625 0.303125 0.028125 0.03125
1 0.24921875 0.33046875 0.03125 0.025
1 0.2421875 0.36953125 0.025 0.0234375
1 0.18984375 0.421875 0.03125 0.03125
1 0.22109375 0.44140625 0.025 0.01875
1 0.11875 0.46015625 0.0421875 0.028125
1 0.215625 0.56484375 0.0359375 0.0390625
1 0.18359375 0.58046875 0.028125 0.0265625
1 0.209375 0.66640625 0.034375 0.034375
1 0.32578125 0.69609375 0.034375 0.021875
1 0.38828125 0.68984375 0.04375 0.025
1 0.45234375 0.70390625 0.034375 0.025
1 0.44296875 0.72890625 0.028125 0.021875
1 0.65078125 0.72421875 0.05 0.028125
1 0.68125 0.64375 0.028125 0.028125
1 0.86640625 0.65546875 0.05 0.025
1 0.8734375 0.51875 0.028125 0.0265625
1 0.85703125 0.58828125 0.03125 0.0203125
1 0.9234375 0.5703125 0.025 0.0171875
1 0.93984375 0.41953125 0.0328125 0.0234375
1 0.9671875 0.39296875 0.028125 0.028125
1 0.96796875 0.4484375 0.01875 0.015625
1 0.64453125 0.24921875 0.021875 0.015625
1 0.46484375 0.43828125 0.028125 0.01875
1 0.559375 0.5359375 0.028125 0.0203125
1 0.50859375 0.69609375 0.028125 0.021875
1 0.7140625 0.13671875 0.0359375 0.028125