1 0.8265625 0.640625 0.025 0.0390625
1 0.790625 0.6921875 0.0203125 0.028125
1 0.71640625 0.828125 0.0265625 0.0296875
1 0.753125 0.43984375 0.0296875 0.0265625
1 0.7421875 0.38828125 0.01875 0.03125
1 0.77734375 0.4890625 0.0203125 0.034375
1 0.77890625 0.3796875 0.021875 0.03125
1 0.775 0.3546875 0.025 0.03125
1 0.69453125 0.25234375 0.021875 0.034375
1 0.70078125 0.315625 0.021875 0.021875
1 0.72578125 0.3453125 0.028125 0.0265625
1 0.60546875 0.20390625 0.04375 0.034375
1 0.5953125 0.2484375 0.025 0.0328125
1 0.52578125 0.24140625 0.0265625 0.034375
1 0.56015625 0.2 0.025 0.028125
1 0.51171875 0.1859375 0.028125 0.034375
1 0.4609375 0.190625 0.03125 0.03125
1 0.48125 0.2375 0.01875 0.01875
1 0.490625 0.215625 0.0265625 0.021875
1 0.48828125 0.03046875 0.04375 0.0546875
1 0.3859375 0.225 0.021875 0.028125
1 0.375 0.29609375 0.0203125 0.0375
1 0.36875 0.3296875 0.021875 0.028125
1 0.2359375 0.38515625 0.03125 0.034375
1 0.22734375 0.40390625 0.0296875 0.0375
1 0.2625 0.4203125 0.025 0.028125
1 0.215625 0.509375 0.03125 0.028125
1 0.30390625 0.6015625 0.021875 0.03125
1 0.309375 0.69140625 0.01875 0.0265625
1 0.2078125 0.659375 0.0265625 0.0375
1 0.28828125 0.86484375 0.01875 0.040625
1 0.3046875 0.87265625 0.021875 0.0375
1 0.36640625 0.93828125 0.025 0.0421875
1 0.40390625 0.95859375 0.0203125 0.0421875
1 0.52109375 0.88203125 0.0296875 0.034375
1 0.553125 0.9609375 0.0328125 0.0265625
1 0.58671875 0.9828125 0.01875 0.034375
1 0.61171875 0.97578125 0.028125 0.040625
1 0.6953125 0.92734375 0.0328125 0.028125
1 0.6484375 0.63828125 0.0203125 0.0296875