1 0.928125 0.02578125 0.021875 0.03125
1 0.9125 0.0796875 0.01875 0.04375
1 0.90625 0.19765625 0.01875 0.0546875
1 0.9171875 0.196875 0.01875 0.0421875
1 0.8578125 0.2875 0.0296875 0.028125
1 0.890625 0.3359375 0.021875 0.0453125
1 0.878125 0.0125 0.021875 0.025
1 0.85546875 0.05546875 0.021875 0.04375
1 0.8046875 0.21796875 0.028125 0.0453125
1 0.85 0.121875 0.028125 0.034375
1 0.86875 0.53984375 0.015625 0.040625
1 0.8890625 0.5578125 0.015625 0.04375
1 0.834375 0.75078125 0.025 0.0375
1 0.8109375 0.625 0.0296875 0.0296875
1 0.84453125 0.63203125 0.01875 0.034375
1 0.87578125 0.6015625 0.0140625 0.046875
1 0.7671875 0.89765625 0.028125 0.0296875
1 0.7390625 0.7171875 0.0328125 0.0359375
1 0.72890625 0.7390625 0.0328125 0.0375
1 0.73984375 0.17734375 0.021875 0.04375
1 0.715625 0.209375 0.028125 0.03125
1 0.7328125 0.409375 0.0265625 0.046875
1 0.6265625 0.3046875 0.034375 0.03125
1 0.68203125 0.49296875 0.03125 0.028125
1 0.63046875 0.58515625 0.0171875 0.040625
1 0.57421875 0.51640625 0.0234375 0.0421875
1 0.6046875 0.5203125 0.0296875 0.0375
1 0.78046875 0.55234375 0.0265625 0.0375
1 0.77734375 0.596875 0.03125 0.034375
1 0.80625 0.54609375 0.01875 0.0390625
1 0.69140625 0.65390625 0.0375 0.03125
1 0.65703125 0.675 0.034375 0.025
1 0.55390625 0.62421875 0.03125 0.025
1 0.51328125 0.43125 0.021875 0.0375
1 0.54453125 0.4546875 0.0390625 0.025
1 0.43359375 0.28828125 0.03125 0.0515625
1 0.471875 0.384375 0.034375 0.028125
1 0.3859375 0.5796875 0.0328125 0.03125
1 0.32421875 0.5296875 0.0328125 0.04375
1 0.46171875 0.6921875 0.0359375 0.028125
1 0.4171875 0.69375 0.040625 0.0375
1 0.2703125 0.29140625 0.040625 0.04375
1 0.2765625 0.2890625 0.028125 0.0625
1 0.2203125 0.5703125 0.025 0.04375
1 0.1875 0.63828125 0.03125 0.040625
1 0.2234375 0.6328125 0.0375 0.028125
1 0.234375 0.65703125 0.034375 0.034375
1 0.065625 0.09375 0.021875 0.053125
1 0.0859375 0.08828125 0.0234375 0.05
1 0.09921875 0.06953125 0.0234375 0.059375
1 0.11015625 0.57890625 0.040625 0.034375
1 0.034375 0.52109375 0.0265625 0.040625
1 0.05546875 0.53671875 0.0265625 0.053125
1 0.03046875 0.4015625 0.0203125 0.04375
1 0.040625 0.4328125 0.0296875 0.046875
1 0.0375 0.328125 0.021875 0.0578125
1 0.09453125 0.3265625 0.0265625 0.0421875
1 0.07890625 0.359375 0.028125 0.03125
1 0.0421875 0.16796875 0.021875 0.0515625
1 0.015625 0.2390625 0.03125 0.0375
1 0.05234375 0.22890625 0.0203125 0.05
1 0.05859375 0.26875 0.015625 0.053125
1 0.1234375 0.0203125 0.0265625 0.040625
1 0.140625 0.01328125 0.025 0.0265625