1 0.18359375 0.271875 0.02734375 0.03046875
1 0.26640625 0.25390625 0.03125 0.025
1 0.290625 0.23828125 0.03515625 0.02890625
1 0.19296875 0.30625 0.03828125 0.01875
1 0.32890625 0.2328125 0.021875 0.01484375
1 0.3609375 0.309375 0.02109375 0.02265625
1 0.31015625 0.340625 0.0359375 0.02109375
1 0.4421875 0.2359375 0.02734375 0.025
1 0.45625 0.221875 0.02578125 0.01953125
1 0.44921875 0.20546875 0.0203125 0.01171875
1 0.46875 0.2125 0.0265625 0.01328125
1 0.52734375 0.2390625 0.02890625 0.01640625
1 0.515625 0.26640625 0.01953125 0.0203125
1 0.6203125 0.315625 0.021875 0.0203125
1 0.64375 0.31875 0.02109375 0.0234375
1 0.96875 0.38203125 0.05078125 0.02890625
1 0.978125 0.40546875 0.04296875 0.025
1 0.86796875 0.5 0.0328125 0.0296875
1 0.83671875 0.53046875 0.02421875 0.03125
1 0.80078125 0.55078125 0.025 0.02734375
1 0.85546875 0.64765625 0.05703125 0.03515625
1 0.8078125 0.71171875 0.03828125 0.028125
1 0.91484375 0.7203125 0.03046875 0.0328125
1 0.73671875 0.79296875 0.04375 0.025
1 0.66015625 0.8046875 0.03828125 0.021875
1 0.59140625 0.80625 0.028125 0.0265625
1 0.60390625 0.834375 0.02734375 0.01953125
1 0.540625 0.86796875 0.0359375 0.03203125
1 0.53984375 0.71171875 0.02578125 0.0234375
1 0.51953125 0.7875 0.02734375 0.01953125
1 0.32265625 0.82890625 0.0265625 0.01796875
1 0.32421875 0.8140625 0.03203125 0.01640625
1 0.33046875 0.84765625 0.02890625 0.0171875
1 0.2640625 0.7734375 0.02578125 0.01640625
1 0.125 0.7609375 0.03046875 0.025
1 0.09609375 0.77578125 0.0375 0.0234375
1 0.0453125 0.68671875 0.0359375 0.02578125
1 0.0640625 0.72421875 0.0359375 0.01875
1 0.08671875 0.653125 0.02421875 0.02421875
1 0.05390625 0.659375 0.021875 0.02421875
1 0.053125 0.38671875 0.025 0.02578125
1 0.02265625 0.4671875 0.021875 0.02265625
1 0.090625 0.403125 0.03046875 0.021875
1 0.6484375 0.646875 0.021875 0.01328125