1 0.8359375 0.77890625 0.0375 0.0421875
1 0.790625 0.86015625 0.028125 0.046875
1 0.78984375 0.86015625 0.0375 0.03125
1 0.8328125 0.66953125 0.03125 0.046875
1 0.8421875 0.55 0.0296875 0.0453125
1 0.8703125 0.55390625 0.01875 0.034375
1 0.89140625 0.52578125 0.028125 0.04375
1 0.90078125 0.50625 0.01875 0.034375
1 0.80703125 0.45078125 0.028125 0.0375
1 0.5671875 0.5796875 0.03125 0.040625
1 0.73125 0.3390625 0.0375 0.040625
1 0.70390625 0.34921875 0.025 0.03125
1 0.88125 0.121875 0.05 0.05
1 0.8046875 0.221875 0.021875 0.0375
1 0.759375 0.18671875 0.021875 0.034375
1 0.696875 0.15625 0.03125 0.028125
1 0.66953125 0.24921875 0.025 0.03125
1 0.63046875 0.2421875 0.0234375 0.025
1 0.578125 0.18984375 0.03125 0.03125
1 0.55859375 0.22109375 0.01875 0.025
1 0.53984375 0.11875 0.028125 0.0421875
1 0.43515625 0.215625 0.0390625 0.0359375
1 0.41953125 0.18359375 0.0265625 0.028125
1 0.33359375 0.209375 0.034375 0.034375
1 0.30390625 0.32578125 0.021875 0.034375
1 0.31015625 0.38828125 0.025 0.04375
1 0.29609375 0.45234375 0.025 0.034375
1 0.27109375 0.44296875 0.021875 0.028125
1 0.27578125 0.65078125 0.028125 0.05
1 0.35625 0.68125 0.028125 0.028125
1 0.34453125 0.86640625 0.025 0.05
1 0.48125 0.8734375 0.0265625 0.028125
1 0.41171875 0.85703125 0.0203125 0.03125
1 0.4296875 0.9234375 0.0171875 0.025
1 0.58046875 0.93984375 0.0234375 0.0328125
1 0.60703125 0.9671875 0.028125 0.028125
1 0.5515625 0.96796875 0.015625 0.01875
1 0.75078125 0.64453125 0.015625 0.021875
1 0.56171875 0.46484375 0.01875 0.028125
1 0.4640625 0.559375 0.0203125 0.028125
1 0.30390625 0.50859375 0.021875 0.028125
1 0.86328125 0.7140625 0.028125 0.0359375