1 0.81640625 0.271875 0.028125 0.03125
1 0.73359375 0.25390625 0.03125 0.025
1 0.709375 0.23828125 0.034375 0.028125
1 0.80703125 0.30625 0.0375 0.01875
1 0.67109375 0.2328125 0.021875 0.015625
1 0.6390625 0.309375 0.021875 0.021875
1 0.68984375 0.340625 0.0359375 0.021875
1 0.5578125 0.2359375 0.028125 0.025
1 0.54375 0.221875 0.025 0.01875
1 0.55078125 0.20546875 0.0203125 0.0125
1 0.53125 0.2125 0.0265625 0.0125
1 0.47265625 0.2390625 0.028125 0.015625
1 0.484375 0.26640625 0.01875 0.0203125
1 0.3796875 0.315625 0.021875 0.0203125
1 0.35625 0.31875 0.021875 0.0234375
1 0.03125 0.38203125 0.05 0.028125
1 0.021875 0.40546875 0.04375 0.025
1 0.13203125 0.5 0.0328125 0.0296875
1 0.16328125 0.53046875 0.025 0.03125
1 0.19921875 0.55078125 0.025 0.028125
1 0.14453125 0.64765625 0.05625 0.034375
1 0.1921875 0.71171875 0.0375 0.028125
1 0.08515625 0.7203125 0.03125 0.0328125
1 0.26328125 0.79296875 0.04375 0.025
1 0.33984375 0.8046875 0.0375 0.021875
1 0.40859375 0.80625 0.028125 0.0265625
1 0.39609375 0.834375 0.028125 0.01875
1 0.459375 0.86796875 0.0359375 0.03125
1 0.46015625 0.71171875 0.025 0.0234375
1 0.48046875 0.7875 0.028125 0.01875
1 0.67734375 0.82890625 0.0265625 0.01875
1 0.67578125 0.8140625 0.03125 0.015625
1 0.66953125 0.84765625 0.028125 0.0171875
1 0.7359375 0.7734375 0.025 0.015625
1 0.875 0.7609375 0.03125 0.025
1 0.90390625 0.77578125 0.0375 0.0234375
1 0.9546875 0.68671875 0.0359375 0.025
1 0.9359375 0.72421875 0.0359375 0.01875
1 0.91328125 0.653125 0.025 0.025
1 0.94609375 0.659375 0.021875 0.025
1 0.946875 0.38671875 0.025 0.025
1 0.97734375 0.4671875 0.021875 0.021875
1 0.909375 0.403125 0.03125 0.021875
1 0.3515625 0.646875 0.021875 0.0125