1 0.00859375 0.075 0.0171875 0.0296875
1 0.01484375 0.0578125 0.0296875 0.040625
1 0.03203125 0.10234375 0.02265625 0.02734375
1 0.06328125 0.0953125 0.04609375 0.01875
1 0.12265625 0.0796875 0.0515625 0.01875
1 0.1328125 0.109375 0.02890625 0.021875
1 0.15703125 0.040625 0.05703125 0.02109375
1 0.15390625 0.0359375 0.0515625 0.02265625
1 0.19765625 0.040625 0.06484375 0.01640625
1 0.3078125 0.05703125 0.05078125 0.01796875
1 0.35390625 0.0390625 0.05078125 0.015625
1 0.3765625 0.0859375 0.0421875 0.02109375
1 0.4765625 0.05234375 0.0375 0.01796875
1 0.603125 0.0609375 0.04765625 0.02109375
1 0.6953125 0.05859375 0.04609375 0.0203125
1 0.5515625 0.1234375 0.028125 0.01484375
1 0.5578125 0.1625 0.03203125 0.01640625
1 0.590625 0.16328125 0.03359375 0.0171875
1 0.584375 0.153125 0.0359375 0.01015625
1 0.5734375 0.1421875 0.0140625 0.0203125
1 0.6609375 0.12734375 0.0375 0.01328125
1 0.67109375 0.11015625 0.02421875 0.01484375
1 0.70234375 0.10625 0.04296875 0.01484375
1 0.75625 0.08203125 0.03671875 0.01796875
1 0.75390625 0.209375 0.03359375 0.01484375
1 0.7875 0.203125 0.04296875 0.0140625
1 0.809375 0.06171875 0.0359375 0.01328125
1 0.83125 0.06328125 0.03203125 0.01015625
1 0.85546875 0.084375 0.01640625 0.021875
1 0.8515625 0.06328125 0.021875 0.0171875
1 0.8640625 0.06640625 0.02421875 0.02734375
1 0.9046875 0.08125 0.03359375 0.0171875
1 0.86796875 0.08671875 0.0234375 0.01484375
1 0.89453125 0.128125 0.0125 0.01484375
1 0.89453125 0.215625 0.025 0.01875
1 0.91484375 0.215625 0.02109375 0.025
1 0.92890625 0.22578125 0.015625 0.0296875
1 0.80078125 0.259375 0.0203125 0.025
1 0.86015625 0.27109375 0.02734375 0.02265625
1 0.940625 0.271875 0.0234375 0.0203125
1 0.87890625 0.24765625 0.01484375 0.0171875
1 0.93515625 0.40625 0.02109375 0.02734375
1 0.93671875 0.3796875 0.01875 0.02578125
1 0.94921875 0.409375 0.01484375 0.0296875
1 0.88046875 0.3765625 0.0203125 0.0234375
1 0.60625 0.34375 0.03515625 0.01953125
1 0.84609375 0.47890625 0.034375 0.0109375
1 0.90546875 0.54296875 0.01484375 0.03046875
1 0.9328125 0.51015625 0.0328125 0.01328125
1 0.80234375 0.5359375 0.0234375 0.021875
1 0.68125 0.55078125 0.03515625 0.01484375
1 0.6421875 0.553125 0.0359375 0.0171875
1 0.84296875 0.5515625 0.03515625 0.01796875
1 0.87265625 0.58828125 0.025 0.0203125
1 0.88359375 0.57734375 0.0296875 0.021875
1 0.93203125 0.57109375 0.0296875 0.02421875
1 0.7234375 0.6296875 0.03046875 0.02109375
1 0.7265625 0.70390625 0.03984375 0.01640625
1 0.76328125 0.70390625 0.04140625 0.01875
1 0.8453125 0.63828125 0.04453125 0.021875
1 0.54296875 0.790625 0.034375 0.02109375
1 0.54375 0.775 0.0296875 0.0203125
1 0.6109375 0.7375 0.0390625 0.01484375
1 0.6265625 0.71953125 0.01640625 0.0328125
1 0.5875 0.7609375 0.04296875 0.02109375
1 0.54765625 0.7234375 0.0453125 0.025
1 0.5125 0.69765625 0.04453125 0.0171875
1 0.51875 0.63984375 0.03984375 0.01875
1 0.49765625 0.5984375 0.0421875 0.0171875
1 0.5078125 0.8296875 0.03828125 0.02265625
1 0.4609375 0.82265625 0.0390625 0.0234375
1 0.46875 0.75625 0.0328125 0.02265625
1 0.4328125 0.765625 0.01875 0.0265625
1 0.41171875 0.71953125 0.04375 0.0203125
1 0.30234375 0.803125 0.0359375 0.028125
1 0.3125 0.67734375 0.0484375 0.01953125
1 0.29140625 0.59921875 0.03515625 0.02265625
1 0.26328125 0.57421875 0.04453125 0.01328125
1 0.29140625 0.5484375 0.0484375 0.01796875
1 0.2234375 0.7140625 0.034375 0.021875
1 0.165625 0.7515625 0.0390625 0.01875
1 0.2140625 0.7890625 0.04375 0.0234375
1 0.32265625 0.8734375 0.0296875 0.01640625
1 0.27890625 0.909375 0.0234375 0.0203125
1 0.21875 0.86953125 0.0375 0.01171875
1 0.26328125 0.875 0.0328125 0.025
1 0.1828125 0.8625 0.034375 0.0203125
1 0.159375 0.9203125 0.02109375 0.0296875
1 0.07578125 0.88125 0.02734375 0.0296875
1 0.2375 0.9390625 0.0390625 0.01875
1 0.196875 0.97109375 0.03828125 0.01640625
1 0.1328125 0.9765625 0.0203125 0.02265625
1 0.07890625 0.92421875 0.025 0.01328125
1 0.0671875 0.828125 0.02109375 0.0203125
1 0.0796875 0.80859375 0.01953125 0.02265625
1 0.09921875 0.77890625 0.03125 0.02734375
1 0.05859375 0.7953125 0.02265625 0.02890625
1 0.0546875 0.7109375 0.0265625 0.03203125
1 0.05234375 0.67578125 0.021875 0.02890625
1 0.115625 0.61640625 0.015625 0.02578125
1 0.171875 0.54296875 0.02734375 0.02421875
1 0.2171875 0.5140625 0.0296875 0.02265625
1 0.39140625 0.421875 0.03515625 0.01328125
1 0.4 0.40078125 0.04296875 0.0125
1 0.46796875 0.4390625 0.03984375 0.0171875
1 0.05859375 0.45078125 0.02109375 0.02734375
1 0.08203125 0.4515625 0.03203125 0.01328125
1 0.08671875 0.53828125 0.02265625 0.0203125
1 0.09375 0.5828125 0.021875 0.02734375
1 0.1109375 0.38671875 0.0265625 0.0296875
1 0.15234375 0.34609375 0.021875 0.03125
1 0.12421875 0.31484375 0.0296875 0.03515625
1 0.08671875 0.32421875 0.03515625 0.0171875
1 0.08984375 0.30625 0.01953125 0.021875
1 0.05 0.32578125 0.02265625 0.02421875
1 0.0390625 0.26875 0.0265625 0.03203125
1 0.0875 0.2484375 0.0234375 0.021875
1 0.08125 0.2375 0.01875 0.02578125
1 0.01484375 0.19609375 0.02265625 0.02421875
1 0.04453125 0.19453125 0.0203125 0.03125
1 0.1203125 0.2015625 0.0171875 0.02890625
1 0.175 0.16484375 0.03125 0.015625
1 0.1421875 0.14375 0.04140625 0.01171875
1 0.1828125 0.146875 0.02890625 0.01640625
1 0.096875 0.17265625 0.02421875 0.01953125