1 0.98515625 0.1875 0.025 0.03125
1 0.984375 0.1125 0.025 0.028125
1 0.91015625 0.140625 0.028125 0.028125
1 0.98671875 0.29609375 0.025 0.05
1 0.8875 0.178125 0.0265625 0.03125
1 0.88203125 0.20625 0.0265625 0.0296875
1 0.96875 0.38984375 0.0171875 0.0421875
1 0.9671875 0.43671875 0.021875 0.0375
1 0.959375 0.415625 0.01875 0.0375
1 0.83046875 0.084375 0.025 0.025
1 0.85234375 0.09140625 0.028125 0.0234375
1 0.9375 0.559375 0.01875 0.0375
1 0.88515625 0.52109375 0.0140625 0.0375
1 0.7984375 0.28828125 0.0171875 0.03125
1 0.80703125 0.39921875 0.028125 0.021875
1 0.7578125 0.3078125 0.025 0.021875
1 0.85390625 0.64453125 0.01875 0.0421875
1 0.93203125 0.6453125 0.021875 0.034375
1 0.915625 0.584375 0.01875 0.0390625
1 0.9734375 0.73828125 0.0171875 0.034375
1 0.9609375 0.69140625 0.021875 0.0390625
1 0.93984375 0.73046875 0.015625 0.0390625
1 0.925 0.8625 0.025 0.03125
1 0.86171875 0.8078125 0.015625 0.03125
1 0.87578125 0.82578125 0.021875 0.021875
1 0.76875 0.59609375 0.015625 0.03125
1 0.7546875 0.85703125 0.025 0.021875
1 0.75546875 0.8703125 0.025 0.021875
1 0.72578125 0.865625 0.021875 0.028125
1 0.6765625 0.87421875 0.01875 0.0265625
1 0.73359375 0.7609375 0.0234375 0.028125
1 0.7234375 0.80078125 0.015625 0.0296875
1 0.61875 0.85 0.0234375 0.025
1 0.61796875 0.8578125 0.028125 0.03125
1 0.6 0.81796875 0.0203125 0.01875
1 0.63828125 0.6171875 0.025 0.025
1 0.54140625 0.84609375 0.01875 0.01875
1 0.5578125 0.85 0.01875 0.025
1 0.4734375 0.81796875 0.0296875 0.021875
1 0.47109375 0.85546875 0.025 0.01875
1 0.47421875 0.625 0.01875 0.028125
1 0.740625 0.08359375 0.028125 0.01875
1 0.73046875 0.14921875 0.028125 0.021875
1 0.66328125 0.090625 0.03125 0.021875
1 0.58203125 0.08671875 0.03125 0.025
1 0.51328125 0.08203125 0.034375 0.025
1 0.540625 0.034375 0.028125 0.0265625
1 0.50234375 0.028125 0.0328125 0.025
1 0.4671875 0.071875 0.028125 0.0328125
1 0.434375 0.12890625 0.0265625 0.025
1 0.4625 0.23671875 0.025 0.025
1 0.5125 0.32265625 0.03125 0.0234375
1 0.42265625 0.025 0.03125 0.025
1 0.384375 0.0734375 0.0265625 0.0171875
1 0.36328125 0.02578125 0.028125 0.021875
1 0.36171875 0.0734375 0.01875 0.025
1 0.3359375 0.05546875 0.025 0.01875
1 0.3125 0.05078125 0.028125 0.021875
1 0.30234375 0.17890625 0.015625 0.03125
1 0.33125 0.209375 0.0140625 0.025
1 0.28125 0.17578125 0.01875 0.015625
1 0.23203125 0.034375 0.025 0.021875
1 0.21015625 0.06640625 0.01875 0.0203125
1 0.20390625 0.15703125 0.015625 0.0296875
1 0.2125 0.15625 0.0125 0.03125
1 0.15 0.02734375 0.0265625 0.015625
1 0.16015625 0.03671875 0.021875 0.01875
1 0.1609375 0.16953125 0.021875 0.0296875
1 0.121875 0.07890625 0.021875 0.015625
1 0.1 0.05234375 0.01875 0.0234375
1 0.03515625 0.140625 0.0140625 0.0265625
1 0.01484375 0.19140625 0.015625 0.01875
1 0.05625 0.16953125 0.009375 0.0234375
1 0.03984375 0.2359375 0.0125 0.025
1 0.0203125 0.25703125 0.009375 0.0234375
1 0.04453125 0.34296875 0.0109375 0.0234375
1 0.03046875 0.37734375 0.0125 0.025
1 0.0671875 0.3515625 0.0125 0.025
1 0.0765625 0.36796875 0.021875 0.015625
1 0.1109375 0.2984375 0.0125 0.025
1 0.065625 0.49609375 0.009375 0.025
1 0.05390625 0.57421875 0.009375 0.025
1 0.01953125 0.55625 0.009375 0.0234375
1 0.0296875 0.58359375 0.0125 0.03125
1 0.01640625 0.6234375 0.0125 0.028125
1 0.03515625 0.7640625 0.0140625 0.025
1 0.0265625 0.7875 0.015625 0.021875
1 0.09296875 0.825 0.01875 0.01875
1 0.1265625 0.784375 0.0171875 0.015625
1 0.171875 0.8328125 0.021875 0.015625
1 0.24140625 0.853125 0.021875 0.01875
1 0.23359375 0.66640625 0.0234375 0.01875
1 0.26875 0.59140625 0.025 0.015625