1 0.6515625 0.1921875 0.05 0.028125
1 0.6421875 0.24921875 0.0234375 0.015625
1 0.615625 0.24453125 0.021875 0.015625
1 0.59140625 0.21328125 0.0234375 0.01875
1 0.78203125 0.25234375 0.0359375 0.0234375
1 0.71953125 0.225 0.021875 0.01875
1 0.66640625 0.23046875 0.021875 0.01875
1 0.82890625 0.3296875 0.053125 0.025
1 0.7859375 0.3640625 0.0296875 0.0390625
1 0.840625 0.359375 0.028125 0.0265625
1 0.79921875 0.471875 0.040625 0.028125
1 0.9 0.4859375 0.046875 0.03125
1 0.89375 0.54921875 0.046875 0.021875
1 0.70703125 0.63125 0.028125 0.021875
1 0.73515625 0.62890625 0.028125 0.025
1 0.771875 0.6796875 0.028125 0.025
1 0.7234375 0.696875 0.028125 0.01875
1 0.73671875 0.68203125 0.01875 0.021875
1 0.68046875 0.77421875 0.028125 0.025
1 0.62421875 0.78515625 0.040625 0.025
1 0.63125 0.69375 0.0296875 0.01875
1 0.6203125 0.7125 0.021875 0.01875
1 0.75703125 0.71640625 0.021875 0.01875
1 0.8 0.69609375 0.025 0.021875
1 0.7703125 0.70234375 0.01875 0.01875
1 0.58828125 0.77109375 0.03125 0.0203125
1 0.5765625 0.7484375 0.021875 0.01875
1 0.5625 0.71796875 0.028125 0.01875
1 0.48828125 0.72578125 0.021875 0.0203125
1 0.44609375 0.73515625 0.0375 0.021875
1 0.2421875 0.7859375 0.053125 0.01875
1 0.19765625 0.74296875 0.0515625 0.021875
1 0.31171875 0.76953125 0.0375 0.015625
1 0.1578125 0.3328125 0.025 0.021875
1 0.17890625 0.24375 0.0375 0.028125
1 0.18125 0.31015625 0.040625 0.021875
1 0.115625 0.4359375 0.021875 0.015625
1 0.359375 0.503125 0.025 0.0234375
1 0.278125 0.346875 0.0125 0.015625
1 0.43046875 0.6328125 0.025 0.0203125
1 0.334375 0.309375 0.025 0.01875
1 0.296875 0.25703125 0.028125 0.021875
1 0.39375 0.2640625 0.0203125 0.01875
1 0.05390625 0.76328125 0.0828125 0.040625