1 0.946875 0.08203125 0.0546875 0.01875
1 0.91171875 0.08828125 0.05625 0.0171875
1 0.67421875 0.11875 0.053125 0.025
1 0.87578125 0.13203125 0.034375 0.0203125
1 0.6234375 0.15703125 0.046875 0.021875
1 0.5921875 0.13046875 0.0515625 0.01875
1 0.5671875 0.146875 0.0375 0.021875
1 0.55546875 0.11875 0.04375 0.01875
1 0.4890625 0.1125 0.03125 0.028125
1 0.4484375 0.1421875 0.0421875 0.028125
1 0.2421875 0.17890625 0.075 0.025
1 0.1546875 0.17734375 0.046875 0.0234375
1 0.04921875 0.19765625 0.0421875 0.03125
1 0.8625 0.2125 0.040625 0.034375
1 0.83828125 0.171875 0.05 0.0234375
1 0.825 0.17578125 0.05 0.021875
1 0.578125 0.2171875 0.053125 0.021875
1 0.58046875 0.18671875 0.04375 0.021875
1 0.51484375 0.2421875 0.046875 0.021875
1 0.49921875 0.2171875 0.0375 0.0375
1 0.42578125 0.21328125 0.0375 0.03125
1 0.38671875 0.290625 0.0296875 0.0421875
1 0.340625 0.28125 0.034375 0.034375
1 0.20546875 0.25859375 0.0515625 0.0359375
1 0.1796875 0.23671875 0.053125 0.03125
1 0.18203125 0.29296875 0.034375 0.0375
1 0.17578125 0.28203125 0.0265625 0.028125
1 0.30546875 0.23359375 0.046875 0.028125
1 0.3125 0.21171875 0.028125 0.0484375
1 0.5796875 0.265625 0.0453125 0.025
1 0.4390625 0.2734375 0.0375 0.0171875
1 0.60703125 0.290625 0.053125 0.03125
1 0.934375 0.1828125 0.040625 0.034375
1 0.9203125 0.22265625 0.053125 0.025
1 0.82734375 0.2859375 0.046875 0.028125
1 0.74296875 0.34375 0.046875 0.034375
1 0.5859375 0.39921875 0.0421875 0.05
1 0.43984375 0.45 0.0375 0.0375
1 0.4 0.34375 0.028125 0.034375
1 0.27734375 0.30390625 0.03125 0.034375
1 0.3484375 0.46171875 0.034375 0.0375
1 0.31015625 0.428125 0.025 0.0453125
1 0.6109375 0.525 0.053125 0.046875
1 0.49296875 0.56484375 0.040625 0.05625
1 0.36484375 0.53046875 0.028125 0.040625
1 0.33046875 0.54375 0.03125 0.034375
1 0.34765625 0.52421875 0.04375 0.0375
1 0.33984375 0.5984375 0.053125 0.0375
1 0.32734375 0.65234375 0.025 0.0375
1 0.2890625 0.5890625 0.040625 0.040625
1 0.51328125 0.72109375 0.065625 0.03125
1 0.509375 0.703125 0.0375 0.0453125
1 0.55625 0.65703125 0.040625 0.0375
1 0.41640625 0.6375 0.0375 0.0375
1 0.8828125 0.72578125 0.034375 0.040625
1 0.77890625 0.7203125 0.034375 0.04375
1 0.5265625 0.79296875 0.04375 0.046875
1 0.5171875 0.7859375 0.03125 0.0390625
1 0.47734375 0.80390625 0.034375 0.0484375
1 0.45859375 0.82734375 0.034375 0.040625
1 0.55859375 0.85703125 0.04375 0.0375
1 0.525 0.86953125 0.0453125 0.0328125
1 0.46328125 0.878125 0.059375 0.0375
1 0.2796875 0.884375 0.0375 0.04375
1 0.75546875 0.8953125 0.046875 0.0375
1 0.83671875 0.89296875 0.040625 0.040625
1 0.92734375 0.92265625 0.0296875 0.04375
1 0.621875 0.91953125 0.040625 0.025
1 0.62265625 0.890625 0.059375 0.0328125
1 0.434375 0.91328125 0.05 0.0359375
1 0.61328125 0.96640625 0.046875 0.0359375
1 0.47890625 0.9921875 0.075 0.015625
1 0.46171875 0.98125 0.0625 0.0203125
1 0.7234375 0.95703125 0.059375 0.025
1 0.82109375 0.98203125 0.0546875 0.028125
1 0.934375 0.96484375 0.059375 0.034375