1 0.99140625 0.075 0.0171875 0.0296875
1 0.98515625 0.0578125 0.0296875 0.040625
1 0.96796875 0.10234375 0.021875 0.028125
1 0.93671875 0.0953125 0.046875 0.01875
1 0.87734375 0.0796875 0.0515625 0.01875
1 0.8671875 0.109375 0.028125 0.021875
1 0.84296875 0.040625 0.05625 0.021875
1 0.84609375 0.0359375 0.0515625 0.021875
1 0.80234375 0.040625 0.065625 0.015625
1 0.6921875 0.05703125 0.05 0.01875
1 0.64609375 0.0390625 0.05 0.015625
1 0.6234375 0.0859375 0.0421875 0.021875
1 0.5234375 0.05234375 0.0375 0.01875
1 0.396875 0.0609375 0.046875 0.021875
1 0.3046875 0.05859375 0.046875 0.0203125
1 0.4484375 0.1234375 0.028125 0.015625
1 0.4421875 0.1625 0.03125 0.015625
1 0.409375 0.16328125 0.034375 0.0171875
1 0.415625 0.153125 0.0359375 0.009375
1 0.4265625 0.1421875 0.0140625 0.0203125
1 0.3390625 0.12734375 0.0375 0.0125
1 0.32890625 0.11015625 0.025 0.015625
1 0.29765625 0.10625 0.04375 0.015625
1 0.24375 0.08203125 0.0375 0.01875
1 0.24609375 0.209375 0.034375 0.015625
1 0.2125 0.203125 0.04375 0.0140625
1 0.190625 0.06171875 0.0359375 0.0125
1 0.16875 0.06328125 0.03125 0.009375
1 0.14453125 0.084375 0.015625 0.021875
1 0.1484375 0.06328125 0.021875 0.0171875
1 0.1359375 0.06640625 0.025 0.028125
1 0.0953125 0.08125 0.034375 0.0171875
1 0.13203125 0.08671875 0.0234375 0.015625
1 0.10546875 0.128125 0.0125 0.015625
1 0.10546875 0.215625 0.025 0.01875
1 0.08515625 0.215625 0.021875 0.025
1 0.07109375 0.22578125 0.015625 0.0296875
1 0.19921875 0.259375 0.0203125 0.025
1 0.13984375 0.27109375 0.028125 0.021875
1 0.059375 0.271875 0.0234375 0.0203125
1 0.12109375 0.24765625 0.015625 0.0171875
1 0.06484375 0.40625 0.021875 0.028125
1 0.06328125 0.3796875 0.01875 0.025
1 0.05078125 0.409375 0.015625 0.0296875
1 0.11953125 0.3765625 0.0203125 0.0234375
1 0.39375 0.34375 0.034375 0.01875
1 0.15390625 0.47890625 0.034375 0.0109375
1 0.09453125 0.54296875 0.015625 0.03125
1 0.0671875 0.51015625 0.0328125 0.0125
1 0.19765625 0.5359375 0.0234375 0.021875
1 0.31875 0.55078125 0.034375 0.015625
1 0.3578125 0.553125 0.0359375 0.0171875
1 0.15703125 0.5515625 0.034375 0.01875
1 0.12734375 0.58828125 0.025 0.0203125
1 0.11640625 0.57734375 0.0296875 0.021875
1 0.06796875 0.57109375 0.0296875 0.025
1 0.2765625 0.6296875 0.03125 0.021875
1 0.2734375 0.70390625 0.040625 0.015625
1 0.23671875 0.70390625 0.040625 0.01875
1 0.1546875 0.63828125 0.04375 0.021875
1 0.45703125 0.790625 0.034375 0.021875
1 0.45625 0.775 0.0296875 0.0203125
1 0.3890625 0.7375 0.0390625 0.015625
1 0.3734375 0.71953125 0.015625 0.0328125
1 0.4125 0.7609375 0.04375 0.021875
1 0.45234375 0.7234375 0.0453125 0.025
1 0.4875 0.69765625 0.04375 0.0171875
1 0.48125 0.63984375 0.040625 0.01875
1 0.50234375 0.5984375 0.0421875 0.0171875
1 0.4921875 0.8296875 0.0375 0.021875
1 0.5390625 0.82265625 0.0390625 0.0234375
1 0.53125 0.75625 0.0328125 0.021875
1 0.5671875 0.765625 0.01875 0.0265625
1 0.58828125 0.71953125 0.04375 0.0203125
1 0.69765625 0.803125 0.0359375 0.028125
1 0.6875 0.67734375 0.0484375 0.01875
1 0.70859375 0.59921875 0.034375 0.021875
1 0.73671875 0.57421875 0.04375 0.0125
1 0.70859375 0.5484375 0.0484375 0.01875
1 0.7765625 0.7140625 0.034375 0.021875
1 0.834375 0.7515625 0.0390625 0.01875
1 0.7859375 0.7890625 0.04375 0.0234375
1 0.67734375 0.8734375 0.0296875 0.015625
1 0.72109375 0.909375 0.0234375 0.0203125
1 0.78125 0.86953125 0.0375 0.0125
1 0.73671875 0.875 0.0328125 0.025
1 0.8171875 0.8625 0.034375 0.0203125
1 0.840625 0.9203125 0.021875 0.0296875
1 0.92421875 0.88125 0.028125 0.0296875
1 0.7625 0.9390625 0.0390625 0.01875
1 0.803125 0.97109375 0.0375 0.015625
1 0.8671875 0.9765625 0.0203125 0.021875
1 0.92109375 0.92421875 0.025 0.0125
1 0.9328125 0.828125 0.021875 0.0203125
1 0.9203125 0.80859375 0.01875 0.021875
1 0.90078125 0.77890625 0.03125 0.028125
1 0.94140625 0.7953125 0.021875 0.028125
1 0.9453125 0.7109375 0.0265625 0.03125
1 0.94765625 0.67578125 0.021875 0.028125
1 0.884375 0.61640625 0.015625 0.025
1 0.828125 0.54296875 0.028125 0.025
1 0.7828125 0.5140625 0.0296875 0.021875
1 0.60859375 0.421875 0.034375 0.0125
1 0.6 0.40078125 0.04375 0.0125
1 0.53203125 0.4390625 0.040625 0.0171875
1 0.94140625 0.45078125 0.021875 0.028125
1 0.91796875 0.4515625 0.03125 0.0125
1 0.91328125 0.53828125 0.021875 0.0203125
1 0.90625 0.5828125 0.021875 0.028125
1 0.8890625 0.38671875 0.0265625 0.0296875
1 0.84765625 0.34609375 0.021875 0.03125
1 0.87578125 0.31484375 0.0296875 0.034375
1 0.91328125 0.32421875 0.034375 0.0171875
1 0.91015625 0.30625 0.01875 0.021875
1 0.95 0.32578125 0.021875 0.025
1 0.9609375 0.26875 0.0265625 0.03125
1 0.9125 0.2484375 0.0234375 0.021875
1 0.91875 0.2375 0.01875 0.025
1 0.98515625 0.19609375 0.021875 0.025
1 0.95546875 0.19453125 0.0203125 0.03125
1 0.8796875 0.2015625 0.0171875 0.028125
1 0.825 0.16484375 0.03125 0.015625
1 0.8578125 0.14375 0.040625 0.0125
1 0.8171875 0.146875 0.028125 0.015625
1 0.903125 0.17265625 0.025 0.01875