1 0.02578125 0.071875 0.03125 0.02109375
1 0.0796875 0.0875 0.04375 0.01875
1 0.19765625 0.09375 0.0546875 0.01875
1 0.196875 0.0828125 0.0421875 0.01953125
1 0.2875 0.1421875 0.028125 0.0296875
1 0.3359375 0.109375 0.0453125 0.021875
1 0.0125 0.121875 0.02421875 0.021875
1 0.05546875 0.14453125 0.04375 0.02265625
1 0.21796875 0.1953125 0.0453125 0.02734375
1 0.121875 0.15 0.034375 0.02734375
1 0.53984375 0.13125 0.03984375 0.01484375
1 0.5578125 0.1109375 0.04453125 0.01640625
1 0.75078125 0.165625 0.03671875 0.02578125
1 0.625 0.1890625 0.0296875 0.0296875
1 0.63203125 0.15546875 0.034375 0.01953125
1 0.6015625 0.12421875 0.046875 0.0140625
1 0.89765625 0.2328125 0.0296875 0.02890625
1 0.7171875 0.2609375 0.0359375 0.0328125
1 0.7390625 0.27109375 0.03671875 0.0328125
1 0.17734375 0.26015625 0.04375 0.02265625
1 0.209375 0.284375 0.03125 0.02734375
1 0.409375 0.2671875 0.04765625 0.0265625
1 0.3046875 0.3734375 0.03203125 0.03359375
1 0.49296875 0.31796875 0.028125 0.03125
1 0.58515625 0.36953125 0.04140625 0.0171875
1 0.51640625 0.42578125 0.0421875 0.0234375
1 0.5203125 0.3953125 0.03671875 0.0296875
1 0.55234375 0.21953125 0.0375 0.0265625
1 0.596875 0.22265625 0.03359375 0.03203125
1 0.54609375 0.19375 0.0390625 0.01875
1 0.65390625 0.30859375 0.03125 0.0375
1 0.675 0.34296875 0.02578125 0.034375
1 0.62421875 0.44609375 0.02578125 0.03203125
1 0.43125 0.48671875 0.0375 0.02265625
1 0.4546875 0.45546875 0.02578125 0.0390625
1 0.28828125 0.56640625 0.0515625 0.03125
1 0.384375 0.528125 0.02890625 0.03515625
1 0.5796875 0.6140625 0.03203125 0.0328125
1 0.5296875 0.67578125 0.04453125 0.0328125
1 0.6921875 0.53828125 0.02890625 0.0359375
1 0.69375 0.5828125 0.0375 0.03984375
1 0.29140625 0.7296875 0.04453125 0.04140625
1 0.2890625 0.7234375 0.06328125 0.02734375
1 0.5703125 0.7796875 0.04453125 0.02421875
1 0.63828125 0.8125 0.03984375 0.03203125
1 0.6328125 0.7765625 0.028125 0.03828125
1 0.65703125 0.765625 0.03359375 0.034375
1 0.09375 0.934375 0.05234375 0.02109375
1 0.08828125 0.9140625 0.04921875 0.0234375
1 0.06953125 0.90078125 0.059375 0.0234375
1 0.57890625 0.88984375 0.03359375 0.04140625
1 0.52109375 0.965625 0.03984375 0.0265625
1 0.53671875 0.94453125 0.053125 0.0265625
1 0.4015625 0.96953125 0.04453125 0.0203125
1 0.4328125 0.959375 0.04765625 0.0296875
1 0.328125 0.9625 0.0578125 0.02109375
1 0.3265625 0.90546875 0.0421875 0.0265625
1 0.359375 0.92109375 0.03203125 0.02890625
1 0.16796875 0.9578125 0.0515625 0.02109375
1 0.2390625 0.984375 0.03671875 0.03046875
1 0.22890625 0.94765625 0.05 0.0203125
1 0.26875 0.94140625 0.05234375 0.015625
1 0.0203125 0.8765625 0.040625 0.0265625
1 0.01328125 0.859375 0.0265625 0.02421875