1 0.1 0.10234375 0.0171875 0.0265625
1 0.16875 0.0203125 0.0328125 0.01015625
1 0.18828125 0.00859375 0.0328125 0.0140625
1 0.0796875 0.06328125 0.02734375 0.009375
1 0.12578125 0.13203125 0.01328125 0.02265625
1 0.13046875 0.18984375 0.03203125 0.0125
1 0.06953125 0.26015625 0.0171875 0.02578125
1 0.08359375 0.29921875 0.0171875 0.02578125
1 0.0921875 0.3140625 0.01796875 0.021875
1 0.14296875 0.36953125 0.0171875 0.02265625
1 0.17265625 0.409375 0.0203125 0.02265625
1 0.078125 0.440625 0.015625 0.021875
1 0.12890625 0.46328125 0.02421875 0.01875
1 0.15859375 0.465625 0.01953125 0.02265625
1 0.09140625 0.4671875 0.01484375 0.021875
1 0.05625 0.47578125 0.01640625 0.025
1 0.05390625 0.5234375 0.01328125 0.02421875
1 0.03671875 0.5765625 0.01640625 0.025
1 0.06953125 0.63515625 0.0140625 0.02109375
1 0.1046875 0.7265625 0.02421875 0.01953125
1 0.04921875 0.70859375 0.01796875 0.02109375
1 0.065625 0.73828125 0.01640625 0.021875
1 0.0375 0.78125 0.0140625 0.02265625
1 0.14453125 0.76171875 0.03203125 0.0125
1 0.04375 0.82578125 0.01640625 0.0203125
1 0.0375 0.84609375 0.0140625 0.01875
1 0.04453125 0.91328125 0.0234375 0.01875
1 0.04140625 0.95859375 0.01796875 0.02265625
1 0.20859375 0.87265625 0.02734375 0.01328125
1 0.11796875 0.96953125 0.02734375 0.01171875
1 0.14765625 0.95625 0.0234375 0.0171875
1 0.20625 0.97421875 0.03828125 0.01484375
1 0.296875 0.73125 0.03359375 0.0140625
1 0.29453125 0.96796875 0.03046875 0.01484375
1 0.30234375 0.95234375 0.0296875 0.01171875
1 0.32578125 0.98046875 0.0359375 0.01328125
1 0.35078125 0.98671875 0.04140625 0.009375
1 0.3609375 0.97109375 0.0328125 0.0140625
1 0.359375 0.96015625 0.02890625 0.01171875
1 0.3484375 0.93515625 0.01640625 0.01875
1 0.43828125 0.84140625 0.02109375 0.0171875
1 0.5421875 0.98359375 0.021875 0.01484375
1 0.5296875 0.96640625 0.02578125 0.01171875
1 0.53359375 0.93984375 0.03046875 0.01328125
1 0.575 0.97109375 0.025 0.009375
1 0.5625 0.9546875 0.02578125 0.00859375
1 0.365625 0.4125 0.03125 0.0171875
1 0.25234375 0.33046875 0.01875 0.0265625
1 0.34921875 0.0609375 0.0265625 0.01953125
1 0.3734375 0.0453125 0.0234375 0.01953125
1 0.3890625 0.02578125 0.02734375 0.01484375
1 0.46484375 0.021875 0.0375 0.01484375
1 0.51875 0.01875 0.0375 0.0109375
1 0.59921875 0.028125 0.03984375 0.01328125
1 0.5515625 0.0609375 0.03359375 0.015625
1 0.4984375 0.06484375 0.01796875 0.02109375
1 0.48359375 0.10546875 0.0390625 0.0203125
1 0.41015625 0.1203125 0.02578125 0.02890625
1 0.5515625 0.809375 0.03046875 0.021875
1 0.54609375 0.73046875 0.0375 0.01328125
1 0.55625 0.73671875 0.01875 0.025
1 0.659375 0.74140625 0.03671875 0.01796875
1 0.63984375 0.67734375 0.034375 0.01640625
1 0.60078125 0.63984375 0.0359375 0.01953125
1 0.50078125 0.53203125 0.0359375 0.02265625
1 0.571875 0.434375 0.02265625 0.02109375
1 0.55078125 0.29140625 0.0375 0.0203125
1 0.4625 0.0484375 0.03515625 0.0125
1 0.5953125 0.0578125 0.0328125 0.0125
1 0.78359375 0.03984375 0.0375 0.0140625
1 0.77109375 0.1015625 0.03359375 0.015625
1 0.86171875 0.0625 0.03046875 0.015625
1 0.87265625 0.0921875 0.02734375 0.025
1 0.87265625 0.1171875 0.028125 0.025
1 0.86796875 0.203125 0.01875 0.02421875
1 0.8109375 0.1984375 0.02578125 0.025
1 0.875 0.24765625 0.02578125 0.02734375
1 0.84453125 0.2328125 0.02109375 0.025
1 0.86953125 0.30078125 0.0234375 0.0296875
1 0.77109375 0.384375 0.03046875 0.01953125
1 0.80078125 0.365625 0.02421875 0.02578125
1 0.84609375 0.340625 0.02421875 0.0265625
1 0.83671875 0.38046875 0.0203125 0.0328125
1 0.8609375 0.38671875 0.02265625 0.03203125
1 0.646875 0.48125 0.0234375 0.02890625
1 0.740625 0.4984375 0.02109375 0.025
1 0.7703125 0.51953125 0.01875 0.02421875
1 0.8109375 0.51328125 0.01796875 0.01640625
1 0.8203125 0.52109375 0.01015625 0.01796875
1 0.83125 0.5265625 0.01171875 0.01640625
1 0.8484375 0.53046875 0.015625 0.0203125
1 0.86484375 0.52109375 0.01484375 0.025
1 0.86640625 0.63203125 0.01640625 0.0265625
1 0.85234375 0.65859375 0.01640625 0.0265625
1 0.7578125 0.6984375 0.01640625 0.03125
1 0.80078125 0.7828125 0.01796875 0.02421875
1 0.8421875 0.715625 0.015625 0.0296875
1 0.7765625 0.8484375 0.01875 0.0265625
1 0.74296875 0.90546875 0.01640625 0.02578125
1 0.81640625 0.946875 0.03046875 0.015625
1 0.7484375 0.96328125 0.0203125 0.0171875
1 0.13359375 0.05078125 0.02421875 0.01171875
1 0.20234375 0.0234375 0.025 0.01171875