1 0.56796875 0.05390625 0.0359375 0.0625
1 0.5375 0.053125 0.0375 0.06875
1 0.28203125 0.14375 0.090625 0.034375
1 0.58125 0.1125 0.0265625 0.046875
1 0.715625 0.30390625 0.0546875 0.059375
1 0.66640625 0.28359375 0.028125 0.04375
1 0.7453125 0.37734375 0.034375 0.0625
1 0.71796875 0.3703125 0.0375 0.0515625
1 0.77734375 0.45078125 0.046875 0.065625
1 0.7375 0.434375 0.028125 0.046875
1 0.8484375 0.5609375 0.034375 0.05
1 0.828125 0.5421875 0.0390625 0.0453125
1 0.81484375 0.53125 0.034375 0.0375
1 0.7421875 0.6890625 0.05625 0.025
1 0.68125 0.5671875 0.0453125 0.0390625
1 0.38515625 0.90625 0.1 0.040625
1 0.209375 0.91796875 0.0875 0.034375
1 0.2375 0.2640625 0.09375 0.0375