1 0.07265625 0.13515625 0.04609375 0.01484375
1 0.09453125 0.1078125 0.0453125 0.02265625
1 0.0875 0.0765625 0.05234375 0.0265625
1 0.1234375 0.0828125 0.05390625 0.01484375
1 0.14765625 0.0984375 0.05390625 0.01484375
1 0.20625 0.18046875 0.03984375 0.02734375
1 0.24140625 0.14140625 0.0453125 0.01953125
1 0.246875 0.12109375 0.0515625 0.02109375
1 0.10546875 0.2203125 0.05859375 0.01953125
1 0.10703125 0.1875 0.05546875 0.01796875
1 0.28828125 0.21484375 0.03515625 0.02109375
1 0.33828125 0.20703125 0.03125 0.03515625
1 0.45859375 0.246875 0.0421875 0.0359375
1 0.56796875 0.296875 0.04609375 0.02109375
1 0.31328125 0.13203125 0.040625 0.02109375
1 0.42109375 0.125 0.04609375 0.0203125
1 0.51015625 0.1296875 0.0515625 0.0171875
1 0.80546875 0.2546875 0.03515625 0.028125
1 0.84296875 0.2625 0.0296875 0.0328125
1 0.6640625 0.13984375 0.05078125 0.02421875
1 0.9734375 0.18359375 0.03515625 0.0296875
1 0.815625 0.2015625 0.0296875 0.02265625
1 0.70546875 0.16640625 0.03203125 0.01953125
1 0.7484375 0.17421875 0.0296875 0.0171875
1 0.465625 0.1765625 0.0359375 0.02578125
1 0.45625 0.1375 0.04765625 0.01875
1 0.54453125 0.20078125 0.02421875 0.0265625
1 0.57734375 0.2 0.02578125 0.01875
1 0.63046875 0.19453125 0.0296875 0.02265625
1 0.71328125 0.23203125 0.02734375 0.02421875
1 0.7171875 0.21796875 0.03203125 0.0296875
1 0.56953125 0.25390625 0.02890625 0.0296875
1 0.5 0.18671875 0.0234375 0.01953125
1 0.66171875 0.3234375 0.0265625 0.02890625
1 0.6796875 0.31953125 0.01953125 0.034375
1 0.5796875 0.35625 0.01953125 0.02578125
1 0.58125 0.4328125 0.03125 0.028125
1 0.6 0.43046875 0.0234375 0.02734375
1 0.67890625 0.4375 0.0296875 0.03125
1 0.65078125 0.5046875 0.0234375 0.034375
1 0.6734375 0.50859375 0.021875 0.04140625
1 0.696875 0.47890625 0.0265625 0.0359375
1 0.703125 0.46171875 0.02421875 0.034375
1 0.73203125 0.5625 0.034375 0.034375
1 0.61015625 0.53984375 0.02421875 0.0375
1 0.49921875 0.61328125 0.0328125 0.02890625
1 0.36875 0.68359375 0.03203125 0.03984375
1 0.39453125 0.68828125 0.03828125 0.03359375
1 0.44453125 0.7796875 0.04140625 0.03203125
1 0.565625 0.77734375 0.0203125 0.03125
1 0.47890625 0.8234375 0.04609375 0.02265625
1 0.4671875 0.8796875 0.03203125 0.03046875
1 0.64296875 0.94609375 0.0640625 0.02265625
1 0.534375 0.9640625 0.03125 0.03125
1 0.4890625 0.978125 0.05078125 0.02734375
1 0.475 0.95546875 0.03515625 0.025
1 0.503125 0.975 0.03984375 0.02109375
1 0.36171875 0.9765625 0.0609375 0.01796875
1 0.24765625 0.96875 0.05546875 0.02109375
1 0.40625 0.94921875 0.03046875 0.02109375
1 0.1265625 0.9296875 0.04375 0.0203125
1 0.12109375 0.96953125 0.0421875 0.02265625
1 0.16484375 0.9484375 0.04453125 0.0203125
1 0.18515625 0.86171875 0.0421875 0.0328125
1 0.1375 0.81640625 0.0265625 0.03125
1 0.1859375 0.7609375 0.03125 0.0296875
1 0.2125 0.44609375 0.02421875 0.03125
1 0.26875 0.325 0.02734375 0.01953125