1 0.01953125 0.7234375 0.0375 0.046875
1 0.028125 0.77421875 0.05625 0.05
1 0.13203125 0.49140625 0.065625 0.046875
1 0.24140625 0.43203125 0.053125 0.0484375
1 0.25703125 0.490625 0.053125 0.034375
1 0.225 0.62890625 0.06875 0.0484375
1 0.471875 0.44765625 0.05 0.05
1 0.53359375 0.45703125 0.0765625 0.046875
1 0.66484375 0.4328125 0.084375 0.0515625
1 0.74453125 0.43359375 0.0875 0.05625
1 0.74765625 0.5015625 0.109375 0.0453125
1 0.928125 0.6265625 0.06875 0.059375
1 0.90703125 0.67421875 0.096875 0.059375