1 0.275 0.61953125 0.03125 0.0375
1 0.2734375 0.58984375 0.03125 0.0375
1 0.36171875 0.1171875 0.025 0.046875
1 0.38046875 0.1296875 0.0296875 0.046875
1 0.45078125 0.11484375 0.0234375 0.03125
1 0.44765625 0.14765625 0.021875 0.034375
1 0.46953125 0.109375 0.025 0.05
1 0.465625 0.146875 0.034375 0.046875
1 0.44453125 0.20390625 0.03125 0.03125
1 0.3671875 0.50078125 0.0328125 0.028125
1 0.3640625 0.41015625 0.021875 0.0375
1 0.6375 0.11875 0.0203125 0.040625
1 0.65234375 0.1578125 0.028125 0.028125
1 0.621875 0.19453125 0.0234375 0.025
1 0.75546875 0.39296875 0.0375 0.034375
1 0.778125 0.409375 0.03125 0.0359375
1 0.84375 0.3296875 0.03125 0.034375
1 0.78203125 0.4578125 0.01875 0.025
1 0.8015625 0.44921875 0.01875 0.028125
1 0.8859375 0.053125 0.0578125 0.05
1 0.9 0.54375 0.028125 0.0375
1 0.8671875 0.52890625 0.028125 0.0625
1 0.85 0.60703125 0.03125 0.03125
1 0.82734375 0.78046875 0.028125 0.05
1 0.58515625 0.93203125 0.0359375 0.040625
1 0.50234375 0.9046875 0.03125 0.0375
1 0.45859375 0.884375 0.0375 0.040625
1 0.378125 0.83359375 0.028125 0.0375
1 0.446875 0.584375 0.03125 0.03125
1 0.7234375 0.54765625 0.01875 0.04375
1 0.72734375 0.49140625 0.01875 0.028125
1 0.66171875 0.2640625 0.025 0.03125
1 0.746875 0.85390625 0.0234375 0.03125