1 0.89765625 0.1 0.0265625 0.0171875
1 0.9796875 0.16875 0.009375 0.0328125
1 0.99140625 0.18828125 0.0140625 0.0328125
1 0.93671875 0.0796875 0.009375 0.028125
1 0.86796875 0.12578125 0.021875 0.0125
1 0.81015625 0.13046875 0.0125 0.03125
1 0.73984375 0.06953125 0.025 0.0171875
1 0.70078125 0.08359375 0.025 0.0171875
1 0.6859375 0.0921875 0.021875 0.01875
1 0.63046875 0.14296875 0.021875 0.0171875
1 0.590625 0.17265625 0.021875 0.0203125
1 0.559375 0.078125 0.021875 0.015625
1 0.53671875 0.12890625 0.01875 0.025
1 0.534375 0.15859375 0.021875 0.01875
1 0.5328125 0.09140625 0.021875 0.015625
1 0.52421875 0.05625 0.025 0.015625
1 0.4765625 0.05390625 0.025 0.0125
1 0.4234375 0.03671875 0.025 0.015625
1 0.36484375 0.06953125 0.021875 0.0140625
1 0.2734375 0.1046875 0.01875 0.025
1 0.29140625 0.04921875 0.021875 0.01875
1 0.26171875 0.065625 0.021875 0.015625
1 0.21875 0.0375 0.021875 0.0140625
1 0.23828125 0.14453125 0.0125 0.03125
1 0.17421875 0.04375 0.0203125 0.015625
1 0.15390625 0.0375 0.01875 0.0140625
1 0.08671875 0.04453125 0.01875 0.0234375
1 0.04140625 0.04140625 0.021875 0.01875
1 0.12734375 0.20859375 0.0125 0.028125
1 0.03046875 0.11796875 0.0125 0.028125
1 0.04375 0.14765625 0.0171875 0.0234375
1 0.02578125 0.20625 0.015625 0.0375
1 0.26875 0.296875 0.0140625 0.034375
1 0.03203125 0.29453125 0.015625 0.03125
1 0.04765625 0.30234375 0.0125 0.0296875
1 0.01953125 0.32578125 0.0125 0.0359375
1 0.01328125 0.35078125 0.009375 0.040625
1 0.02890625 0.3609375 0.0140625 0.0328125
1 0.03984375 0.359375 0.0125 0.028125
1 0.06484375 0.3484375 0.01875 0.015625
1 0.15859375 0.43828125 0.0171875 0.021875
1 0.01640625 0.5421875 0.015625 0.021875
1 0.03359375 0.5296875 0.0125 0.025
1 0.06015625 0.53359375 0.0125 0.03125
1 0.02890625 0.575 0.009375 0.025
1 0.0453125 0.5625 0.009375 0.025
1 0.5875 0.365625 0.0171875 0.03125
1 0.66953125 0.25234375 0.0265625 0.01875
1 0.9390625 0.34921875 0.01875 0.0265625
1 0.9546875 0.3734375 0.01875 0.0234375
1 0.97421875 0.3890625 0.015625 0.028125
1 0.978125 0.46484375 0.015625 0.0375
1 0.98125 0.51875 0.0109375 0.0375
1 0.971875 0.59921875 0.0125 0.040625
1 0.9390625 0.5515625 0.015625 0.034375
1 0.93515625 0.4984375 0.021875 0.01875
1 0.89453125 0.48359375 0.0203125 0.0390625
1 0.8796875 0.41015625 0.028125 0.025
1 0.190625 0.5515625 0.021875 0.03125
1 0.26953125 0.54609375 0.0125 0.0375
1 0.26328125 0.55625 0.025 0.01875
1 0.25859375 0.659375 0.01875 0.0375
1 0.32265625 0.63984375 0.015625 0.034375
1 0.36015625 0.60078125 0.01875 0.0359375
1 0.46796875 0.50078125 0.021875 0.0359375
1 0.565625 0.571875 0.021875 0.021875
1 0.70859375 0.55078125 0.0203125 0.0375
1 0.9515625 0.4625 0.0125 0.034375
1 0.9421875 0.5953125 0.0125 0.0328125
1 0.96015625 0.78359375 0.0140625 0.0375
1 0.8984375 0.77109375 0.015625 0.034375
1 0.9375 0.86171875 0.015625 0.03125
1 0.9078125 0.87265625 0.025 0.028125
1 0.8828125 0.87265625 0.025 0.028125
1 0.796875 0.86796875 0.025 0.01875
1 0.8015625 0.8109375 0.025 0.0265625
1 0.75234375 0.875 0.028125 0.025
1 0.7671875 0.84453125 0.025 0.021875
1 0.69921875 0.86953125 0.0296875 0.0234375
1 0.615625 0.77109375 0.01875 0.03125
1 0.634375 0.80078125 0.025 0.025
1 0.659375 0.84609375 0.0265625 0.025
1 0.61953125 0.83671875 0.0328125 0.0203125
1 0.61328125 0.8609375 0.03125 0.021875
1 0.51875 0.646875 0.028125 0.0234375
1 0.5015625 0.740625 0.025 0.021875
1 0.48046875 0.7703125 0.025 0.01875
1 0.48671875 0.8109375 0.015625 0.01875
1 0.47890625 0.8203125 0.01875 0.009375
1 0.4734375 0.83125 0.015625 0.0125
1 0.46953125 0.8484375 0.0203125 0.015625
1 0.47890625 0.86484375 0.025 0.015625
1 0.36796875 0.86640625 0.0265625 0.015625
1 0.34140625 0.85234375 0.0265625 0.015625
1 0.3015625 0.7578125 0.03125 0.015625
1 0.2171875 0.80078125 0.025 0.0171875
1 0.284375 0.8421875 0.0296875 0.015625
1 0.1515625 0.7765625 0.0265625 0.01875
1 0.09453125 0.74296875 0.025 0.015625
1 0.053125 0.81640625 0.015625 0.03125
1 0.03671875 0.7484375 0.0171875 0.0203125
1 0.94921875 0.13359375 0.0125 0.025
1 0.9765625 0.20234375 0.0125 0.025