1 0.88046875 0.79765625 0.0625 0.0484375
1 0.70078125 0.73046875 0.0453125 0.02265625
1 0.61171875 0.77578125 0.021875 0.0265625
1 0.50859375 0.75234375 0.0234375 0.01953125
1 0.3734375 0.7953125 0.02734375 0.02265625
1 0.57109375 0.6875 0.0265625 0.0171875
1 0.56953125 0.63671875 0.0265625 0.01484375
1 0.471875 0.73828125 0.02421875 0.0125
1 0.4265625 0.6453125 0.02578125 0.01875
1 0.5359375 0.6015625 0.02421875 0.0125
1 0.6921875 0.621875 0.02265625 0.0171875
1 0.6890625 0.59921875 0.02734375 0.0234375
1 0.18671875 0.7453125 0.03359375 0.021875
1 0.23515625 0.75078125 0.0265625 0.01640625
1 0.21484375 0.759375 0.02578125 0.015625
1 0.24609375 0.78125 0.0328125 0.01484375
1 0.31328125 0.79453125 0.028125 0.01953125
1 0.8265625 0.596875 0.03515625 0.02109375
1 0.83671875 0.5796875 0.03359375 0.02109375
1 0.9296875 0.5390625 0.05 0.0328125
1 0.82578125 0.553125 0.02421875 0.01640625
1 0.784375 0.52265625 0.03046875 0.0203125
1 0.79453125 0.49765625 0.02578125 0.021875
1 0.759375 0.4390625 0.0234375 0.01953125
1 0.7234375 0.44921875 0.025 0.01640625
1 0.69921875 0.44921875 0.021875 0.01875
1 0.66015625 0.465625 0.02421875 0.02265625
1 0.70546875 0.33828125 0.025 0.0296875
1 0.72578125 0.346875 0.028125 0.02421875
1 0.5921875 0.3140625 0.03046875 0.0140625
1 0.53828125 0.28203125 0.02734375 0.02421875
1 0.515625 0.29296875 0.034375 0.01875
1 0.48046875 0.2921875 0.03046875 0.01796875
1 0.51484375 0.27265625 0.02890625 0.01640625
1 0.36484375 0.2796875 0.03984375 0.025
1 0.26953125 0.325 0.0359375 0.0171875
1 0.20625 0.36171875 0.0359375 0.02421875
1 0.20390625 0.3796875 0.0265625 0.01640625
1 0.1109375 0.57109375 0.0234375 0.02109375
1 0.13828125 0.575 0.02109375 0.01328125
1 0.11953125 0.64296875 0.02265625 0.0203125
1 0.09921875 0.64296875 0.02421875 0.02109375
1 0.15078125 0.546875 0.021875 0.02421875
1 0.4765625 0.27265625 0.02578125 0.01953125
1 0.42421875 0.2828125 0.021875 0.0171875
1 0.628125 0.3359375 0.0171875 0.01875