1 0.10234375 0.9 0.0265625 0.0171875
1 0.0203125 0.83125 0.009375 0.0328125
1 0.00859375 0.81171875 0.0140625 0.0328125
1 0.06328125 0.9203125 0.009375 0.028125
1 0.13203125 0.87421875 0.021875 0.0125
1 0.18984375 0.86953125 0.0125 0.03125
1 0.26015625 0.93046875 0.025 0.0171875
1 0.29921875 0.91640625 0.025 0.0171875
1 0.3140625 0.9078125 0.021875 0.01875
1 0.36953125 0.85703125 0.021875 0.0171875
1 0.409375 0.82734375 0.021875 0.0203125
1 0.440625 0.921875 0.021875 0.015625
1 0.46328125 0.87109375 0.01875 0.025
1 0.465625 0.84140625 0.021875 0.01875
1 0.4671875 0.90859375 0.021875 0.015625
1 0.47578125 0.94375 0.025 0.015625
1 0.5234375 0.94609375 0.025 0.0125
1 0.5765625 0.96328125 0.025 0.015625
1 0.63515625 0.93046875 0.021875 0.0140625
1 0.7265625 0.8953125 0.01875 0.025
1 0.70859375 0.95078125 0.021875 0.01875
1 0.73828125 0.934375 0.021875 0.015625
1 0.78125 0.9625 0.021875 0.0140625
1 0.76171875 0.85546875 0.0125 0.03125
1 0.82578125 0.95625 0.0203125 0.0171875
1 0.84609375 0.9625 0.01875 0.0140625
1 0.91328125 0.95546875 0.01875 0.0234375
1 0.95859375 0.95859375 0.021875 0.01875
1 0.87265625 0.79140625 0.0125 0.028125
1 0.96953125 0.88203125 0.0125 0.028125
1 0.95625 0.85234375 0.0171875 0.0234375
1 0.97421875 0.79375 0.015625 0.0390625
1 0.73125 0.703125 0.0140625 0.034375
1 0.96796875 0.70546875 0.015625 0.03125
1 0.95234375 0.69765625 0.0125 0.0296875
1 0.98046875 0.67421875 0.0125 0.0359375
1 0.98671875 0.64921875 0.009375 0.040625
1 0.97109375 0.6390625 0.0140625 0.0328125
1 0.96015625 0.640625 0.0125 0.028125
1 0.93515625 0.6515625 0.01875 0.015625
1 0.84140625 0.56171875 0.0171875 0.021875
1 0.98359375 0.4578125 0.015625 0.021875
1 0.96640625 0.4703125 0.0125 0.025
1 0.93984375 0.46640625 0.0125 0.03125
1 0.97109375 0.425 0.009375 0.025
1 0.9546875 0.4375 0.009375 0.025
1 0.4125 0.634375 0.0171875 0.03125
1 0.33046875 0.74765625 0.0265625 0.01875
1 0.0609375 0.65078125 0.01875 0.0265625
1 0.0453125 0.6265625 0.01875 0.0234375
1 0.02578125 0.6109375 0.015625 0.028125
1 0.021875 0.53515625 0.015625 0.0375
1 0.01875 0.48125 0.0109375 0.0375
1 0.028125 0.40078125 0.0125 0.040625
1 0.0609375 0.4484375 0.015625 0.034375
1 0.06484375 0.5015625 0.021875 0.01875
1 0.10546875 0.51640625 0.0203125 0.0390625
1 0.1203125 0.58984375 0.028125 0.0265625
1 0.809375 0.4484375 0.021875 0.03125
1 0.73046875 0.45390625 0.0125 0.0375
1 0.73671875 0.44375 0.025 0.01875
1 0.74140625 0.340625 0.01875 0.0375
1 0.67734375 0.36015625 0.015625 0.034375
1 0.63984375 0.39921875 0.01875 0.0359375
1 0.53203125 0.49921875 0.021875 0.0359375
1 0.434375 0.428125 0.021875 0.021875
1 0.29140625 0.44921875 0.0203125 0.0375
1 0.0484375 0.5375 0.0125 0.034375
1 0.0578125 0.4046875 0.0125 0.0328125
1 0.03984375 0.21640625 0.0140625 0.0375
1 0.1015625 0.22890625 0.015625 0.034375
1 0.0625 0.13828125 0.015625 0.03125
1 0.0921875 0.12734375 0.025 0.028125
1 0.1171875 0.12734375 0.025 0.028125
1 0.203125 0.13203125 0.025 0.01875
1 0.1984375 0.1890625 0.025 0.025
1 0.24765625 0.125 0.028125 0.025
1 0.2328125 0.15546875 0.025 0.021875
1 0.30078125 0.13046875 0.0296875 0.0234375
1 0.384375 0.22890625 0.01875 0.03125
1 0.365625 0.19921875 0.025 0.025
1 0.340625 0.15390625 0.0265625 0.025
1 0.38046875 0.16328125 0.0328125 0.0203125
1 0.38671875 0.1390625 0.03125 0.021875
1 0.48125 0.353125 0.028125 0.0234375
1 0.4984375 0.259375 0.025 0.021875
1 0.51953125 0.2296875 0.025 0.01875
1 0.51328125 0.1890625 0.015625 0.01875
1 0.52109375 0.1796875 0.01875 0.009375
1 0.5265625 0.16875 0.015625 0.0125
1 0.53046875 0.1515625 0.0203125 0.015625
1 0.52109375 0.13515625 0.025 0.015625
1 0.63203125 0.13359375 0.0265625 0.015625
1 0.65859375 0.14765625 0.0265625 0.015625
1 0.6984375 0.2421875 0.03125 0.015625
1 0.7828125 0.19921875 0.025 0.01875
1 0.715625 0.1578125 0.0296875 0.015625
1 0.8484375 0.2234375 0.0265625 0.01875
1 0.90546875 0.25703125 0.025 0.015625
1 0.946875 0.18359375 0.015625 0.03125
1 0.96328125 0.2515625 0.0171875 0.0203125
1 0.05078125 0.86640625 0.0125 0.025
1 0.0234375 0.79765625 0.0125 0.025