1 0.1109375 0.34296875 0.0515625 0.05625
1 0.31640625 0.2828125 0.04375 0.01875
1 0.30390625 0.3671875 0.03125 0.021875
1 0.296875 0.33359375 0.03125 0.028125
1 0.403125 0.23125 0.0390625 0.03125
1 0.38671875 0.265625 0.021875 0.025
1 0.41484375 0.2640625 0.034375 0.0203125
1 0.4109375 0.28828125 0.028125 0.01875
1 0.56015625 0.2296875 0.03125 0.0234375
1 0.675 0.2046875 0.0375 0.028125
1 0.575 0.2953125 0.025 0.021875
1 0.55546875 0.29296875 0.028125 0.01875
1 0.771875 0.2828125 0.0375 0.01875
1 0.75546875 0.26953125 0.0328125 0.025
1 0.834375 0.24296875 0.046875 0.021875
1 0.78359375 0.21640625 0.0375 0.01875
1 0.85390625 0.353125 0.021875 0.021875
1 0.94921875 0.63984375 0.0296875 0.0265625
1 0.903125 0.6234375 0.0171875 0.0203125
1 0.8984375 0.6796875 0.0328125 0.028125
1 0.78828125 0.8203125 0.0453125 0.025
1 0.696875 0.7828125 0.021875 0.021875
1 0.57890625 0.8515625 0.040625 0.0296875
1 0.621875 0.73359375 0.025 0.01875
1 0.63515625 0.65234375 0.0296875 0.015625
1 0.4828125 0.53515625 0.040625 0.0203125
1 0.4640625 0.459375 0.025 0.021875
1 0.44453125 0.51171875 0.028125 0.015625
1 0.3140625 0.46328125 0.0328125 0.025
1 0.35703125 0.4703125 0.021875 0.01875
1 0.34375 0.4953125 0.028125 0.0125
1 0.33984375 0.48515625 0.021875 0.0109375
1 0.35390625 0.575 0.0171875 0.015625
1 0.3171875 0.57421875 0.021875 0.0125
1 0.2671875 0.6375 0.0234375 0.01875
1 0.25 0.66015625 0.025 0.015625
1 0.25078125 0.646875 0.021875 0.01875
1 0.2328125 0.646875 0.0203125 0.021875
1 0.31171875 0.6765625 0.0234375 0.015625
1 0.24453125 0.7296875 0.034375 0.025
1 0.26640625 0.74296875 0.0296875 0.025
1 0.38984375 0.75546875 0.0328125 0.01875
1 0.36171875 0.775 0.0234375 0.021875
1 0.353125 0.834375 0.04375 0.034375
1 0.4765625 0.80859375 0.015625 0.0125
1 0.4859375 0.78515625 0.028125 0.01875
1 0.275 0.6875 0.021875 0.0203125
1 0.275 0.58671875 0.0171875 0.0171875
1 0.31484375 0.61328125 0.01875 0.0171875
1 0.40703125 0.69140625 0.0171875 0.01875