1 0.60390625 0.86171875 0.15625 0.159375
1 0.89140625 0.58203125 0.06875 0.0578125
1 0.8265625 0.40625 0.0828125 0.0671875
1 0.67890625 0.59375 0.075 0.05
1 0.49453125 0.6234375 0.090625 0.0640625
1 0.6203125 0.56640625 0.0625 0.0453125
1 0.171875 0.5921875 0.10625 0.046875
1 0.28828125 0.53515625 0.09375 0.0578125
1 0.16328125 0.45 0.084375 0.053125
1 0.225 0.4453125 0.075 0.0625
1 0.10703125 0.4078125 0.09375 0.071875
1 0.475 0.03203125 0.06875 0.0640625
1 0.728125 0.02578125 0.04375 0.0515625