1 0.359375 0.1734375 0.0390625 0.02578125
1 0.3078125 0.209375 0.02734375 0.0203125
1 0.171875 0.28359375 0.0296875 0.0265625
1 0.56015625 0.246875 0.0265625 0.0296875
1 0.61171875 0.2578125 0.03203125 0.01796875
1 0.5109375 0.22265625 0.03515625 0.0203125
1 0.6203125 0.22109375 0.03125 0.02265625
1 0.6453125 0.225 0.03125 0.025
1 0.74765625 0.30546875 0.03515625 0.02109375
1 0.684375 0.29921875 0.02265625 0.021875
1 0.6546875 0.27421875 0.0265625 0.02890625
1 0.79609375 0.39453125 0.034375 0.04296875
1 0.7515625 0.4046875 0.0328125 0.02578125
1 0.75859375 0.47421875 0.03515625 0.0265625
1 0.8 0.43984375 0.028125 0.02578125
1 0.8140625 0.48828125 0.034375 0.02890625
1 0.809375 0.5390625 0.03203125 0.03046875
1 0.7625 0.51875 0.01875 0.01796875
1 0.784375 0.509375 0.02109375 0.0265625
1 0.96953125 0.51171875 0.0546875 0.04375
1 0.775 0.6140625 0.02734375 0.02109375
1 0.70390625 0.625 0.03671875 0.0203125
1 0.6703125 0.63125 0.02890625 0.02109375
1 0.61484375 0.7640625 0.034375 0.03046875
1 0.59609375 0.77265625 0.03828125 0.0296875
1 0.5796875 0.7375 0.02890625 0.02421875
1 0.490625 0.784375 0.028125 0.03203125
1 0.3984375 0.69609375 0.03046875 0.021875
1 0.30859375 0.690625 0.0265625 0.01875
1 0.340625 0.7921875 0.03671875 0.0265625
1 0.13515625 0.71171875 0.03984375 0.01796875
1 0.12734375 0.6953125 0.03828125 0.02265625
1 0.06171875 0.63359375 0.04140625 0.02421875
1 0.04140625 0.59609375 0.04140625 0.0203125
1 0.11796875 0.47890625 0.03515625 0.0296875
1 0.0390625 0.446875 0.02578125 0.0328125
1 0.0171875 0.41328125 0.03359375 0.01953125
1 0.02421875 0.38828125 0.040625 0.028125
1 0.07265625 0.3046875 0.02734375 0.0328125
1 0.36171875 0.3515625 0.0296875 0.0203125