1 0.86484375 0.92734375 0.015625 0.046875
1 0.8921875 0.90546875 0.021875 0.0453125
1 0.9234375 0.9125 0.0265625 0.053125
1 0.9171875 0.8765625 0.015625 0.053125
1 0.9015625 0.85234375 0.015625 0.053125
1 0.81953125 0.79375 0.028125 0.040625
1 0.85859375 0.75859375 0.01875 0.0453125
1 0.87890625 0.753125 0.021875 0.0515625
1 0.7796875 0.89453125 0.01875 0.059375
1 0.8125 0.89296875 0.01875 0.05625
1 0.78515625 0.71171875 0.021875 0.034375
1 0.79296875 0.66171875 0.034375 0.03125
1 0.753125 0.54140625 0.0359375 0.0421875
1 0.703125 0.43203125 0.021875 0.046875
1 0.86796875 0.68671875 0.021875 0.040625
1 0.875 0.57890625 0.0203125 0.046875
1 0.8703125 0.48984375 0.0171875 0.0515625
1 0.7453125 0.19453125 0.028125 0.034375
1 0.7375 0.15703125 0.0328125 0.0296875
1 0.86015625 0.3359375 0.025 0.05
1 0.81640625 0.0265625 0.0296875 0.034375
1 0.7984375 0.184375 0.021875 0.0296875
1 0.83359375 0.29453125 0.01875 0.03125
1 0.82578125 0.2515625 0.0171875 0.0296875
1 0.8234375 0.534375 0.025 0.0359375
1 0.8625 0.54375 0.01875 0.046875
1 0.79921875 0.45546875 0.0265625 0.025
1 0.8 0.42265625 0.01875 0.025
1 0.80546875 0.36953125 0.021875 0.0296875
1 0.76796875 0.28671875 0.025 0.028125
1 0.78203125 0.2828125 0.0296875 0.03125
1 0.74609375 0.43046875 0.0296875 0.028125
1 0.81328125 0.5 0.01875 0.0234375
1 0.6765625 0.33828125 0.028125 0.0265625
1 0.68046875 0.3203125 0.034375 0.01875
1 0.64375 0.4203125 0.025 0.01875
1 0.5671875 0.41875 0.028125 0.03125
1 0.56953125 0.4 0.028125 0.0234375
1 0.5625 0.32109375 0.03125 0.0296875
1 0.4953125 0.34921875 0.034375 0.0234375
1 0.49140625 0.3265625 0.040625 0.021875
1 0.52109375 0.303125 0.0359375 0.0265625
1 0.53828125 0.296875 0.034375 0.025
1 0.4375 0.26796875 0.034375 0.034375
1 0.46015625 0.38984375 0.0375 0.025
1 0.38671875 0.50078125 0.028125 0.0328125
1 0.31640625 0.63125 0.040625 0.03125
1 0.31171875 0.60546875 0.034375 0.0375
1 0.2203125 0.55546875 0.03125 0.040625
1 0.22265625 0.434375 0.03125 0.0203125
1 0.1765625 0.52109375 0.021875 0.046875
1 0.1203125 0.5328125 0.03125 0.03125
1 0.05390625 0.35703125 0.021875 0.0640625
1 0.0359375 0.465625 0.03125 0.03125
1 0.021875 0.5109375 0.028125 0.05
1 0.04453125 0.525 0.025 0.034375
1 0.025 0.496875 0.021875 0.040625
1 0.0234375 0.63828125 0.01875 0.0609375
1 0.03125 0.75234375 0.021875 0.05625
1 0.05078125 0.59375 0.021875 0.0296875
1 0.0703125 0.8734375 0.0203125 0.04375
1 0.03046875 0.87890625 0.021875 0.0421875
1 0.0515625 0.83515625 0.0203125 0.04375
1 0.13828125 0.81484375 0.0328125 0.0421875
1 0.18359375 0.8625 0.03125 0.0265625
1 0.2390625 0.8140625 0.0296875 0.03125
1 0.55390625 0.7875 0.03125 0.025
1 0.675 0.73125 0.01875 0.028125