1 0.59921875 0.06171875 0.03359375 0.059375
1 0.62890625 0.021875 0.03515625 0.04375
1 0.625 0.1171875 0.03203125 0.0671875
1 0.75 0.20703125 0.05 0.08359375
1 0.95234375 0.22265625 0.05234375 0.06484375
1 0.56796875 0.321875 0.05703125 0.0546875
1 0.49453125 0.3515625 0.03671875 0.053125
1 0.5203125 0.33515625 0.03359375 0.059375
1 0.53828125 0.26953125 0.07890625 0.0265625
1 0.4984375 0.5109375 0.04453125 0.04921875
1 0.41640625 0.48203125 0.0875 0.034375
1 0.3453125 0.5796875 0.0703125 0.03046875
1 0.35390625 0.59921875 0.0390625 0.05703125
1 0.2984375 0.74453125 0.03828125 0.053125
1 0.33046875 0.690625 0.053125 0.0296875
1 0.30234375 0.709375 0.05859375 0.0265625
1 0.40078125 0.84609375 0.05390625 0.03828125
1 0.44609375 0.71484375 0.06953125 0.03828125
1 0.478125 0.66171875 0.07265625 0.02890625
1 0.52578125 0.83828125 0.0828125 0.02578125
1 0.57890625 0.859375 0.07890625 0.028125
1 0.9265625 0.78203125 0.046875 0.05390625