1 0.15078125 0.52890625 0.059375 0.06875
1 0.20859375 0.77734375 0.04375 0.059375
1 0.9203125 0.4796875 0.046875 0.075
1 0.60234375 0.896875 0.0328125 0.05
1 0.596875 0.8640625 0.028125 0.0421875
1 0.58671875 0.93203125 0.034375 0.05625
1 0.56484375 0.778125 0.0234375 0.0390625
1 0.540625 0.76953125 0.021875 0.03125
1 0.62578125 0.77109375 0.025 0.0375
1 0.60390625 0.775 0.021875 0.04375
1 0.5859375 0.79375 0.01875 0.034375
1 0.6 0.70859375 0.03125 0.053125
1 0.51015625 0.8890625 0.034375 0.034375
1 0.8125 0.6296875 0.021875 0.028125
1 0.8015625 0.2734375 0.028125 0.05
1 0.67734375 0.11015625 0.028125 0.053125
1 0.7171875 0.1453125 0.028125 0.059375
1 0.5171875 0.0796875 0.03125 0.028125
1 0.51484375 0.1078125 0.028125 0.03125
1 0.38046875 0.11953125 0.03125 0.0375
1 0.2875 0.278125 0.0234375 0.040625
1 0.26875 0.26328125 0.0234375 0.03125
1 0.23828125 0.353125 0.021875 0.034375
1 0.296875 0.31171875 0.021875 0.028125
1 0.284375 0.3765625 0.028125 0.0390625
1 0.25078125 0.44140625 0.021875 0.034375
1 0.25 0.490625 0.0234375 0.0296875
1 0.3265625 0.56875 0.025 0.0328125
1 0.30625 0.6453125 0.01875 0.03125
1 0.26484375 0.54296875 0.021875 0.040625
1 0.28515625 0.58046875 0.0234375 0.0375
1 0.25625 0.60703125 0.01875 0.0359375
1 0.27109375 0.66484375 0.0296875 0.034375
1 0.2765625 0.70390625 0.028125 0.040625
1 0.534375 0.4703125 0.021875 0.04375
1 0.73203125 0.51953125 0.0375 0.046875