1 0.37109375 0.146875 0.03828125 0.04765625
1 0.39609375 0.215625 0.0625 0.0484375
1 0.4921875 0.21484375 0.05546875 0.05703125
1 0.53359375 0.15703125 0.03984375 0.075
1 0.7171875 0.18046875 0.08359375 0.05078125
1 0.77734375 0.2375 0.05234375 0.07109375
1 0.5515625 0.39609375 0.059375 0.04453125
1 0.6453125 0.39765625 0.04296875 0.06484375
1 0.4109375 0.6875 0.0484375 0.078125
1 0.465625 0.7078125 0.04296875 0.06328125
1 0.44375 0.8484375 0.07421875 0.07890625
1 0.63515625 0.88125 0.06171875 0.06875
1 0.934375 0.6875 0.0734375 0.07890625