1 0.7234375 0.01953125 0.04609375 0.03828125
1 0.77421875 0.028125 0.05 0.05625
1 0.49140625 0.13203125 0.04765625 0.06484375
1 0.43203125 0.24140625 0.0484375 0.05390625
1 0.490625 0.25703125 0.034375 0.05234375
1 0.62890625 0.225 0.0484375 0.06953125
1 0.44765625 0.471875 0.05078125 0.05078125
1 0.45703125 0.53359375 0.04609375 0.0765625
1 0.4328125 0.66484375 0.0515625 0.08515625
1 0.43359375 0.74453125 0.05703125 0.08828125
1 0.5015625 0.74765625 0.0453125 0.10859375
1 0.6265625 0.928125 0.06015625 0.06875
1 0.67421875 0.90703125 0.059375 0.09765625