1 0.16875 0.10390625 0.04609375 0.01484375
1 0.27578125 0.1 0.03515625 0.021875
1 0.30390625 0.14375 0.04453125 0.021875
1 0.30390625 0.125 0.03515625 0.0171875
1 0.3109375 0.11875 0.04765625 0.015625
1 0.53125 0.1375 0.04140625 0.0171875
1 0.596875 0.16484375 0.03671875 0.01484375
1 0.6109375 0.15078125 0.0359375 0.01875
1 0.6125 0.1296875 0.03984375 0.025
1 0.646875 0.16328125 0.04765625 0.021875
1 0.65625 0.1765625 0.034375 0.0171875
1 0.56015625 0.16015625 0.040625 0.01328125
1 0.8609375 0.2546875 0.03359375 0.02578125
1 0.71015625 0.2828125 0.03359375 0.02578125
1 0.58125 0.29296875 0.03046875 0.03203125
1 0.59296875 0.2796875 0.0359375 0.02734375
1 0.59921875 0.2640625 0.0265625 0.0375
1 0.60859375 0.26015625 0.0265625 0.02734375
1 0.6421875 0.24375 0.02578125 0.02734375
1 0.5671875 0.2234375 0.040625 0.0234375
1 0.49765625 0.30859375 0.02578125 0.034375
1 0.51484375 0.296875 0.02890625 0.0265625
1 0.44140625 0.28046875 0.0296875 0.03125
1 0.44609375 0.23359375 0.04765625 0.01953125
1 0.7171875 0.32109375 0.03984375 0.01953125
1 0.64609375 0.38984375 0.02734375 0.040625
1 0.596875 0.33828125 0.04609375 0.01484375
1 0.49140625 0.4703125 0.04140625 0.02578125
1 0.525 0.4546875 0.0328125 0.02890625
1 0.63671875 0.465625 0.0359375 0.02265625
1 0.4453125 0.42890625 0.03984375 0.0203125
1 0.42109375 0.478125 0.02734375 0.0328125
1 0.3359375 0.5390625 0.03515625 0.02890625
1 0.33203125 0.52421875 0.04375 0.02734375
1 0.409375 0.55 0.025 0.0359375
1 0.2421875 0.653125 0.0265625 0.040625
1 0.49296875 0.80546875 0.021875 0.0359375
1 0.58515625 0.91171875 0.05625 0.02734375
1 0.6046875 0.9765625 0.021875 0.0375
1 0.3421875 0.98984375 0.053125 0.0203125
1 0.3453125 0.96640625 0.03515625 0.0265625
1 0.340625 0.94453125 0.02890625 0.0359375
1 0.384375 0.946875 0.02578125 0.02734375
1 0.3875 0.90625 0.02265625 0.0359375
1 0.415625 0.9046875 0.034375 0.03671875
1 0.4359375 0.94921875 0.0296875 0.02890625
1 0.3 0.97421875 0.025 0.03359375
1 0.18671875 0.9828125 0.0671875 0.02109375
1 0.1296875 0.97890625 0.0484375 0.01640625
1 0.1578125 0.965625 0.01484375 0.02890625
1 0.08203125 0.978125 0.04609375 0.0203125
1 0.025 0.94375 0.0421875 0.021875
1 0.0921875 0.95546875 0.0546875 0.01796875
1 0.0828125 0.94375 0.04140625 0.01875
1 0.23515625 0.89140625 0.0390625 0.03203125
1 0.078125 0.88671875 0.040625 0.025
1 0.15078125 0.73046875 0.0328125 0.03359375
1 0.11640625 0.659375 0.02734375 0.02421875
1 0.35703125 0.29296875 0.0328125 0.02734375
1 0.2796875 0.2890625 0.03515625 0.02890625
1 0.21328125 0.27265625 0.0359375 0.01953125
1 0.27265625 0.22734375 0.04765625 0.03046875
1 0.1921875 0.19921875 0.0390625 0.025
1 0.1828125 0.17265625 0.03203125 0.01953125
1 0.14453125 0.21640625 0.040625 0.01640625