1 0.846875 0.0421875 0.01875 0.034375
1 0.796875 0.07421875 0.0328125 0.0203125
1 0.75078125 0.08203125 0.0390625 0.0140625
1 0.6734375 0.0734375 0.05 0.021875
1 0.68046875 0.05546875 0.05 0.0171875
1 0.6015625 0.0796875 0.0375 0.0140625
1 0.7109375 0.1109375 0.040625 0.0125
1 0.76640625 0.115625 0.0328125 0.0203125
1 0.8890625 0.0921875 0.021875 0.01875
1 0.79765625 0.2125 0.028125 0.028125
1 0.53046875 0.07265625 0.046875 0.0140625
1 0.33671875 0.13671875 0.046875 0.021875
1 0.309375 0.11640625 0.040625 0.01875
1 0.27265625 0.12734375 0.0265625 0.03125
1 0.31171875 0.22578125 0.0234375 0.028125
1 0.28671875 0.22265625 0.01875 0.03125
1 0.2828125 0.190625 0.028125 0.03125
1 0.26484375 0.18125 0.0375 0.025
1 0.37734375 0.2703125 0.040625 0.040625
1 0.50234375 0.1734375 0.04375 0.01875
1 0.453125 0.18359375 0.0359375 0.0171875
1 0.4265625 0.2171875 0.0234375 0.028125
1 0.465625 0.28671875 0.03125 0.028125
1 0.4703125 0.26171875 0.025 0.0296875
1 0.4515625 0.3390625 0.01875 0.0296875
1 0.44921875 0.3078125 0.03125 0.025
1 0.42421875 0.29453125 0.0265625 0.03125
1 0.659375 0.32421875 0.040625 0.028125
1 0.41328125 0.39296875 0.040625 0.028125
1 0.4 0.36171875 0.04375 0.01875
1 0.36640625 0.36484375 0.0390625 0.0375
1 0.6734375 0.4859375 0.0421875 0.021875
1 0.5953125 0.53359375 0.025 0.034375
1 0.4140625 0.45703125 0.05625 0.021875
1 0.409375 0.46171875 0.03125 0.025
1 0.459375 0.63203125 0.053125 0.0265625
1 0.3796875 0.62421875 0.0328125 0.0375
1 0.70703125 0.6875 0.034375 0.03125
1 0.88984375 0.69453125 0.04375 0.015625
1 0.840625 0.75078125 0.0375 0.028125
1 0.659375 0.7421875 0.053125 0.0265625
1 0.5640625 0.70859375 0.028125 0.03125
1 0.534375 0.72890625 0.021875 0.034375
1 0.4234375 0.78984375 0.03125 0.0328125
1 0.42734375 0.75703125 0.028125 0.03125
1 0.58125 0.803125 0.0421875 0.028125
1 0.3046875 0.77421875 0.028125 0.034375
1 0.753125 0.8015625 0.0375 0.0203125
1 0.6 0.91875 0.0390625 0.03125
1 0.58671875 0.94921875 0.03125 0.03125
1 0.5953125 0.91953125 0.021875 0.034375
1 0.35234375 0.93515625 0.0359375 0.025
1 0.95546875 0.940625 0.053125 0.01875
1 0.94140625 0.92265625 0.0640625 0.0171875
1 0.96328125 0.90703125 0.05 0.025
1 0.90625 0.90859375 0.059375 0.01875
1 0.87109375 0.93671875 0.05 0.021875
1 0.76015625 0.9234375 0.0515625 0.021875
1 0.38203125 0.11171875 0.040625 0.021875