1 0.04765625 0.86640625 0.028125 0.05
1 0.01875 0.87265625 0.034375 0.034375
1 0.0078125 0.87578125 0.015625 0.0375
1 0.025 0.7203125 0.01875 0.059375
1 0.03125 0.66796875 0.0234375 0.05
1 0.03125 0.621875 0.025 0.0375
1 0.040625 0.41796875 0.021875 0.071875
1 0.04609375 0.43515625 0.0171875 0.0453125
1 0.0546875 0.34296875 0.021875 0.04375
1 0.07265625 0.2390625 0.021875 0.05625
1 0.04609375 0.221875 0.025 0.05625
1 0.096875 0.37734375 0.028125 0.0453125
1 0.05546875 0.16171875 0.021875 0.046875
1 0.07109375 0.09453125 0.028125 0.0484375
1 0.05546875 0.1078125 0.0203125 0.0375
1 0.06015625 0.8078125 0.025 0.05
1 0.08984375 0.74609375 0.0265625 0.053125
1 0.06640625 0.7171875 0.0203125 0.05
1 0.07890625 0.640625 0.021875 0.0421875
1 0.1015625 0.8234375 0.028125 0.034375
1 0.09609375 0.85390625 0.0296875 0.0421875
1 0.0609375 0.9109375 0.021875 0.046875
1 0.1234375 0.95234375 0.0359375 0.0234375
1 0.0921875 0.92109375 0.028125 0.034375
1 0.065625 0.909375 0.03125 0.03125
1 0.11640625 0.97578125 0.03125 0.028125
1 0.09921875 0.9546875 0.025 0.0328125
1 0.125 0.81171875 0.0203125 0.04375
1 0.11484375 0.71328125 0.0171875 0.046875
1 0.1609375 0.55859375 0.025 0.046875
1 0.13359375 0.56875 0.0234375 0.04375
1 0.15703125 0.60703125 0.0203125 0.04375
1 0.171875 0.91796875 0.025 0.034375
1 0.18984375 0.990625 0.034375 0.01875
1 0.2296875 0.92265625 0.0265625 0.0328125
1 0.1515625 0.515625 0.025 0.0421875
1 0.16796875 0.38984375 0.021875 0.0375
1 0.1765625 0.30625 0.015625 0.040625
1 0.2265625 0.28203125 0.021875 0.0375
1 0.1421875 0.21015625 0.015625 0.034375
1 0.1359375 0.19140625 0.0296875 0.03125
1 0.11484375 0.1953125 0.01875 0.0375
1 0.228125 0.175 0.028125 0.0390625
1 0.21015625 0.1640625 0.028125 0.0359375
1 0.2484375 0.11171875 0.0328125 0.028125
1 0.07578125 0.14765625 0.0203125 0.03125
1 0.2671875 0.0984375 0.0265625 0.021875
1 0.30078125 0.63984375 0.025 0.040625
1 0.27578125 0.871875 0.0296875 0.0234375
1 0.3 0.96015625 0.028125 0.025
1 0.34765625 0.98359375 0.0296875 0.028125
1 0.39609375 0.9859375 0.03125 0.028125
1 0.3796875 0.990625 0.0296875 0.01875
1 0.45859375 0.421875 0.025 0.034375
1 0.4546875 0.51328125 0.01875 0.04375
1 0.4578125 0.21953125 0.021875 0.0421875
1 0.44375 0.2171875 0.0328125 0.0265625
1 0.43515625 0.20390625 0.0296875 0.0265625
1 0.4109375 0.15078125 0.028125 0.0359375
1 0.35703125 0.10859375 0.028125 0.021875
1 0.371875 0.103125 0.03125 0.028125
1 0.38359375 0.0640625 0.0296875 0.0296875
1 0.36796875 0.0546875 0.034375 0.025
1 0.42109375 0.10234375 0.0296875 0.028125
1 0.46796875 0.0984375 0.028125 0.0328125
1 0.47578125 0.16796875 0.0359375 0.025
1 0.48046875 0.08359375 0.028125 0.0328125
1 0.51953125 0.08984375 0.025 0.025
1 0.54375 0.1796875 0.021875 0.04375
1 0.56796875 0.09296875 0.03125 0.0390625
1 0.55859375 0.08046875 0.0296875 0.034375
1 0.57421875 0.18359375 0.025 0.046875
1 0.60078125 0.17421875 0.025 0.028125
1 0.64609375 0.2296875 0.025 0.0328125
1 0.6484375 0.278125 0.03125 0.0328125
1 0.64140625 0.259375 0.0375 0.0375
1 0.63203125 0.234375 0.028125 0.0359375
1 0.6 0.3078125 0.0203125 0.0421875
1 0.54296875 0.3296875 0.028125 0.04375
1 0.54453125 0.3875 0.028125 0.034375
1 0.54296875 0.36875 0.03125 0.040625
1 0.5265625 0.3875 0.0234375 0.046875
1 0.565625 0.46015625 0.0234375 0.05625
1 0.55859375 0.53515625 0.021875 0.0453125
1 0.5796875 0.41640625 0.0296875 0.03125
1 0.66953125 0.403125 0.021875 0.040625
1 0.72421875 0.434375 0.021875 0.028125
1 0.7015625 0.440625 0.021875 0.034375
1 0.6984375 0.44609375 0.0375 0.0328125
1 0.7359375 0.47109375 0.0265625 0.046875
1 0.728125 0.49296875 0.025 0.05625
1 0.74765625 0.571875 0.0328125 0.046875
1 0.6484375 0.64453125 0.021875 0.0375
1 0.61953125 0.603125 0.025 0.0296875
1 0.66796875 0.73671875 0.025 0.04375
1 0.665625 0.7015625 0.01875 0.0375
1 0.6484375 0.7578125 0.021875 0.0453125
1 0.74765625 0.7421875 0.0234375 0.0421875
1 0.7328125 0.75546875 0.0234375 0.03125
1 0.80625 0.609375 0.01875 0.03125
1 0.853125 0.72734375 0.0234375 0.0375
1 0.93125 0.7796875 0.003125 0.003125
1 0.87734375 0.94140625 0.028125 0.021875
1 0.89921875 0.903125 0.025 0.040625
1 0.87421875 0.89609375 0.01875 0.046875
1 0.92109375 0.8796875 0.028125 0.040625
1 0.896875 0.853125 0.0265625 0.034375
1 0.91875 0.82265625 0.028125 0.034375
1 0.9140625 0.9234375 0.025 0.05
1 0.82109375 0.8828125 0.025 0.0421875
1 0.80546875 0.90234375 0.0328125 0.0359375
1 0.75546875 0.96171875 0.0375 0.034375
1 0.76484375 0.9421875 0.01875 0.0421875
1 0.71484375 0.94375 0.028125 0.034375
1 0.64375 0.97109375 0.028125 0.0359375
1 0.6203125 0.95625 0.03125 0.028125
1 0.58203125 0.9625 0.034375 0.0296875
1 0.5796875 0.92734375 0.0296875 0.034375
1 0.546875 0.91640625 0.03125 0.0265625
1 0.49765625 0.9171875 0.0328125 0.03125
1 0.4484375 0.984375 0.028125 0.028125
1 0.5171875 0.95546875 0.034375 0.025