1 0.97421875 0.071875 0.03125 0.021875
1 0.9203125 0.0875 0.04375 0.01875
1 0.80234375 0.09375 0.0546875 0.01875
1 0.803125 0.0828125 0.0421875 0.01875
1 0.7125 0.1421875 0.028125 0.0296875
1 0.6640625 0.109375 0.0453125 0.021875
1 0.9875 0.121875 0.025 0.021875
1 0.94453125 0.14453125 0.04375 0.021875
1 0.78203125 0.1953125 0.0453125 0.028125
1 0.878125 0.15 0.034375 0.028125
1 0.46015625 0.13125 0.040625 0.015625
1 0.4421875 0.1109375 0.04375 0.015625
1 0.24921875 0.165625 0.0375 0.025
1 0.375 0.1890625 0.0296875 0.0296875
1 0.36796875 0.15546875 0.034375 0.01875
1 0.3984375 0.12421875 0.046875 0.0140625
1 0.10234375 0.2328125 0.0296875 0.028125
1 0.2828125 0.2609375 0.0359375 0.0328125
1 0.2609375 0.27109375 0.0375 0.0328125
1 0.82265625 0.26015625 0.04375 0.021875
1 0.790625 0.284375 0.03125 0.028125
1 0.590625 0.2671875 0.046875 0.0265625
1 0.6953125 0.3734375 0.03125 0.034375
1 0.50703125 0.31796875 0.028125 0.03125
1 0.41484375 0.36953125 0.040625 0.0171875
1 0.48359375 0.42578125 0.0421875 0.0234375
1 0.4796875 0.3953125 0.0375 0.0296875
1 0.44765625 0.21953125 0.0375 0.0265625
1 0.403125 0.22265625 0.034375 0.03125
1 0.45390625 0.19375 0.0390625 0.01875
1 0.34609375 0.30859375 0.03125 0.0375
1 0.325 0.34296875 0.025 0.034375
1 0.37578125 0.44609375 0.025 0.03125
1 0.56875 0.48671875 0.0375 0.021875
1 0.5453125 0.45546875 0.025 0.0390625
1 0.71171875 0.56640625 0.0515625 0.03125
1 0.615625 0.528125 0.028125 0.034375
1 0.4203125 0.6140625 0.03125 0.0328125
1 0.4703125 0.67578125 0.04375 0.0328125
1 0.3078125 0.53828125 0.028125 0.0359375
1 0.30625 0.5828125 0.0375 0.040625
1 0.70859375 0.7296875 0.04375 0.040625
1 0.7109375 0.7234375 0.0625 0.028125
1 0.4296875 0.7796875 0.04375 0.025
1 0.36171875 0.8125 0.040625 0.03125
1 0.3671875 0.7765625 0.028125 0.0375
1 0.34296875 0.765625 0.034375 0.034375
1 0.90625 0.934375 0.053125 0.021875
1 0.91171875 0.9140625 0.05 0.0234375
1 0.93046875 0.90078125 0.059375 0.0234375
1 0.42109375 0.88984375 0.034375 0.040625
1 0.47890625 0.965625 0.040625 0.0265625
1 0.46328125 0.94453125 0.053125 0.0265625
1 0.5984375 0.96953125 0.04375 0.0203125
1 0.5671875 0.959375 0.046875 0.0296875
1 0.671875 0.9625 0.0578125 0.021875
1 0.6734375 0.90546875 0.0421875 0.0265625
1 0.640625 0.92109375 0.03125 0.028125
1 0.83203125 0.9578125 0.0515625 0.021875
1 0.7609375 0.984375 0.0375 0.03125
1 0.77109375 0.94765625 0.05 0.0203125
1 0.73125 0.94140625 0.053125 0.015625
1 0.9796875 0.8765625 0.040625 0.0265625
1 0.98671875 0.859375 0.0265625 0.025