1 0.58125 0.5546875 0.0703125 0.0625
1 0.459375 0.72734375 0.0578125 0.0703125
1 0.3296875 0.94375 0.05 0.0921875
1 0.24140625 0.6625 0.065625 0.06875
1 0.0734375 0.45 0.0609375 0.0609375
1 0.0484375 0.5171875 0.0546875 0.053125
1 0.11640625 0.515625 0.053125 0.0453125
1 0.05703125 0.7 0.05625 0.059375
1 0.73359375 0.665625 0.05625 0.0625
1 0.796875 0.6203125 0.06875 0.0546875
1 0.859375 0.67109375 0.0578125 0.0671875
1 0.91484375 0.66953125 0.065625 0.0671875
1 0.43125 0.46875 0.053125 0.053125
1 0.21875 0.41875 0.071875 0.05
1 0.225 0.46171875 0.0625 0.075